person_age,person_income,person_home_ownership,person_emp_length,loan_intent,loan_grade,loan_amnt,loan_int_rate,loan_status,loan_percent_income,cb_person_default_on_file,cb_person_cred_hist_length,loan_date_adquired
25,9600,MORTGAGE,1.0,MEDICAL,C,5500,12.87,1,0.57,N,3,2024-12-08
23,65500,RENT,4.0,MEDICAL,C,35000,15.23,1,0.53,N,2,2024-06-06
24,54400,RENT,8.0,MEDICAL,C,35000,14.27,1,0.55,Y,4,2024-03-15
26,77100,RENT,8.0,EDUCATION,B,35000,12.42,1,0.45,N,3,2024-11-27
24,78956,RENT,5.0,MEDICAL,B,35000,11.11,1,0.44,N,4,2024-05-27
24,83000,RENT,8.0,PERSONAL,A,35000,8.9,1,0.42,N,2,2024-06-04
22,85000,RENT,6.0,VENTURE,B,35000,10.37,1,0.41,N,4,2024-08-14
23,95000,RENT,2.0,VENTURE,A,35000,7.9,1,0.37,N,2,2024-10-03
26,108160,RENT,4.0,EDUCATION,E,35000,18.39,1,0.32,N,4,2024-11-05
23,115000,RENT,2.0,EDUCATION,A,35000,7.9,0,0.3,N,4,2024-04-09
23,500000,MORTGAGE,7.0,DEBTCONSOLIDATION,B,30000,10.65,0,0.06,N,3,2024-06-05
23,92111,RENT,7.0,MEDICAL,F,35000,20.25,1,0.32,N,4,2024-01-01
23,113000,RENT,8.0,DEBTCONSOLIDATION,D,35000,18.25,1,0.31,N,4,2024-05-14
24,10800,MORTGAGE,8.0,EDUCATION,B,1750,10.99,1,0.16,N,2,2024-03-22
25,162500,RENT,2.0,VENTURE,A,35000,7.49,0,0.22,N,4,2024-05-29
25,137000,RENT,9.0,PERSONAL,E,34800,16.77,0,0.25,Y,2,2024-02-01
22,65000,RENT,4.0,EDUCATION,D,34000,17.58,1,0.52,N,4,2024-08-16
22,80000,RENT,3.0,PERSONAL,D,33950,14.54,1,0.42,Y,4,2024-04-15
24,67746,RENT,8.0,HOMEIMPROVEMENT,C,33000,12.68,1,0.49,N,3,2024-08-12
24,65000,RENT,6.0,HOMEIMPROVEMENT,B,32500,9.99,1,0.5,N,3,2024-12-13
25,120000,RENT,2.0,VENTURE,A,32000,6.62,0,0.27,N,2,2024-02-23
26,95000,RENT,7.0,HOMEIMPROVEMENT,C,31050,14.17,1,0.33,Y,3,2024-03-14
25,306000,RENT,2.0,DEBTCONSOLIDATION,C,24250,13.85,0,0.08,N,3,2024-08-16
26,300000,MORTGAGE,10.0,MEDICAL,C,7800,13.49,0,0.03,N,4,2024-05-02
22,48000,RENT,1.0,EDUCATION,E,30000,18.39,1,0.63,N,2,2024-05-23
24,64000,RENT,8.0,DEBTCONSOLIDATION,D,30000,14.54,1,0.47,Y,3,2024-12-16
25,75000,RENT,4.0,HOMEIMPROVEMENT,D,30000,16.89,1,0.4,Y,4,2024-04-10
23,71500,RENT,3.0,DEBTCONSOLIDATION,D,30000,11.013786929274843,1,0.42,N,4,2024-02-21
26,62050,RENT,6.0,MEDICAL,E,30000,17.99,1,0.41,N,2,2024-01-08
24,12000,OWN,4.0,VENTURE,B,2500,12.69,1,0.21,N,3,2024-08-04
26,300000,MORTGAGE,10.0,VENTURE,A,20000,7.88,0,0.07,N,4,2024-07-04
23,300000,OWN,1.0,EDUCATION,F,24250,19.41,0,0.08,Y,2,2024-01-31
26,300000,OWN,9.0,HOMEIMPROVEMENT,B,10000,10.38,0,0.03,N,4,2024-10-07
25,300000,MORTGAGE,9.0,HOMEIMPROVEMENT,E,18000,16.45,0,0.06,N,3,2024-01-25
26,80690,RENT,8.0,PERSONAL,A,30000,7.49,1,0.37,N,3,2024-12-12
22,66300,RENT,4.0,MEDICAL,B,30000,12.69,1,0.38,N,3,2024-03-06
24,78000,RENT,4.0,DEBTCONSOLIDATION,D,30000,11.013786929274843,1,0.38,Y,4,2024-11-14
23,78000,RENT,7.0,DEBTCONSOLIDATION,F,30000,18.62,1,0.38,Y,3,2024-10-23
23,92004,RENT,6.0,PERSONAL,C,30000,15.23,1,0.33,Y,3,2024-11-25
23,97000,RENT,7.0,VENTURE,B,30000,10.65,1,0.31,N,2,2024-05-04
25,120000,RENT,9.0,EDUCATION,A,30000,7.9,0,0.25,N,4,2024-07-25
26,280000,RENT,4.0,PERSONAL,C,10000,15.96,0,0.04,Y,3,2024-08-14
23,277000,OWN,3.0,PERSONAL,A,35000,11.013786929274843,0,0.13,N,4,2024-08-23
25,128000,RENT,9.0,PERSONAL,A,30000,7.29,0,0.23,N,4,2024-05-15
24,12000,OWN,2.0,VENTURE,E,1750,11.013786929274843,0,0.15,Y,3,2024-11-29
22,275000,OWN,6.0,VENTURE,B,12000,11.58,0,0.04,N,2,2024-11-12
25,221850,MORTGAGE,9.0,MEDICAL,D,25000,15.7,1,0.1,N,2,2024-11-09
22,70000,RENT,6.0,EDUCATION,D,29100,15.99,1,0.42,N,3,2024-06-27
22,12000,MORTGAGE,7.0,EDUCATION,D,1500,14.84,0,0.13,Y,3,2024-05-14
26,260000,OWN,10.0,HOMEIMPROVEMENT,B,28000,10.99,0,0.11,N,3,2024-08-20
25,259000,MORTGAGE,9.0,HOMEIMPROVEMENT,D,20000,14.42,0,0.08,Y,2,2024-09-20
24,255000,MORTGAGE,9.0,EDUCATION,A,9600,6.99,0,0.04,N,2,2024-12-13
25,250000,RENT,2.0,MEDICAL,C,25000,13.49,0,0.1,N,4,2024-09-01
22,56950,RENT,6.0,MEDICAL,A,28000,11.013786929274843,1,0.49,N,2,2024-09-15
23,65000,RENT,2.0,EDUCATION,A,28000,7.9,1,0.43,N,2,2024-01-28
26,85000,RENT,2.0,VENTURE,A,28000,7.49,1,0.33,N,3,2024-07-25
26,12000,OWN,2.0,EDUCATION,A,6100,7.51,1,0.51,N,3,2024-10-14
22,88000,RENT,6.0,VENTURE,B,28000,9.91,1,0.32,N,3,2024-02-17
22,12000,OWN,6.0,DEBTCONSOLIDATION,A,4750,7.14,1,0.4,N,2,2024-03-01
24,250000,RENT,2.0,EDUCATION,C,18000,12.98,0,0.07,Y,3,2024-08-24
25,100000,RENT,5.0,DEBTCONSOLIDATION,B,28000,12.69,0,0.28,N,3,2024-03-27
26,110000,RENT,10.0,EDUCATION,A,28000,8.9,0,0.25,N,2,2024-06-22
22,108000,RENT,6.0,EDUCATION,B,28000,11.013786929274843,1,0.26,N,4,2024-01-18
23,151200,RENT,7.0,DEBTCONSOLIDATION,B,28000,11.11,0,0.19,N,2,2024-05-30
24,69000,RENT,2.0,HOMEIMPROVEMENT,A,27600,11.013786929274843,1,0.4,N,2,2024-07-26
22,70000,RENT,4.0,EDUCATION,C,27500,13.06,1,0.39,Y,3,2024-05-06
22,240000,OWN,6.0,PERSONAL,B,25000,11.013786929274843,0,0.1,N,2,2024-11-28
26,73200,RENT,5.0,VENTURE,D,27050,15.62,1,0.37,Y,2,2024-01-28
24,83000,RENT,5.0,PERSONAL,C,27000,13.49,1,0.33,Y,2,2024-06-20
23,62500,RENT,7.0,MEDICAL,B,26000,11.71,1,0.42,N,2,2024-02-29
23,120000,RENT,1.0,EDUCATION,B,25600,12.69,0,0.21,N,3,2024-07-19
24,12360,OWN,2.0,MEDICAL,C,1600,13.57,0,0.13,N,3,2024-02-09
25,234000,MORTGAGE,3.0,MEDICAL,C,20000,14.27,0,0.09,Y,4,2024-02-03
24,234000,OWN,8.0,HOMEIMPROVEMENT,B,20000,8.88,0,0.09,N,4,2024-10-07
26,234000,MORTGAGE,10.0,HOMEIMPROVEMENT,B,21600,12.18,0,0.09,N,3,2024-10-07
25,221004,MORTGAGE,6.0,DEBTCONSOLIDATION,D,11900,14.42,1,0.05,Y,3,2024-01-21
25,230000,MORTGAGE,5.0,MEDICAL,C,35000,13.99,0,0.15,N,4,2024-11-10
23,83000,RENT,7.0,EDUCATION,B,25300,10.99,1,0.3,N,3,2024-03-06
25,12600,OWN,3.0,PERSONAL,C,1750,13.61,0,0.14,N,3,2024-05-10
24,41000,RENT,2.0,HOMEIMPROVEMENT,D,25000,11.013786929274843,1,0.61,N,3,2024-07-18
24,12960,MORTGAGE,1.0,HOMEIMPROVEMENT,B,3650,9.91,1,0.28,N,3,2024-08-20
26,226000,MORTGAGE,4.0,HOMEIMPROVEMENT,B,20000,11.49,0,0.09,N,4,2024-07-23
26,213000,MORTGAGE,6.0,EDUCATION,B,35000,10.65,1,0.16,N,2,2024-03-23
22,42000,RENT,6.0,MEDICAL,D,25000,14.59,1,0.6,Y,2,2024-09-29
26,48000,RENT,2.0,EDUCATION,B,25000,9.64,1,0.52,N,4,2024-10-10
25,12996,OWN,1.0,MEDICAL,D,3600,14.59,1,0.28,N,3,2024-09-12
22,12996,OWN,1.0,EDUCATION,B,4750,11.013786929274843,1,0.37,N,3,2024-07-10
25,42360,RENT,1.0,EDUCATION,E,25000,16.35,1,0.59,Y,3,2024-06-09
26,225000,RENT,1.0,EDUCATION,A,3000,9.32,0,0.01,N,4,2024-04-14
23,225000,RENT,8.0,DEBTCONSOLIDATION,A,7500,8.63,0,0.03,N,2,2024-02-06
26,225000,MORTGAGE,2.0,VENTURE,B,25000,10.08,0,0.11,N,2,2024-08-24
22,49464,RENT,5.0,PERSONAL,B,25000,11.83,1,0.51,N,3,2024-08-07
23,50000,RENT,1.0,DEBTCONSOLIDATION,A,25000,7.9,1,0.5,N,3,2024-07-21
25,50000,RENT,4.0,HOMEIMPROVEMENT,A,25000,5.99,1,0.5,N,2,2024-01-09
24,44000,RENT,2.0,DEBTCONSOLIDATION,D,25000,15.33,1,0.57,N,2,2024-08-31
23,50000,RENT,1.0,VENTURE,B,25000,11.83,1,0.5,N,4,2024-04-04
22,50004,RENT,3.0,VENTURE,C,25000,12.23,1,0.5,N,3,2024-06-30
22,52000,RENT,2.0,EDUCATION,B,25000,11.11,1,0.48,N,4,2024-03-30
23,13200,OWN,3.0,DEBTCONSOLIDATION,A,4950,7.9,1,0.38,N,4,2024-05-16
24,220000,MORTGAGE,1.0,EDUCATION,B,25000,11.58,0,0.11,N,2,2024-06-26
23,216000,MORTGAGE,5.0,DEBTCONSOLIDATION,A,21000,8.9,0,0.1,N,3,2024-07-18
25,216000,MORTGAGE,2.0,EDUCATION,D,25000,16.07,0,0.12,N,3,2024-03-21
26,216000,MORTGAGE,10.0,EDUCATION,C,20000,14.22,0,0.09,Y,2,2024-09-16
23,215000,MORTGAGE,7.0,MEDICAL,C,35000,14.79,0,0.16,Y,3,2024-12-27
26,215000,MORTGAGE,11.0,EDUCATION,A,12000,7.88,0,0.06,N,2,2024-04-04
23,52000,RENT,1.0,PERSONAL,C,25000,13.22,1,0.48,N,2,2024-12-12
26,46000,RENT,2.0,DEBTCONSOLIDATION,D,25000,11.86,1,0.54,N,4,2024-12-29
22,53000,RENT,5.0,EDUCATION,C,25000,13.43,1,0.47,Y,4,2024-03-18
23,47000,RENT,1.0,VENTURE,E,25000,17.93,1,0.53,N,2,2024-11-18
23,13200,MORTGAGE,2.0,EDUCATION,B,1400,9.25,0,0.11,N,4,2024-07-10
22,210000,MORTGAGE,6.0,VENTURE,B,16000,10.62,0,0.08,N,4,2024-05-24
26,210000,OWN,10.0,PERSONAL,B,22000,11.83,0,0.1,N,4,2024-05-30
26,48000,RENT,5.0,VENTURE,F,25000,18.43,1,0.52,N,2,2024-10-30
22,54996,RENT,6.0,EDUCATION,B,25000,11.013786929274843,1,0.45,N,4,2024-07-01
24,55000,RENT,4.0,HOMEIMPROVEMENT,D,25000,11.013786929274843,1,0.45,Y,4,2024-09-30
23,55000,RENT,4.0,EDUCATION,B,25000,11.36,1,0.45,N,3,2024-06-24
23,55000,RENT,4.0,EDUCATION,D,25000,15.65,1,0.45,Y,3,2024-12-21
24,55164,RENT,8.0,PERSONAL,C,25000,13.22,1,0.45,Y,4,2024-11-12
26,56000,RENT,4.0,DEBTCONSOLIDATION,C,25000,12.87,1,0.45,N,2,2024-01-17
24,203500,OWN,8.0,MEDICAL,C,20000,13.04,0,0.1,N,3,2024-07-09
23,190000,MORTGAGE,5.0,EDUCATION,F,22000,17.58,1,0.12,Y,3,2024-05-16
23,13920,OWN,2.0,PERSONAL,E,7750,17.04,1,0.56,N,4,2024-05-30
24,60000,RENT,2.0,PERSONAL,B,25000,11.11,1,0.42,N,3,2024-05-20
26,54000,RENT,7.0,DEBTCONSOLIDATION,D,25000,14.83,1,0.46,Y,2,2024-06-23
23,14000,OWN,2.0,DEBTCONSOLIDATION,D,4000,11.013786929274843,1,0.29,N,3,2024-04-09
24,200000,RENT,8.0,MEDICAL,B,12000,12.69,0,0.06,N,2,2024-08-17
24,200000,MORTGAGE,8.0,HOMEIMPROVEMENT,C,12000,13.49,0,0.06,N,2,2024-01-17
25,54000,RENT,3.0,HOMEIMPROVEMENT,E,25000,16.82,1,0.46,N,4,2024-05-15
23,60000,RENT,3.0,PERSONAL,C,25000,12.73,1,0.42,N,3,2024-04-17
23,60000,RENT,7.0,PERSONAL,B,25000,10.25,1,0.42,N,4,2024-03-10
25,61959,RENT,9.0,MEDICAL,C,25000,12.73,1,0.4,N,2,2024-10-18
22,56400,RENT,2.0,HOMEIMPROVEMENT,D,25000,14.96,1,0.44,Y,3,2024-03-15
23,200000,MORTGAGE,7.0,EDUCATION,A,28000,11.013786929274843,0,0.14,N,2,2024-03-23
24,200000,MORTGAGE,3.0,VENTURE,A,24000,7.49,0,0.12,N,4,2024-06-22
26,200000,MORTGAGE,4.0,EDUCATION,C,15000,14.79,0,0.07,N,3,2024-03-01
25,200000,MORTGAGE,2.0,DEBTCONSOLIDATION,B,15500,11.99,0,0.08,N,2,2024-08-13
24,200000,RENT,8.0,EDUCATION,A,10000,8.49,0,0.05,N,4,2024-04-07
24,66000,RENT,3.0,EDUCATION,B,25000,9.91,1,0.38,N,2,2024-04-08
22,66000,RENT,6.0,EDUCATION,C,25000,13.06,1,0.38,Y,3,2024-02-15
22,200000,MORTGAGE,6.0,DEBTCONSOLIDATION,A,9000,6.17,0,0.04,N,4,2024-04-11
25,200000,RENT,5.0,EDUCATION,D,18000,16.32,0,0.09,N,3,2024-09-05
25,200000,MORTGAGE,2.0,VENTURE,B,12000,10.38,0,0.06,N,2,2024-01-25
25,200000,MORTGAGE,9.0,PERSONAL,C,23050,14.35,0,0.12,N,3,2024-08-04
24,200000,MORTGAGE,8.0,DEBTCONSOLIDATION,B,20000,11.013786929274843,0,0.1,N,3,2024-03-27
24,60000,RENT,2.0,DEBTCONSOLIDATION,E,25000,11.013786929274843,1,0.42,Y,2,2024-02-24
26,66996,RENT,10.0,PERSONAL,D,25000,15.21,1,0.37,Y,2,2024-05-08
23,67000,RENT,3.0,EDUCATION,A,25000,7.9,1,0.37,N,4,2024-12-14
24,67000,RENT,2.0,VENTURE,B,25000,10.99,1,0.37,N,3,2024-07-28
24,68000,RENT,5.0,PERSONAL,D,25000,14.09,1,0.37,Y,3,2024-05-18
25,69000,RENT,9.0,PERSONAL,D,25000,17.49,1,0.36,N,2,2024-04-03
26,188000,MORTGAGE,10.0,VENTURE,E,20000,17.74,1,0.11,N,2,2024-08-26
26,200000,MORTGAGE,4.0,PERSONAL,C,3000,13.92,0,0.01,N,3,2024-11-29
25,69996,RENT,9.0,EDUCATION,D,25000,15.21,1,0.36,N,3,2024-05-20
22,14400,OWN,2.0,MEDICAL,B,4000,10.99,1,0.28,N,3,2024-03-11
24,70000,RENT,3.0,EDUCATION,B,25000,11.86,1,0.36,N,4,2024-09-12
24,14400,OWN,5.0,PERSONAL,A,6000,7.49,1,0.42,N,3,2024-12-09
24,56100,RENT,7.0,MEDICAL,D,25000,16.49,1,0.38,N,4,2024-01-06
25,66000,RENT,9.0,VENTURE,D,25000,15.33,1,0.38,Y,2,2024-04-14
26,66000,RENT,3.0,HOMEIMPROVEMENT,B,25000,11.58,1,0.38,N,4,2024-06-07
25,14400,OWN,7.0,EDUCATION,A,5375,5.79,1,0.37,N,2,2024-01-04
25,72612,RENT,9.0,MEDICAL,C,25000,13.11,1,0.34,N,2,2024-06-13
23,74000,RENT,3.0,MEDICAL,B,25000,10.36,1,0.34,N,3,2024-07-04
25,75000,RENT,9.0,DEBTCONSOLIDATION,B,25000,10.36,1,0.33,N,2,2024-05-07
25,191000,MORTGAGE,1.0,MEDICAL,B,10000,12.53,0,0.05,N,4,2024-09-21
26,190300,MORTGAGE,5.0,PERSONAL,A,15000,11.013786929274843,0,0.08,N,3,2024-08-07
22,190000,MORTGAGE,3.0,VENTURE,C,10000,11.013786929274843,0,0.05,N,3,2024-09-02
24,75000,RENT,4.0,EDUCATION,B,25000,10.25,1,0.33,N,4,2024-08-09
22,71000,RENT,1.0,EDUCATION,D,25000,15.95,1,0.35,Y,4,2024-11-22
26,190000,MORTGAGE,3.0,VENTURE,B,20000,12.18,0,0.11,N,4,2024-11-21
23,78000,RENT,7.0,DEBTCONSOLIDATION,C,25000,11.013786929274843,1,0.32,Y,2,2024-10-14
23,78000,RENT,1.0,VENTURE,B,25000,10.62,1,0.32,N,3,2024-05-08
23,78504,RENT,7.0,VENTURE,B,25000,10.74,1,0.32,N,3,2024-06-07
25,186000,OWN,9.0,VENTURE,B,10000,10.25,0,0.05,N,4,2024-09-04
25,185000,RENT,6.0,VENTURE,C,15000,15.27,0,0.08,N,2,2024-11-22
24,62050,RENT,8.0,MEDICAL,D,25000,15.33,1,0.34,Y,2,2024-11-02
23,79416,RENT,7.0,VENTURE,D,25000,15.21,1,0.31,Y,2,2024-11-26
24,79631,RENT,8.0,PERSONAL,D,25000,15.7,1,0.31,Y,2,2024-03-19
24,80000,RENT,6.0,EDUCATION,A,25000,6.62,1,0.31,N,2,2024-11-21
26,80000,RENT,5.0,DEBTCONSOLIDATION,C,25000,13.61,1,0.31,N,4,2024-01-22
22,185000,RENT,4.0,MEDICAL,B,25000,11.36,0,0.14,N,2,2024-06-30
26,185000,OWN,10.0,PERSONAL,A,5000,7.68,0,0.03,N,2,2024-06-13
24,184992,RENT,7.0,HOMEIMPROVEMENT,D,22000,14.46,0,0.12,Y,4,2024-11-16
23,184000,OWN,5.0,EDUCATION,B,2500,11.83,0,0.01,N,2,2024-06-28
24,172000,MORTGAGE,6.0,DEBTCONSOLIDATION,C,20000,13.47,1,0.12,Y,4,2024-07-08
24,183000,MORTGAGE,2.0,MEDICAL,B,20000,11.49,0,0.11,N,3,2024-08-07
22,183000,MORTGAGE,3.0,EDUCATION,A,1000,11.013786929274843,0,0.01,N,2,2024-11-18
25,182952,MORTGAGE,9.0,PERSONAL,A,15000,6.03,0,0.08,N,3,2024-11-01
23,74004,RENT,7.0,DEBTCONSOLIDATION,E,25000,16.35,1,0.34,N,4,2024-10-12
26,74004,RENT,10.0,DEBTCONSOLIDATION,D,25000,11.013786929274843,1,0.34,Y,4,2024-02-06
25,81000,RENT,5.0,DEBTCONSOLIDATION,A,25000,7.29,1,0.31,N,3,2024-01-20
23,81600,RENT,1.0,MEDICAL,B,25000,11.36,1,0.31,N,3,2024-03-12
24,82000,RENT,8.0,VENTURE,B,25000,10.25,0,0.3,N,2,2024-10-28
24,83000,RENT,5.0,EDUCATION,B,25000,11.12,0,0.3,N,3,2024-05-27
24,83000,RENT,5.0,PERSONAL,D,25000,12.92,0,0.3,Y,3,2024-04-14
24,180000,RENT,8.0,EDUCATION,E,18000,18.64,0,0.1,Y,4,2024-04-30
23,180000,MORTGAGE,8.0,PERSONAL,A,28000,7.51,0,0.16,N,3,2024-05-25
23,14400,OWN,2.0,HOMEIMPROVEMENT,E,4000,16.7,1,0.28,N,2,2024-11-13
22,84500,RENT,6.0,PERSONAL,F,25000,18.3,0,0.3,N,4,2024-07-28
24,85000,RENT,5.0,MEDICAL,B,25000,10.62,0,0.29,N,4,2024-06-02
24,180000,MORTGAGE,7.0,VENTURE,B,14000,11.99,0,0.08,N,2,2024-07-04
26,180000,MORTGAGE,2.0,VENTURE,B,12000,9.63,0,0.07,N,4,2024-07-25
25,142800,MORTGAGE,9.0,MEDICAL,F,10000,18.25,1,0.06,N,4,2024-01-24
24,87000,RENT,8.0,HOMEIMPROVEMENT,D,25000,14.84,0,0.29,N,3,2024-10-28
23,76000,RENT,7.0,DEBTCONSOLIDATION,D,25000,16.02,1,0.33,N,4,2024-02-19
23,66215,RENT,1.0,MEDICAL,D,25000,15.37,1,0.32,Y,2,2024-10-30
25,90000,RENT,9.0,MEDICAL,B,25000,10.99,0,0.28,N,4,2024-10-22
26,180000,OWN,2.0,PERSONAL,B,25000,10.99,0,0.14,N,4,2024-08-13
24,180000,OWN,8.0,EDUCATION,B,21000,11.48,0,0.12,N,3,2024-03-24
25,180000,OWN,9.0,MEDICAL,C,20000,14.26,0,0.11,Y,4,2024-02-18
25,180000,MORTGAGE,3.0,VENTURE,B,9950,11.26,0,0.06,N,2,2024-07-28
23,15000,OWN,7.0,MEDICAL,B,4475,11.013786929274843,1,0.3,N,4,2024-12-28
23,78000,RENT,2.0,VENTURE,D,25000,16.32,1,0.32,Y,3,2024-04-14
25,66300,RENT,3.0,MEDICAL,E,25000,17.93,1,0.32,Y,4,2024-08-10
24,79000,RENT,9.0,DEBTCONSOLIDATION,D,25000,14.96,1,0.32,Y,4,2024-06-01
24,91800,RENT,4.0,PERSONAL,C,25000,13.43,0,0.27,Y,3,2024-06-08
25,92000,RENT,6.0,HOMEIMPROVEMENT,B,25000,12.69,0,0.27,N,3,2024-09-12
24,92000,RENT,1.0,VENTURE,C,25000,12.73,0,0.27,Y,4,2024-07-04
23,93600,RENT,3.0,VENTURE,D,25000,15.21,0,0.27,N,4,2024-07-27
23,15000,MORTGAGE,1.0,MEDICAL,C,1750,12.68,0,0.12,Y,3,2024-06-21
23,70550,RENT,3.0,MEDICAL,F,25000,19.04,1,0.3,Y,4,2024-04-02
25,83800,RENT,2.0,DEBTCONSOLIDATION,D,25000,15.95,1,0.3,Y,3,2024-12-11
26,175000,MORTGAGE,3.0,VENTURE,A,2600,8.9,0,0.01,N,4,2024-12-17
25,175000,MORTGAGE,10.0,HOMEIMPROVEMENT,A,8000,7.9,0,0.05,N,2,2024-12-14
22,175000,MORTGAGE,6.0,EDUCATION,B,18000,11.013786929274843,0,0.1,N,2,2024-03-23
23,175000,MORTGAGE,8.0,PERSONAL,B,21000,11.99,0,0.12,N,3,2024-12-07
23,15000,OWN,4.0,DEBTCONSOLIDATION,C,4000,13.98,1,0.27,N,4,2024-10-09
23,15000,OWN,4.0,VENTURE,B,4600,10.99,1,0.31,N,2,2024-04-24
22,88000,RENT,6.0,DEBTCONSOLIDATION,D,25000,15.58,1,0.28,Y,2,2024-02-22
25,74800,RENT,2.0,MEDICAL,B,25000,10.99,1,0.28,N,2,2024-05-02
25,15000,OWN,2.0,HOMEIMPROVEMENT,D,1750,15.31,0,0.12,Y,4,2024-01-05
26,88000,RENT,2.0,VENTURE,D,25000,15.65,1,0.28,N,3,2024-09-06
25,100000,RENT,1.0,VENTURE,B,25000,9.33,0,0.25,N,4,2024-12-15
24,102400,RENT,8.0,PERSONAL,B,25000,10.36,0,0.24,N,3,2024-04-17
24,92000,RENT,1.0,HOMEIMPROVEMENT,E,25000,16.77,1,0.27,Y,4,2024-09-04
22,175000,RENT,6.0,VENTURE,C,3500,11.91,0,0.02,Y,2,2024-10-04
23,175000,MORTGAGE,3.0,EDUCATION,A,7200,8.38,0,0.04,N,3,2024-07-10
25,174708,RENT,9.0,VENTURE,B,9000,10.59,0,0.05,N,3,2024-11-24
25,174000,MORTGAGE,2.0,DEBTCONSOLIDATION,C,8800,14.27,0,0.05,N,3,2024-08-28
26,174000,RENT,8.0,DEBTCONSOLIDATION,B,12000,12.53,0,0.07,N,4,2024-01-15
25,162000,MORTGAGE,5.0,DEBTCONSOLIDATION,E,25000,16.0,1,0.15,Y,3,2024-02-14
26,173467,MORTGAGE,10.0,VENTURE,B,10000,11.71,0,0.06,N,4,2024-12-17
25,96000,RENT,2.0,HOMEIMPROVEMENT,E,25000,15.68,1,0.26,Y,4,2024-03-09
24,97908,RENT,8.0,HOMEIMPROVEMENT,D,25000,12.61,1,0.26,Y,2,2024-04-25
26,110000,RENT,3.0,PERSONAL,C,25000,11.013786929274843,0,0.23,Y,2,2024-10-19
23,15204,MORTGAGE,7.0,PERSONAL,A,2800,8.49,1,0.18,N,3,2024-03-07
24,171500,RENT,6.0,DEBTCONSOLIDATION,A,18000,8.9,0,0.1,N,4,2024-09-29
25,170004,MORTGAGE,3.0,MEDICAL,B,10000,11.11,0,0.06,N,4,2024-11-26
24,110000,RENT,7.0,HOMEIMPROVEMENT,D,25000,15.7,0,0.23,Y,2,2024-06-15
22,15360,OWN,7.0,HOMEIMPROVEMENT,B,2500,12.53,1,0.16,N,3,2024-09-23
25,134300,RENT,3.0,MEDICAL,D,5000,16.49,1,0.03,N,2,2024-10-15
25,170000,MORTGAGE,2.0,EDUCATION,A,20000,7.49,0,0.12,N,2,2024-04-22
22,100580,RENT,6.0,DEBTCONSOLIDATION,D,25000,14.96,1,0.25,Y,2,2024-02-07
25,113000,RENT,7.0,MEDICAL,C,25000,12.73,0,0.22,Y,4,2024-07-26
24,120000,RENT,8.0,EDUCATION,B,25000,10.65,0,0.21,N,4,2024-09-15
25,120000,RENT,6.0,MEDICAL,B,25000,10.74,0,0.21,N,2,2024-04-08
23,120000,RENT,7.0,EDUCATION,B,25000,9.99,0,0.21,N,2,2024-12-11
24,91800,RENT,5.0,MEDICAL,D,25000,15.33,1,0.23,Y,2,2024-01-08
26,108000,RENT,2.0,PERSONAL,D,25000,15.05,1,0.23,N,3,2024-05-07
26,129996,RENT,6.0,PERSONAL,B,25000,10.75,0,0.19,N,3,2024-08-09
23,130000,RENT,4.0,EDUCATION,D,25000,16.02,0,0.19,Y,2,2024-11-17
23,130000,RENT,7.0,VENTURE,B,25000,11.49,0,0.19,N,4,2024-04-09
25,170000,OWN,4.0,EDUCATION,B,20000,12.53,0,0.12,N,4,2024-06-12
22,169000,RENT,1.0,PERSONAL,B,14000,11.14,0,0.08,N,3,2024-06-02
26,168750,RENT,10.0,MEDICAL,C,24250,12.87,0,0.14,Y,3,2024-12-24
23,168600,RENT,3.0,EDUCATION,B,20000,11.58,0,0.12,N,3,2024-10-17
24,168288,RENT,5.0,HOMEIMPROVEMENT,B,1800,11.12,0,0.01,N,3,2024-03-17
25,168000,MORTGAGE,2.0,PERSONAL,B,35000,10.65,0,0.21,N,2,2024-10-09
24,133300,RENT,6.0,DEBTCONSOLIDATION,B,25000,10.37,0,0.19,N,2,2024-03-05
24,15600,OWN,5.0,HOMEIMPROVEMENT,A,3300,6.39,1,0.21,N,4,2024-06-30
24,134000,RENT,8.0,PERSONAL,D,25000,16.07,0,0.19,Y,3,2024-01-17
25,134000,RENT,7.0,MEDICAL,B,25000,10.62,0,0.19,N,2,2024-06-04
25,135000,RENT,5.0,EDUCATION,B,25000,11.36,0,0.19,N,4,2024-11-28
26,135660,RENT,10.0,DEBTCONSOLIDATION,B,25000,12.53,0,0.18,N,4,2024-06-18
23,150000,RENT,4.0,EDUCATION,B,25000,10.36,0,0.17,N,3,2024-02-22
23,165000,MORTGAGE,3.0,EDUCATION,A,9600,5.99,0,0.06,N,3,2024-05-08
22,153000,MORTGAGE,5.0,DEBTCONSOLIDATION,D,24000,15.62,1,0.16,Y,2,2024-07-27
24,165000,MORTGAGE,5.0,PERSONAL,B,20000,10.37,0,0.12,N,4,2024-12-07
23,16000,OWN,7.0,MEDICAL,A,6000,7.9,1,0.38,N,2,2024-09-20
23,16000,MORTGAGE,3.0,DEBTCONSOLIDATION,C,2275,13.06,0,0.14,Y,4,2024-04-19
23,16000,OWN,7.0,PERSONAL,A,2000,6.39,0,0.13,N,3,2024-05-02
23,148000,RENT,1.0,DEBTCONSOLIDATION,E,25000,14.93,1,0.17,N,3,2024-06-05
23,16000,MORTGAGE,1.0,MEDICAL,C,5600,12.84,1,0.35,N,4,2024-10-14
24,16020,OWN,3.0,VENTURE,E,3625,17.14,1,0.23,Y,2,2024-08-10
22,16094,MORTGAGE,2.0,VENTURE,A,5500,7.14,1,0.34,N,3,2024-05-09
25,175000,RENT,2.0,PERSONAL,A,25000,8.9,0,0.14,N,2,2024-06-28
22,16200,OWN,6.0,PERSONAL,B,2000,12.42,0,0.12,N,3,2024-11-04
24,185000,RENT,7.0,HOMEIMPROVEMENT,C,25000,12.68,0,0.14,Y,2,2024-05-30
25,162000,RENT,9.0,PERSONAL,C,25000,11.03,0,0.15,N,2,2024-09-28
26,161000,RENT,10.0,VENTURE,A,30000,7.9,0,0.19,N,4,2024-03-30
25,225000,RENT,5.0,VENTURE,B,25000,11.86,0,0.11,N,4,2024-12-06
25,16400,OWN,1.0,PERSONAL,A,5000,8.94,1,0.3,N,4,2024-12-25
23,16500,OWN,6.0,VENTURE,B,4375,9.63,1,0.27,N,4,2024-01-18
25,49500,RENT,6.0,PERSONAL,C,24750,14.22,1,0.5,N,3,2024-06-30
23,60000,RENT,4.0,DEBTCONSOLIDATION,B,24750,9.33,1,0.41,N,3,2024-05-06
24,84200,RENT,8.0,MEDICAL,C,24500,13.85,0,0.29,N,4,2024-09-04
22,16800,MORTGAGE,5.0,EDUCATION,B,2000,10.65,0,0.12,N,2,2024-04-13
24,92000,RENT,8.0,MEDICAL,B,24500,11.46,0,0.27,N,4,2024-05-04
23,160000,MORTGAGE,5.0,PERSONAL,A,35000,7.66,0,0.22,N,2,2024-04-14
24,160000,MORTGAGE,9.0,VENTURE,E,12000,16.77,0,0.07,N,4,2024-07-04
25,160000,MORTGAGE,1.0,PERSONAL,B,12000,9.63,0,0.07,N,4,2024-04-03
26,160000,RENT,6.0,PERSONAL,C,25000,12.23,0,0.16,Y,4,2024-08-30
25,54000,RENT,2.0,PERSONAL,C,24250,13.98,1,0.45,N,4,2024-10-31
23,62500,RENT,1.0,EDUCATION,B,24250,10.62,1,0.39,N,4,2024-06-30
25,68400,RENT,9.0,PERSONAL,E,24250,17.56,1,0.35,N,4,2024-04-27
26,56045,RENT,1.0,MEDICAL,D,24250,14.96,1,0.37,N,2,2024-07-22
22,74000,RENT,7.0,DEBTCONSOLIDATION,D,24250,15.65,1,0.33,Y,2,2024-08-02
24,65453,RENT,9.0,MEDICAL,D,24250,15.7,1,0.31,N,2,2024-12-18
24,89908,RENT,1.0,VENTURE,B,24250,12.53,0,0.27,N,3,2024-08-30
23,103000,RENT,6.0,PERSONAL,D,24250,15.7,0,0.24,N,2,2024-09-25
25,160000,MORTGAGE,2.0,EDUCATION,A,9000,11.013786929274843,0,0.06,N,3,2024-08-06
25,160000,OWN,5.0,VENTURE,B,15000,11.14,0,0.09,N,4,2024-04-23
24,160000,MORTGAGE,3.0,VENTURE,D,20000,16.0,0,0.13,N,3,2024-09-29
23,160000,MORTGAGE,2.0,EDUCATION,D,25000,15.65,0,0.16,Y,2,2024-05-06
25,160000,MORTGAGE,3.0,VENTURE,C,20000,13.47,0,0.13,Y,2,2024-01-18
25,111996,RENT,9.0,PERSONAL,D,24250,11.013786929274843,0,0.22,N,3,2024-02-08
23,287000,RENT,3.0,EDUCATION,B,24250,12.53,0,0.08,N,3,2024-05-03
22,108000,RENT,1.0,HOMEIMPROVEMENT,D,24150,14.96,1,0.22,Y,3,2024-12-08
22,43000,RENT,7.0,DEBTCONSOLIDATION,C,24000,13.85,1,0.56,Y,3,2024-09-01
23,47004,RENT,1.0,VENTURE,B,24000,11.58,1,0.51,N,4,2024-04-06
24,48000,RENT,4.0,VENTURE,D,24000,16.29,1,0.5,Y,2,2024-05-03
26,48000,RENT,4.0,MEDICAL,A,24000,11.013786929274843,1,0.5,N,3,2024-06-24
24,47000,RENT,3.0,PERSONAL,F,24000,17.8,1,0.51,N,2,2024-08-28
22,17400,MORTGAGE,6.0,VENTURE,B,1000,11.36,0,0.06,N,2,2024-11-20
22,49000,RENT,2.0,MEDICAL,E,24000,17.56,1,0.49,N,4,2024-06-14
25,60000,RENT,3.0,PERSONAL,B,24000,10.99,1,0.4,N,4,2024-12-24
26,62004,RENT,9.0,DEBTCONSOLIDATION,A,24000,7.9,1,0.39,N,3,2024-09-25
22,62400,RENT,3.0,EDUCATION,D,24000,14.84,1,0.38,N,2,2024-08-06
26,65000,RENT,10.0,DEBTCONSOLIDATION,A,24000,11.013786929274843,1,0.37,N,2,2024-02-19
22,17760,MORTGAGE,6.0,EDUCATION,C,4975,11.013786929274843,1,0.28,Y,3,2024-07-03
23,59000,RENT,5.0,DEBTCONSOLIDATION,E,24000,19.69,1,0.41,Y,2,2024-10-26
23,66000,RENT,6.0,VENTURE,A,24000,11.013786929274843,1,0.36,N,4,2024-02-16
25,66143,RENT,9.0,EDUCATION,A,24000,6.99,1,0.36,N,3,2024-01-07
22,62250,RENT,3.0,PERSONAL,E,24000,16.45,1,0.39,Y,4,2024-10-30
24,70000,RENT,8.0,EDUCATION,B,24000,10.99,1,0.34,N,4,2024-07-13
23,74000,RENT,7.0,DEBTCONSOLIDATION,B,24000,10.99,1,0.32,N,2,2024-05-07
22,18000,OWN,3.0,PERSONAL,A,3000,7.9,1,0.17,N,4,2024-03-21
22,75000,RENT,6.0,EDUCATION,B,24000,12.69,1,0.32,N,4,2024-08-06
24,75000,RENT,9.0,MEDICAL,B,24000,10.37,1,0.32,N,3,2024-11-30
24,75000,RENT,7.0,HOMEIMPROVEMENT,C,24000,11.013786929274843,1,0.32,N,3,2024-08-07
23,78000,RENT,4.0,PERSONAL,C,24000,13.92,1,0.31,N,3,2024-05-06
24,80000,RENT,2.0,MEDICAL,B,24000,10.25,0,0.3,N,2,2024-04-02
22,18000,OWN,1.0,HOMEIMPROVEMENT,A,3500,7.49,1,0.19,N,4,2024-09-03
23,18000,OWN,3.0,EDUCATION,A,4000,5.99,1,0.22,N,2,2024-08-27
23,74700,RENT,6.0,PERSONAL,D,24000,12.92,1,0.32,N,2,2024-08-16
26,88596,RENT,3.0,PERSONAL,B,24000,11.58,0,0.27,N,3,2024-07-15
25,95000,RENT,4.0,EDUCATION,A,24000,8.9,0,0.25,N,2,2024-08-17
22,83000,RENT,6.0,DEBTCONSOLIDATION,E,24000,19.69,1,0.29,N,3,2024-11-29
25,95000,RENT,9.0,VENTURE,A,24000,6.54,0,0.25,N,4,2024-07-08
26,100000,RENT,5.0,PERSONAL,C,24000,12.73,0,0.24,N,4,2024-07-23
24,110000,RENT,7.0,VENTURE,D,24000,15.62,0,0.22,N,4,2024-08-01
22,98000,RENT,7.0,DEBTCONSOLIDATION,F,24000,11.013786929274843,1,0.24,Y,2,2024-03-28
26,103872,RENT,6.0,DEBTCONSOLIDATION,G,24000,20.03,1,0.23,N,4,2024-07-16
22,120000,RENT,4.0,EDUCATION,B,24000,9.91,0,0.2,N,4,2024-02-17
24,120000,RENT,1.0,VENTURE,B,24000,12.69,0,0.2,N,4,2024-04-07
26,108000,RENT,9.0,EDUCATION,G,24000,20.16,1,0.22,N,3,2024-01-10
24,124080,RENT,4.0,PERSONAL,D,24000,16.49,0,0.19,Y,4,2024-01-16
23,18000,MORTGAGE,1.0,MEDICAL,D,2500,15.95,1,0.14,N,2,2024-11-18
24,130000,RENT,7.0,DEBTCONSOLIDATION,B,24000,11.49,0,0.18,N,3,2024-01-09
25,135000,RENT,8.0,PERSONAL,B,24000,10.99,0,0.18,N,2,2024-04-12
24,135000,RENT,4.0,HOMEIMPROVEMENT,C,24000,13.79,0,0.18,N,2,2024-09-20
23,114750,RENT,2.0,MEDICAL,G,24000,20.03,1,0.18,Y,3,2024-02-09
23,138000,RENT,7.0,DEBTCONSOLIDATION,D,24000,16.0,1,0.17,Y,2,2024-10-14
24,18000,OWN,6.0,PERSONAL,A,13000,7.88,1,0.72,N,3,2024-05-01
26,155000,RENT,7.0,DEBTCONSOLIDATION,B,24000,10.99,0,0.15,N,4,2024-04-30
26,148000,RENT,1.0,EDUCATION,F,24000,18.3,1,0.16,N,2,2024-09-14
26,170000,RENT,3.0,DEBTCONSOLIDATION,C,24000,11.013786929274843,0,0.14,Y,2,2024-02-24
24,43896,RENT,8.0,HOMEIMPROVEMENT,B,23975,11.013786929274843,1,0.55,N,2,2024-02-24
23,120000,RENT,4.0,MEDICAL,C,23750,13.47,0,0.2,N,2,2024-01-14
24,54996,RENT,2.0,PERSONAL,B,23600,11.89,1,0.43,N,3,2024-06-02
25,102000,RENT,9.0,DEBTCONSOLIDATION,C,23600,13.49,0,0.23,N,4,2024-01-10
23,75000,RENT,3.0,PERSONAL,E,23575,14.5,1,0.31,N,4,2024-05-21
22,18000,OWN,2.0,MEDICAL,C,4000,11.013786929274843,1,0.22,N,2,2024-04-09
22,18000,OWN,1.0,MEDICAL,D,5400,15.31,1,0.3,Y,2,2024-09-27
25,18000,MORTGAGE,1.0,MEDICAL,B,4000,11.013786929274843,1,0.22,N,3,2024-03-03
22,66960,RENT,1.0,VENTURE,A,23400,7.49,1,0.35,N,2,2024-12-04
22,43385,RENT,7.0,PERSONAL,C,23000,11.013786929274843,1,0.53,N,3,2024-05-26
25,56544,RENT,3.0,EDUCATION,B,23000,11.013786929274843,1,0.41,N,2,2024-07-16
23,60000,RENT,2.0,VENTURE,B,23000,12.18,1,0.38,N,4,2024-02-18
24,18000,MORTGAGE,3.0,VENTURE,C,1200,11.34,0,0.07,Y,4,2024-10-27
25,63208,RENT,9.0,EDUCATION,B,23000,9.91,1,0.36,N,3,2024-04-27
23,68000,RENT,7.0,EDUCATION,B,23000,9.62,1,0.34,N,2,2024-05-23
22,18000,OWN,1.0,DEBTCONSOLIDATION,B,3000,9.96,1,0.17,N,3,2024-12-30
25,80000,RENT,9.0,VENTURE,C,23000,11.013786929274843,0,0.29,N,2,2024-04-17
24,88000,RENT,1.0,VENTURE,D,23000,14.54,1,0.26,N,2,2024-03-05
22,58600,RENT,5.0,MEDICAL,B,22750,11.36,1,0.39,N,4,2024-08-07
23,70000,RENT,7.0,DEBTCONSOLIDATION,C,22500,14.27,1,0.32,N,2,2024-07-17
24,18287,OWN,3.0,HOMEIMPROVEMENT,B,3000,11.99,1,0.16,N,3,2024-11-13
26,69846,RENT,2.0,EDUCATION,F,22500,18.99,1,0.32,Y,2,2024-12-22
24,18500,MORTGAGE,8.0,PERSONAL,A,5000,9.32,1,0.27,N,3,2024-09-20
23,35000,RENT,2.0,DEBTCONSOLIDATION,B,22250,12.69,1,0.64,N,3,2024-11-01
25,43000,RENT,9.0,HOMEIMPROVEMENT,C,22000,13.11,1,0.51,N,2,2024-12-04
25,52000,RENT,4.0,PERSONAL,B,22000,10.74,1,0.42,N,2,2024-11-02
22,57000,RENT,6.0,EDUCATION,B,22000,9.63,1,0.39,N,3,2024-11-05
23,60000,RENT,6.0,DEBTCONSOLIDATION,B,22000,10.25,1,0.37,N,4,2024-10-11
24,60000,RENT,3.0,VENTURE,C,22000,14.26,1,0.37,Y,2,2024-04-11
25,18840,MORTGAGE,5.0,EDUCATION,B,3000,9.91,1,0.16,N,2,2024-09-06
26,56000,RENT,7.0,MEDICAL,E,22000,17.19,1,0.39,N,3,2024-12-30
22,70000,RENT,3.0,EDUCATION,B,22000,11.36,1,0.31,N,4,2024-03-27
22,66000,RENT,1.0,EDUCATION,F,22000,11.013786929274843,1,0.33,N,2,2024-11-24
23,74064,RENT,3.0,DEBTCONSOLIDATION,B,22000,10.59,0,0.3,N,3,2024-12-01
24,76597,RENT,5.0,EDUCATION,B,22000,9.25,0,0.29,N,2,2024-10-31
22,19000,OWN,6.0,MEDICAL,A,3625,8.49,1,0.19,N,3,2024-08-07
26,82600,RENT,10.0,VENTURE,B,22000,12.69,0,0.27,N,2,2024-07-09
24,19000,OWN,3.0,MEDICAL,C,7400,13.85,1,0.39,N,2,2024-04-20
25,19000,OWN,3.0,DEBTCONSOLIDATION,A,4000,7.4,1,0.21,N,3,2024-11-10
23,84000,RENT,3.0,DEBTCONSOLIDATION,B,22000,11.71,0,0.26,N,4,2024-04-13
25,77650,RENT,8.0,PERSONAL,B,22000,11.48,1,0.28,N,3,2024-12-03
25,82000,RENT,1.0,EDUCATION,E,22000,17.51,1,0.27,N,2,2024-04-15
23,99996,RENT,3.0,DEBTCONSOLIDATION,A,22000,7.88,0,0.22,N,4,2024-06-06
22,19200,MORTGAGE,6.0,PERSONAL,B,4950,11.71,1,0.26,N,2,2024-10-15
25,57000,RENT,4.0,PERSONAL,B,21700,11.99,1,0.38,N,2,2024-12-03
24,54000,RENT,5.0,VENTURE,C,21600,13.49,1,0.4,N,2,2024-05-09
23,56000,RENT,8.0,MEDICAL,G,21600,21.21,1,0.39,Y,4,2024-03-20
26,63000,RENT,2.0,DEBTCONSOLIDATION,C,21600,14.35,1,0.34,Y,3,2024-08-18
22,82000,RENT,3.0,PERSONAL,C,21600,13.61,0,0.26,Y,3,2024-05-22
22,78000,RENT,6.0,DEBTCONSOLIDATION,B,21600,11.26,1,0.28,N,3,2024-04-11
24,112140,RENT,8.0,MEDICAL,A,21600,7.9,0,0.19,N,2,2024-08-28
25,19200,OWN,4.0,EDUCATION,B,3000,11.99,1,0.16,N,4,2024-01-13
24,59000,RENT,5.0,MEDICAL,D,21500,16.89,1,0.36,N,3,2024-02-10
24,70000,RENT,5.0,HOMEIMPROVEMENT,B,21500,9.99,1,0.31,N,3,2024-08-28
24,116000,RENT,5.0,EDUCATION,D,21500,15.33,0,0.19,Y,3,2024-03-17
25,60000,RENT,5.0,EDUCATION,A,21450,7.29,1,0.36,N,4,2024-10-21
22,31000,RENT,5.0,DEBTCONSOLIDATION,B,21250,12.42,1,0.69,N,3,2024-07-17
25,47052,RENT,5.0,VENTURE,B,21250,10.99,1,0.45,N,2,2024-06-13
25,51060,RENT,9.0,VENTURE,A,21250,6.91,1,0.42,N,2,2024-12-03
22,19200,MORTGAGE,6.0,DEBTCONSOLIDATION,C,5000,14.17,1,0.26,Y,2,2024-01-12
22,53000,RENT,3.0,MEDICAL,B,21250,10.25,1,0.4,N,3,2024-02-01
24,56000,RENT,8.0,VENTURE,D,21250,15.95,1,0.38,Y,3,2024-08-08
24,65000,RENT,4.0,EDUCATION,D,21250,15.95,1,0.33,Y,4,2024-02-16
22,19200,MORTGAGE,6.0,HOMEIMPROVEMENT,D,1400,14.91,1,0.07,Y,4,2024-05-15
23,19200,MORTGAGE,7.0,MEDICAL,A,3000,11.013786929274843,1,0.16,N,4,2024-05-05
26,40000,RENT,3.0,MEDICAL,A,21000,6.54,1,0.53,N,4,2024-11-28
25,19200,OWN,2.0,VENTURE,B,1000,11.013786929274843,0,0.05,N,3,2024-10-12
23,63000,RENT,2.0,MEDICAL,B,21000,11.36,1,0.33,N,2,2024-03-06
26,19200,MORTGAGE,5.0,VENTURE,A,4000,7.51,1,0.21,N,4,2024-11-08
22,59000,RENT,2.0,PERSONAL,B,21000,10.71,1,0.36,N,3,2024-09-24
22,70500,RENT,3.0,PERSONAL,C,21000,13.98,0,0.3,Y,4,2024-10-04
26,65219,RENT,11.0,DEBTCONSOLIDATION,D,21000,14.09,1,0.32,N,3,2024-04-08
22,75000,RENT,2.0,EDUCATION,B,21000,10.0,0,0.28,N,3,2024-12-12
22,19200,MORTGAGE,3.0,MEDICAL,D,5000,15.33,1,0.26,N,3,2024-12-01
25,62047,RENT,9.0,MEDICAL,E,21000,16.32,1,0.29,Y,4,2024-02-03
24,79000,RENT,8.0,HOMEIMPROVEMENT,A,21000,7.9,0,0.27,N,2,2024-10-04
23,80000,RENT,3.0,MEDICAL,B,21000,11.99,0,0.26,N,3,2024-10-07
24,84000,RENT,8.0,MEDICAL,B,21000,10.75,0,0.25,N,4,2024-07-13
26,85000,RENT,3.0,HOMEIMPROVEMENT,C,21000,13.92,0,0.25,N,3,2024-09-11
22,93000,RENT,1.0,EDUCATION,B,21000,9.91,0,0.23,N,3,2024-01-16
26,81000,RENT,10.0,EDUCATION,E,21000,16.95,1,0.26,Y,3,2024-08-24
26,97000,RENT,1.0,EDUCATION,A,21000,7.9,0,0.22,N,3,2024-03-29
26,97000,RENT,3.0,EDUCATION,C,21000,11.013786929274843,0,0.22,Y,3,2024-04-15
25,100000,RENT,2.0,PERSONAL,D,21000,16.49,1,0.21,Y,3,2024-06-14
26,125000,RENT,5.0,HOMEIMPROVEMENT,A,21000,8.9,0,0.17,N,2,2024-04-23
25,125000,RENT,9.0,EDUCATION,C,21000,12.99,0,0.17,Y,3,2024-06-11
23,82000,RENT,2.0,PERSONAL,B,20900,12.69,0,0.25,N,2,2024-04-18
26,50000,RENT,7.0,VENTURE,A,20500,7.49,1,0.41,N,3,2024-01-09
23,70000,RENT,2.0,EDUCATION,C,20500,13.16,0,0.29,Y,3,2024-08-18
22,19800,OWN,1.0,EDUCATION,A,2100,8.38,0,0.11,N,4,2024-08-11
23,54000,RENT,7.0,PERSONAL,A,20375,7.49,1,0.38,N,2,2024-04-25
26,26000,RENT,10.0,EDUCATION,B,20050,9.76,1,0.77,N,2,2024-03-16
24,33000,RENT,1.0,DEBTCONSOLIDATION,B,20000,10.99,1,0.61,N,3,2024-03-08
22,20000,OWN,6.0,PERSONAL,B,9250,10.65,0,0.46,N,4,2024-01-03
24,35364,RENT,1.0,MEDICAL,B,20000,12.53,1,0.57,N,4,2024-11-15
25,38000,RENT,4.0,MEDICAL,D,20000,14.59,1,0.53,N,4,2024-06-11
23,32000,RENT,3.0,DEBTCONSOLIDATION,D,20000,12.61,1,0.63,N,4,2024-06-10
25,38004,RENT,6.0,MEDICAL,C,20000,13.11,1,0.53,N,2,2024-09-17
23,20000,MORTGAGE,2.0,MEDICAL,B,6400,10.65,0,0.32,N,4,2024-03-19
25,38556,RENT,9.0,PERSONAL,C,20000,11.22,1,0.52,Y,4,2024-09-09
23,32900,RENT,1.0,EDUCATION,D,20000,16.0,1,0.61,N,2,2024-05-24
25,34000,RENT,10.0,HOMEIMPROVEMENT,B,20000,8.88,1,0.59,N,4,2024-02-27
24,40000,RENT,4.0,PERSONAL,B,20000,12.53,1,0.5,N,3,2024-05-28
26,20000,MORTGAGE,5.0,MEDICAL,A,4800,5.99,0,0.24,N,3,2024-12-09
25,42000,RENT,2.0,EDUCATION,C,20000,13.47,1,0.48,N,4,2024-12-05
22,42224,RENT,7.0,VENTURE,A,20000,6.99,1,0.47,N,4,2024-04-06
23,20000,MORTGAGE,7.0,EDUCATION,C,3625,11.013786929274843,0,0.18,Y,3,2024-04-11
22,37212,RENT,6.0,DEBTCONSOLIDATION,E,20000,16.69,1,0.54,N,3,2024-05-16
25,38000,RENT,9.0,MEDICAL,B,20000,11.11,1,0.53,N,4,2024-09-06
23,45000,RENT,4.0,PERSONAL,B,20000,10.25,1,0.44,N,2,2024-11-02
24,45000,RENT,8.0,MEDICAL,E,20000,11.013786929274843,1,0.44,N,2,2024-06-03
23,20000,OWN,7.0,MEDICAL,A,1200,7.49,0,0.06,N,3,2024-08-16
22,45000,RENT,1.0,DEBTCONSOLIDATION,C,20000,13.92,1,0.44,Y,3,2024-03-17
24,39000,RENT,5.0,MEDICAL,D,20000,14.74,1,0.51,N,2,2024-01-22
24,46500,RENT,5.0,EDUCATION,B,20000,10.62,1,0.43,N,2,2024-07-10
22,48000,RENT,7.0,VENTURE,B,20000,10.65,1,0.42,N,3,2024-05-18
22,42000,RENT,1.0,PERSONAL,D,20000,12.99,1,0.48,N,3,2024-10-01
22,48500,RENT,1.0,VENTURE,B,20000,11.36,1,0.41,N,4,2024-12-11
22,20000,OWN,3.0,EDUCATION,A,7500,5.79,0,0.38,N,4,2024-10-14
25,20000,MORTGAGE,1.0,VENTURE,A,4000,5.79,0,0.2,N,2,2024-11-16
25,50000,RENT,10.0,DEBTCONSOLIDATION,A,20000,7.49,1,0.4,N,3,2024-02-02
25,50000,RENT,9.0,EDUCATION,C,20000,13.43,1,0.4,N,2,2024-03-06
22,50000,RENT,6.0,DEBTCONSOLIDATION,C,20000,13.22,1,0.4,N,2,2024-12-07
22,20000,OWN,1.0,VENTURE,C,5000,14.72,0,0.25,N,3,2024-12-13
22,44000,RENT,2.0,EDUCATION,E,20000,15.68,1,0.45,N,4,2024-03-03
24,50866,RENT,6.0,MEDICAL,B,20000,11.013786929274843,1,0.39,N,3,2024-09-30
25,50950,RENT,5.0,HOMEIMPROVEMENT,B,20000,11.48,1,0.39,N,3,2024-06-25
24,51000,RENT,8.0,VENTURE,B,20000,10.38,1,0.39,N,3,2024-08-12
22,51000,RENT,5.0,EDUCATION,B,20000,12.53,1,0.39,N,3,2024-05-19
24,51500,RENT,6.0,VENTURE,B,20000,12.21,1,0.39,N,4,2024-09-09
25,51996,RENT,9.0,VENTURE,B,20000,10.99,1,0.38,N,3,2024-09-24
25,52000,RENT,1.0,EDUCATION,B,20000,11.36,1,0.38,N,4,2024-11-24
22,46000,RENT,2.0,DEBTCONSOLIDATION,D,20000,16.0,1,0.43,Y,4,2024-12-08
26,20000,MORTGAGE,1.0,PERSONAL,A,1500,7.74,0,0.07,N,3,2024-09-22
24,52000,RENT,8.0,EDUCATION,D,20000,15.65,1,0.38,Y,2,2024-06-11
25,46000,RENT,9.0,DEBTCONSOLIDATION,C,20000,11.78,1,0.43,Y,2,2024-07-31
24,52559,RENT,9.0,HOMEIMPROVEMENT,B,20000,11.013786929274843,1,0.38,N,3,2024-10-20
22,47000,RENT,5.0,MEDICAL,D,20000,16.77,1,0.43,N,3,2024-03-04
22,54000,RENT,2.0,EDUCATION,B,20000,9.91,1,0.37,N,4,2024-12-07
23,48000,RENT,7.0,MEDICAL,D,20000,15.65,1,0.42,N,4,2024-12-14
23,54000,RENT,1.0,VENTURE,B,20000,11.83,1,0.37,N,4,2024-09-25
26,54996,RENT,8.0,EDUCATION,B,20000,12.18,1,0.36,N,4,2024-10-09
24,55000,RENT,8.0,HOMEIMPROVEMENT,A,20000,6.91,1,0.36,N,2,2024-05-16
25,55000,RENT,3.0,DEBTCONSOLIDATION,A,20000,6.91,1,0.36,N,3,2024-01-02
23,55000,RENT,5.0,DEBTCONSOLIDATION,B,20000,12.53,1,0.36,N,2,2024-01-25
25,55200,RENT,7.0,VENTURE,B,20000,11.013786929274843,1,0.36,N,4,2024-05-20
23,20004,MORTGAGE,6.0,PERSONAL,A,7125,6.99,0,0.36,N,2,2024-08-18
23,57000,RENT,3.0,EDUCATION,D,20000,16.89,1,0.35,N,2,2024-01-18
22,51012,RENT,1.0,PERSONAL,D,20000,17.49,1,0.39,Y,4,2024-01-13
23,20004,MORTGAGE,2.0,EDUCATION,E,2500,16.82,0,0.12,Y,2,2024-01-17
26,20004,MORTGAGE,4.0,HOMEIMPROVEMENT,B,3600,11.013786929274843,0,0.18,N,2,2024-08-28
23,58800,RENT,7.0,DEBTCONSOLIDATION,A,20000,7.66,1,0.34,N,3,2024-05-02
26,59000,RENT,10.0,MEDICAL,A,20000,6.17,1,0.34,N,3,2024-04-21
26,53000,RENT,1.0,PERSONAL,E,20000,16.35,1,0.38,Y,4,2024-09-11
23,60000,RENT,7.0,MEDICAL,A,20000,7.9,1,0.33,N,2,2024-05-07
24,54000,RENT,2.0,VENTURE,D,20000,16.49,1,0.37,N,2,2024-11-04
26,20280,MORTGAGE,5.0,HOMEIMPROVEMENT,A,7000,8.0,0,0.35,N,2,2024-02-07
24,20352,OWN,3.0,VENTURE,A,7750,6.91,0,0.38,N,3,2024-07-09
25,54000,RENT,6.0,PERSONAL,B,20000,8.88,1,0.37,N,3,2024-06-30
24,60000,RENT,8.0,VENTURE,A,20000,11.013786929274843,1,0.33,N,4,2024-02-16
23,54000,RENT,6.0,DEBTCONSOLIDATION,D,20000,14.84,1,0.37,Y,3,2024-05-25
23,54000,RENT,2.0,PERSONAL,B,20000,11.12,1,0.37,N,2,2024-08-22
22,60000,RENT,4.0,EDUCATION,A,20000,7.88,1,0.33,N,3,2024-03-04
25,60000,RENT,2.0,EDUCATION,B,20000,11.013786929274843,1,0.33,N,2,2024-04-03
22,20400,MORTGAGE,6.0,EDUCATION,D,6000,15.99,0,0.29,Y,4,2024-06-20
24,20400,MORTGAGE,5.0,DEBTCONSOLIDATION,B,5500,10.99,0,0.27,N,4,2024-08-07
25,60000,RENT,9.0,EDUCATION,B,20000,11.013786929274843,1,0.33,N,3,2024-02-15
25,54000,RENT,1.0,PERSONAL,D,20000,15.65,1,0.37,Y,3,2024-07-14
24,54000,RENT,1.0,PERSONAL,E,20000,17.04,1,0.37,Y,3,2024-09-14
23,60000,RENT,3.0,EDUCATION,B,20000,12.21,1,0.33,N,2,2024-01-14
25,54000,RENT,1.0,DEBTCONSOLIDATION,D,20000,14.11,1,0.37,N,4,2024-01-18
24,60000,RENT,8.0,PERSONAL,D,20000,13.87,1,0.33,N,4,2024-05-21
26,60000,RENT,3.0,HOMEIMPROVEMENT,B,20000,10.08,1,0.33,N,4,2024-05-02
23,54504,RENT,1.0,PERSONAL,E,20000,16.7,1,0.37,Y,4,2024-07-27
24,55000,RENT,2.0,VENTURE,E,20000,18.64,1,0.36,N,2,2024-10-03
24,61000,RENT,2.0,HOMEIMPROVEMENT,B,20000,12.18,1,0.33,N,4,2024-08-22
25,62000,RENT,3.0,MEDICAL,A,20000,6.54,1,0.32,N,3,2024-08-30
24,56000,RENT,3.0,EDUCATION,D,20000,14.61,1,0.36,Y,4,2024-08-08
24,62400,RENT,8.0,HOMEIMPROVEMENT,B,20000,11.12,1,0.32,N,2,2024-06-18
25,62400,RENT,7.0,VENTURE,B,20000,11.48,1,0.32,N,2,2024-09-04
25,63000,RENT,3.0,MEDICAL,B,20000,12.42,1,0.32,N,3,2024-01-04
23,65000,RENT,7.0,VENTURE,B,20000,11.49,1,0.31,N,3,2024-03-19
26,59000,RENT,3.0,PERSONAL,C,20000,11.013786929274843,1,0.34,N,4,2024-05-25
23,59000,RENT,7.0,EDUCATION,C,20000,12.29,1,0.34,N,4,2024-04-07
26,65004,RENT,7.0,DEBTCONSOLIDATION,B,20000,11.99,1,0.31,N,2,2024-07-29
25,59004,RENT,1.0,PERSONAL,D,20000,14.84,1,0.34,Y,2,2024-11-13
23,59004,RENT,5.0,DEBTCONSOLIDATION,B,20000,10.83,1,0.34,N,2,2024-10-05
23,65500,RENT,2.0,DEBTCONSOLIDATION,C,20000,13.22,1,0.31,N,2,2024-10-05
22,66996,RENT,3.0,EDUCATION,B,20000,12.18,0,0.3,N,2,2024-04-14
24,67000,RENT,5.0,HOMEIMPROVEMENT,C,20000,13.48,0,0.3,Y,2,2024-10-25
26,68000,RENT,10.0,EDUCATION,B,20000,10.75,0,0.29,N,4,2024-02-29
25,68000,RENT,4.0,PERSONAL,C,20000,12.53,0,0.29,Y,4,2024-10-20
24,62400,RENT,4.0,DEBTCONSOLIDATION,D,20000,14.84,1,0.32,N,4,2024-05-18
23,69500,RENT,3.0,VENTURE,E,20000,17.74,0,0.29,Y,2,2024-01-05
25,70000,RENT,5.0,HOMEIMPROVEMENT,B,20000,9.99,0,0.29,N,2,2024-12-18
22,70000,RENT,2.0,PERSONAL,A,20000,6.91,0,0.29,N,4,2024-06-11
25,71004,RENT,9.0,PERSONAL,D,20000,14.09,0,0.28,N,2,2024-06-18
22,21000,MORTGAGE,4.0,DEBTCONSOLIDATION,B,3000,11.49,0,0.14,N,3,2024-08-10
23,71004,RENT,8.0,EDUCATION,D,20000,14.09,0,0.28,N,3,2024-03-10
23,55392,RENT,3.0,MEDICAL,D,20000,15.2,1,0.31,Y,4,2024-07-09
24,72000,RENT,5.0,MEDICAL,B,20000,11.83,0,0.28,N,2,2024-08-21
24,21000,OTHER,4.0,PERSONAL,B,6000,12.21,0,0.29,N,2,2024-07-20
23,66000,RENT,1.0,VENTURE,D,20000,14.11,1,0.3,N,3,2024-06-14
22,66000,RENT,3.0,DEBTCONSOLIDATION,D,20000,14.42,1,0.3,N,2,2024-01-25
24,72000,RENT,4.0,HOMEIMPROVEMENT,D,20000,14.74,0,0.28,Y,3,2024-08-17
22,21120,MORTGAGE,3.0,DEBTCONSOLIDATION,D,1625,16.89,1,0.08,Y,3,2024-03-18
25,75000,RENT,8.0,DEBTCONSOLIDATION,B,20000,11.013786929274843,0,0.27,N,4,2024-05-13
25,21221,MORTGAGE,4.0,VENTURE,B,8500,9.63,0,0.4,N,4,2024-03-14
24,75000,RENT,4.0,HOMEIMPROVEMENT,B,20000,8.88,0,0.27,N,3,2024-10-29
26,75000,RENT,5.0,MEDICAL,A,20000,6.91,0,0.27,N,4,2024-02-14
26,75000,RENT,3.0,EDUCATION,A,20000,11.013786929274843,0,0.27,N,3,2024-10-02
22,69000,RENT,6.0,DEBTCONSOLIDATION,B,20000,10.99,1,0.29,N,4,2024-03-09
22,75000,RENT,2.0,VENTURE,C,20000,11.013786929274843,0,0.27,N,2,2024-11-29
26,21600,OWN,5.0,EDUCATION,B,5200,12.42,0,0.24,N,3,2024-06-11
23,75600,RENT,3.0,PERSONAL,E,20000,16.32,0,0.26,Y,3,2024-03-04
23,76000,RENT,7.0,MEDICAL,B,20000,10.37,0,0.26,N,3,2024-04-15
26,70000,RENT,7.0,DEBTCONSOLIDATION,C,20000,13.16,1,0.29,N,3,2024-03-04
24,70000,RENT,8.0,VENTURE,E,20000,14.88,1,0.29,N,4,2024-04-21
22,77004,RENT,6.0,DEBTCONSOLIDATION,C,20000,13.98,0,0.26,N,4,2024-09-15
24,21600,MORTGAGE,8.0,MEDICAL,A,8000,5.42,0,0.37,N,2,2024-03-26
26,78000,RENT,8.0,HOMEIMPROVEMENT,C,20000,13.85,0,0.26,Y,4,2024-04-20
22,21600,MORTGAGE,6.0,VENTURE,C,1400,11.013786929274843,0,0.06,N,2,2024-05-10
23,61200,RENT,4.0,MEDICAL,B,20000,11.14,1,0.28,N,2,2024-09-07
24,72000,RENT,6.0,DEBTCONSOLIDATION,D,20000,11.013786929274843,1,0.28,Y,4,2024-06-14
23,78000,RENT,3.0,VENTURE,B,20000,11.58,0,0.26,N,3,2024-11-26
23,78500,RENT,7.0,MEDICAL,C,20000,13.85,0,0.25,Y,4,2024-08-23
23,79000,RENT,5.0,EDUCATION,D,20000,16.89,0,0.25,Y,4,2024-10-03
23,80000,RENT,4.0,MEDICAL,A,20000,7.9,0,0.25,N,4,2024-07-06
23,21600,OWN,2.0,VENTURE,C,6000,12.68,0,0.28,N,4,2024-12-09
22,62900,RENT,6.0,MEDICAL,D,20000,14.91,1,0.27,N,4,2024-04-23
24,80000,RENT,3.0,VENTURE,C,20000,13.06,0,0.25,N,4,2024-12-30
25,80000,RENT,7.0,EDUCATION,B,20000,8.88,0,0.25,N,4,2024-03-07
23,21600,MORTGAGE,7.0,EDUCATION,A,2000,6.17,0,0.09,N,4,2024-03-14
22,80000,RENT,3.0,EDUCATION,C,20000,13.98,0,0.25,Y,4,2024-06-05
22,21600,OWN,3.0,VENTURE,A,8500,6.54,0,0.39,N,4,2024-11-13
26,62900,RENT,2.0,MEDICAL,C,20000,13.85,1,0.27,N,3,2024-02-18
25,74004,RENT,2.0,PERSONAL,E,20000,15.95,1,0.27,Y,4,2024-05-29
25,80004,RENT,9.0,HOMEIMPROVEMENT,C,20000,14.26,0,0.25,Y,4,2024-04-24
23,80700,RENT,7.0,MEDICAL,B,20000,11.71,0,0.25,N,2,2024-11-13
22,81000,RENT,3.0,DEBTCONSOLIDATION,C,20000,13.49,0,0.25,N,4,2024-04-21
22,82000,RENT,6.0,EDUCATION,C,20000,11.013786929274843,0,0.24,Y,2,2024-09-28
23,76042,RENT,6.0,HOMEIMPROVEMENT,D,20000,15.05,1,0.26,Y,4,2024-09-20
22,76654,RENT,2.0,EDUCATION,C,20000,13.79,1,0.26,Y,4,2024-06-16
24,83500,RENT,1.0,EDUCATION,C,20000,13.48,0,0.24,N,3,2024-12-29
23,84000,RENT,7.0,PERSONAL,B,20000,11.11,0,0.24,N,4,2024-02-02
25,84000,RENT,9.0,EDUCATION,C,20000,13.92,0,0.24,N,2,2024-03-05
24,78996,RENT,2.0,HOMEIMPROVEMENT,D,20000,14.11,1,0.25,N,2,2024-01-29
25,85000,RENT,3.0,DEBTCONSOLIDATION,B,20000,10.25,0,0.24,N,3,2024-11-27
26,73000,RENT,3.0,PERSONAL,B,20000,12.53,1,0.27,N,2,2024-10-09
23,21840,OWN,1.0,VENTURE,A,9000,7.88,0,0.41,N,3,2024-11-20
25,85000,RENT,4.0,HOMEIMPROVEMENT,B,20000,11.013786929274843,0,0.24,N,2,2024-11-13
24,21948,MORTGAGE,2.0,VENTURE,D,4000,11.013786929274843,0,0.18,N,2,2024-06-19
22,87000,RENT,5.0,DEBTCONSOLIDATION,C,20000,13.85,0,0.23,N,4,2024-03-21
23,21996,OWN,4.0,PERSONAL,C,6000,13.23,0,0.27,N,4,2024-03-26
22,90000,RENT,5.0,PERSONAL,B,20000,11.013786929274843,0,0.22,N,4,2024-04-29
24,90000,RENT,9.0,DEBTCONSOLIDATION,A,20000,6.54,0,0.22,N,3,2024-05-03
23,90000,RENT,2.0,MEDICAL,B,20000,11.49,0,0.22,N,4,2024-02-08
26,90000,RENT,10.0,MEDICAL,B,20000,11.49,0,0.22,N,3,2024-05-16
22,22000,MORTGAGE,6.0,EDUCATION,B,7000,11.71,0,0.32,N,2,2024-04-22
25,91229,RENT,2.0,EDUCATION,C,20000,14.35,0,0.22,N,3,2024-10-17
26,22000,MORTGAGE,3.0,DEBTCONSOLIDATION,B,3825,10.65,0,0.17,N,4,2024-03-28
22,92000,RENT,6.0,VENTURE,F,20000,15.65,0,0.22,Y,2,2024-01-06
22,22000,MORTGAGE,3.0,VENTURE,A,6500,11.013786929274843,0,0.3,N,4,2024-03-10
25,22000,MORTGAGE,9.0,EDUCATION,A,5875,6.62,1,0.27,N,2,2024-01-16
25,92407,RENT,9.0,MEDICAL,B,20000,9.25,0,0.22,N,2,2024-04-06
24,22000,MORTGAGE,8.0,PERSONAL,A,8000,5.42,0,0.36,N,4,2024-05-19
23,22000,MORTGAGE,5.0,DEBTCONSOLIDATION,A,1550,7.49,1,0.07,N,2,2024-07-02
22,94500,RENT,2.0,PERSONAL,B,20000,11.013786929274843,0,0.21,N,2,2024-01-18
23,83000,RENT,7.0,DEBTCONSOLIDATION,C,20000,11.013786929274843,1,0.24,N,2,2024-12-08
23,95000,RENT,2.0,EDUCATION,B,20000,10.99,0,0.21,N,2,2024-08-12
24,95000,RENT,4.0,HOMEIMPROVEMENT,D,20000,11.013786929274843,0,0.21,Y,3,2024-04-21
23,96000,RENT,1.0,MEDICAL,C,20000,13.04,0,0.21,N,3,2024-08-22
22,22000,MORTGAGE,6.0,PERSONAL,A,7200,7.14,0,0.33,N,2,2024-04-09
22,85200,RENT,6.0,VENTURE,D,20000,15.65,1,0.23,Y,4,2024-07-17
22,98000,RENT,2.0,EDUCATION,B,20000,11.83,0,0.2,N,4,2024-01-23
24,22000,OWN,1.0,DEBTCONSOLIDATION,D,3000,16.0,0,0.14,Y,2,2024-08-01
23,99000,RENT,7.0,EDUCATION,D,20000,15.28,0,0.2,N,4,2024-06-04
22,22000,OWN,1.0,DEBTCONSOLIDATION,D,8500,15.05,0,0.39,N,4,2024-04-02
26,22000,OWN,6.0,VENTURE,B,7500,10.96,0,0.34,N,2,2024-04-25
25,100000,RENT,9.0,HOMEIMPROVEMENT,C,20000,13.06,0,0.2,N,2,2024-10-01
25,100000,RENT,9.0,HOMEIMPROVEMENT,C,20000,13.06,0,0.2,Y,2,2024-01-02
23,22080,MORTGAGE,3.0,EDUCATION,A,6700,11.013786929274843,0,0.3,N,4,2024-04-16
22,74800,RENT,3.0,MEDICAL,D,20000,14.96,1,0.23,Y,4,2024-02-26
23,74800,RENT,1.0,MEDICAL,E,20000,17.04,1,0.23,Y,2,2024-08-01
25,22260,MORTGAGE,9.0,PERSONAL,A,6400,7.88,0,0.29,N,4,2024-06-02
23,93000,RENT,6.0,PERSONAL,C,20000,13.22,1,0.22,N,3,2024-10-27
25,96901,RENT,3.0,PERSONAL,C,20000,11.013786929274843,1,0.21,N,3,2024-05-30
23,110000,RENT,3.0,EDUCATION,B,20000,12.42,0,0.18,N,3,2024-09-05
22,110000,RENT,7.0,EDUCATION,C,20000,14.17,0,0.18,N,3,2024-11-24
22,110000,RENT,6.0,DEBTCONSOLIDATION,C,20000,13.72,0,0.18,N,3,2024-12-24
24,110000,RENT,1.0,PERSONAL,B,20000,10.38,0,0.18,N,4,2024-08-22
23,110000,RENT,2.0,VENTURE,B,20000,11.013786929274843,0,0.18,N,2,2024-04-01
22,22800,MORTGAGE,5.0,PERSONAL,A,2000,7.51,0,0.09,N,3,2024-02-02
23,22800,MORTGAGE,2.0,PERSONAL,A,3000,8.9,1,0.13,N,2,2024-05-28
25,85000,RENT,7.0,MEDICAL,E,20000,17.39,1,0.2,N,2,2024-08-14
23,22800,MORTGAGE,3.0,PERSONAL,A,4800,5.79,0,0.21,N,2,2024-06-17
23,120000,RENT,4.0,MEDICAL,B,20000,10.37,0,0.17,N,4,2024-03-09
24,22800,OWN,3.0,HOMEIMPROVEMENT,B,4750,11.36,0,0.21,N,3,2024-02-28
24,121000,RENT,8.0,VENTURE,A,20000,8.9,0,0.17,N,3,2024-08-27
23,125000,RENT,7.0,VENTURE,B,20000,11.11,0,0.16,N,4,2024-04-25
26,130000,RENT,10.0,DEBTCONSOLIDATION,C,20000,13.11,0,0.15,Y,4,2024-10-13
23,22884,MORTGAGE,4.0,EDUCATION,E,6000,16.0,0,0.26,N,2,2024-07-07
24,133000,RENT,3.0,EDUCATION,D,20000,12.36,0,0.15,Y,2,2024-07-06
22,23000,MORTGAGE,5.0,DEBTCONSOLIDATION,A,10625,7.51,0,0.46,N,4,2024-04-21
25,140000,RENT,9.0,EDUCATION,A,20000,6.54,0,0.14,N,4,2024-09-10
24,138000,RENT,2.0,VENTURE,D,20000,15.99,1,0.14,Y,3,2024-02-28
23,23000,MORTGAGE,7.0,HOMEIMPROVEMENT,D,3600,17.27,1,0.16,Y,3,2024-01-30
26,148000,RENT,1.0,DEBTCONSOLIDATION,E,20000,17.99,1,0.14,N,3,2024-09-20
22,160000,RENT,6.0,PERSONAL,A,20000,7.49,0,0.13,N,4,2024-09-05
22,23000,MORTGAGE,2.0,DEBTCONSOLIDATION,B,4800,10.0,0,0.21,N,4,2024-03-21
26,160000,RENT,3.0,HOMEIMPROVEMENT,B,20000,9.99,0,0.13,N,3,2024-08-23
26,168000,RENT,1.0,VENTURE,B,20000,11.36,0,0.12,N,4,2024-02-28
26,172500,RENT,3.0,HOMEIMPROVEMENT,B,20000,11.83,0,0.12,N,2,2024-03-14
25,175000,RENT,3.0,DEBTCONSOLIDATION,C,20000,14.72,0,0.11,Y,2,2024-07-17
25,58000,RENT,9.0,MEDICAL,B,19900,11.83,1,0.34,N,4,2024-09-24
26,116000,RENT,10.0,MEDICAL,B,19800,11.48,0,0.17,N,4,2024-10-03
25,23000,MORTGAGE,4.0,PERSONAL,C,10000,11.013786929274843,1,0.43,Y,2,2024-08-23
22,23000,MORTGAGE,4.0,EDUCATION,D,7000,14.96,0,0.3,Y,3,2024-06-20
22,23000,MORTGAGE,1.0,EDUCATION,A,2400,9.63,0,0.1,N,4,2024-12-07
22,12240,RENT,1.0,PERSONAL,D,1000,14.96,1,0.08,Y,3,2024-03-14
22,14400,RENT,2.0,VENTURE,E,1000,16.69,1,0.07,Y,3,2024-12-21
22,16800,RENT,2.0,EDUCATION,C,1000,13.48,0,0.06,Y,4,2024-12-06
24,19200,RENT,2.0,EDUCATION,B,1000,12.53,0,0.05,N,4,2024-03-31
23,39600,RENT,5.0,EDUCATION,B,19000,10.62,1,0.48,N,2,2024-11-19
22,39900,RENT,4.0,VENTURE,B,19000,12.18,1,0.48,N,3,2024-10-05
25,47000,RENT,4.0,MEDICAL,B,19000,11.99,1,0.4,N,2,2024-04-02
25,50000,RENT,2.0,HOMEIMPROVEMENT,B,19000,10.99,1,0.38,N,4,2024-04-19
25,52000,RENT,5.0,MEDICAL,B,19000,11.013786929274843,1,0.37,N,4,2024-05-22
24,23500,MORTGAGE,2.0,DEBTCONSOLIDATION,B,7000,10.38,0,0.3,N,3,2024-02-18
26,47500,RENT,10.0,PERSONAL,E,19000,16.7,1,0.4,Y,4,2024-05-02
25,54000,RENT,8.0,DEBTCONSOLIDATION,C,19000,11.013786929274843,1,0.35,Y,4,2024-01-04
22,54000,RENT,6.0,VENTURE,A,19000,11.013786929274843,1,0.35,N,4,2024-09-13
23,54586,RENT,5.0,PERSONAL,B,19000,11.14,1,0.35,N,2,2024-05-25
26,62004,RENT,5.0,MEDICAL,A,19000,7.49,1,0.31,N,2,2024-04-10
22,70000,RENT,1.0,MEDICAL,B,19000,8.88,0,0.27,N,4,2024-10-06
23,72000,RENT,3.0,MEDICAL,B,19000,10.99,0,0.26,N,4,2024-03-06
24,73000,RENT,8.0,HOMEIMPROVEMENT,B,19000,10.62,0,0.26,N,3,2024-10-14
23,78000,RENT,2.0,VENTURE,A,19000,8.9,0,0.24,N,2,2024-06-17
26,96000,RENT,6.0,PERSONAL,C,19000,13.22,0,0.2,Y,2,2024-11-27
24,105000,RENT,2.0,HOMEIMPROVEMENT,C,19000,12.29,0,0.18,Y,2,2024-06-02
24,175000,RENT,1.0,PERSONAL,B,19000,11.48,0,0.11,N,3,2024-07-14
26,50000,RENT,10.0,PERSONAL,B,18950,11.013786929274843,1,0.38,N,3,2024-08-05
26,55000,RENT,7.0,DEBTCONSOLIDATION,A,18800,6.99,1,0.34,N,2,2024-07-24
22,70000,RENT,2.0,DEBTCONSOLIDATION,B,18750,10.38,0,0.27,N,2,2024-06-07
22,43000,RENT,4.0,DEBTCONSOLIDATION,B,18550,11.83,1,0.43,N,4,2024-04-23
24,34300,RENT,4.0,MEDICAL,B,18500,10.71,1,0.54,N,2,2024-02-19
22,38000,RENT,2.0,MEDICAL,A,18500,7.66,1,0.49,N,4,2024-06-15
25,55784,RENT,2.0,DEBTCONSOLIDATION,C,18500,13.61,1,0.33,N,3,2024-06-03
23,74196,RENT,2.0,EDUCATION,B,18500,11.26,0,0.25,N,3,2024-06-05
22,24000,OWN,5.0,MEDICAL,B,8000,9.91,0,0.33,N,2,2024-06-21
24,78000,RENT,1.0,VENTURE,F,18500,15.33,1,0.24,N,2,2024-06-03
26,145000,RENT,3.0,EDUCATION,C,18500,12.87,0,0.13,Y,3,2024-10-16
22,24000,MORTGAGE,5.0,EDUCATION,A,5000,7.9,0,0.21,N,2,2024-01-29
22,48888,RENT,1.0,PERSONAL,C,18400,13.16,1,0.38,N,2,2024-07-05
22,50000,RENT,2.0,DEBTCONSOLIDATION,B,18400,9.99,1,0.37,N,2,2024-05-19
23,120000,RENT,7.0,PERSONAL,A,18400,8.9,0,0.15,N,2,2024-08-20
22,24000,MORTGAGE,1.0,VENTURE,C,5000,14.65,1,0.21,N,4,2024-12-15
24,35004,RENT,3.0,PERSONAL,B,18250,11.49,1,0.52,N,4,2024-11-27
25,34500,RENT,1.0,VENTURE,E,18250,17.04,1,0.53,N,3,2024-02-09
22,24000,MORTGAGE,4.0,VENTURE,A,1300,5.42,0,0.05,N,3,2024-01-11
22,36996,RENT,2.0,PERSONAL,D,18250,14.61,1,0.49,Y,2,2024-10-21
24,45600,RENT,2.0,VENTURE,C,18250,13.35,1,0.4,N,4,2024-05-22
23,46000,RENT,6.0,PERSONAL,B,18250,10.75,1,0.4,N,2,2024-08-12
25,46000,RENT,8.0,DEBTCONSOLIDATION,C,18250,14.26,1,0.4,N,3,2024-05-24
25,55044,RENT,4.0,VENTURE,E,18250,17.56,1,0.33,N,2,2024-08-05
22,50000,RENT,6.0,DEBTCONSOLIDATION,E,18250,16.7,1,0.36,Y,3,2024-08-19
23,50000,RENT,4.0,VENTURE,B,18225,10.74,1,0.36,N,2,2024-09-22
24,36000,RENT,4.0,VENTURE,B,18200,8.88,1,0.51,N,4,2024-07-26
25,36400,RENT,2.0,PERSONAL,B,18200,9.91,1,0.5,N,4,2024-01-20
22,36000,RENT,6.0,DEBTCONSOLIDATION,B,18200,11.71,1,0.51,N,3,2024-01-01
24,55000,RENT,4.0,EDUCATION,B,18200,10.99,1,0.33,N,2,2024-12-08
23,27000,RENT,2.0,VENTURE,C,18000,11.54,1,0.67,Y,4,2024-05-29
23,24000,OWN,2.0,EDUCATION,D,8000,15.62,0,0.33,N,2,2024-07-07
23,33000,RENT,4.0,VENTURE,B,18000,9.91,1,0.55,N,4,2024-01-05
23,39996,RENT,2.0,EDUCATION,B,18000,9.25,1,0.45,N,4,2024-10-06
25,40000,RENT,2.0,MEDICAL,C,18000,13.11,1,0.45,Y,3,2024-10-08
22,24000,MORTGAGE,2.0,DEBTCONSOLIDATION,B,5000,10.99,0,0.21,N,4,2024-03-26
25,42000,RENT,3.0,VENTURE,A,18000,6.17,1,0.43,N,2,2024-10-14
24,24000,MORTGAGE,3.0,MEDICAL,A,8000,5.99,0,0.33,N,4,2024-05-10
24,24000,OWN,1.0,EDUCATION,A,2400,7.49,0,0.1,N,2,2024-04-07
24,42765,RENT,9.0,DEBTCONSOLIDATION,C,18000,11.03,1,0.42,Y,2,2024-05-14
24,43000,RENT,9.0,MEDICAL,A,18000,7.9,1,0.42,N,2,2024-02-27
22,44000,RENT,7.0,EDUCATION,C,18000,13.57,1,0.41,Y,4,2024-11-13
24,44000,RENT,6.0,VENTURE,B,18000,12.18,1,0.41,N,2,2024-11-03
25,39000,RENT,3.0,MEDICAL,E,18000,17.19,1,0.46,N,3,2024-02-08
22,46800,RENT,6.0,MEDICAL,C,18000,15.23,1,0.38,Y,2,2024-04-16
22,48000,RENT,5.0,EDUCATION,B,18000,11.013786929274843,1,0.38,N,2,2024-07-08
24,42000,RENT,8.0,HOMEIMPROVEMENT,D,18000,14.46,1,0.43,Y,3,2024-12-17
24,24000,OWN,5.0,VENTURE,A,4200,6.99,0,0.17,N,3,2024-12-23
24,43400,RENT,2.0,DEBTCONSOLIDATION,E,18000,16.63,1,0.41,Y,2,2024-04-24
24,50000,RENT,1.0,MEDICAL,B,18000,12.42,1,0.36,N,4,2024-01-04
24,50000,RENT,4.0,VENTURE,A,18000,7.9,1,0.36,N,4,2024-10-07
23,24000,MORTGAGE,2.0,MEDICAL,D,5000,15.99,1,0.21,Y,2,2024-09-07
26,50000,RENT,5.0,EDUCATION,C,18000,13.11,1,0.36,N,3,2024-04-11
22,50000,RENT,6.0,VENTURE,C,18000,13.79,1,0.36,N,2,2024-04-09
22,24000,OWN,3.0,EDUCATION,B,2500,10.59,0,0.1,N,2,2024-06-28
22,52000,RENT,6.0,EDUCATION,C,18000,11.013786929274843,1,0.35,N,4,2024-02-07
22,24000,OWN,1.0,MEDICAL,C,6000,12.68,0,0.25,Y,4,2024-12-04
25,52000,RENT,2.0,VENTURE,C,18000,12.98,1,0.35,N,4,2024-05-14
22,52000,RENT,1.0,VENTURE,C,18000,13.85,1,0.35,Y,4,2024-05-27
25,52526,RENT,9.0,VENTURE,B,18000,12.21,1,0.34,N,2,2024-01-30
22,46610,RENT,6.0,DEBTCONSOLIDATION,B,18000,10.71,1,0.39,N,3,2024-09-21
24,48000,RENT,5.0,PERSONAL,A,18000,6.54,1,0.38,N,2,2024-09-29
25,55000,RENT,2.0,EDUCATION,C,18000,12.84,1,0.33,N,2,2024-11-26
25,55344,RENT,2.0,HOMEIMPROVEMENT,B,18000,10.99,1,0.33,N,4,2024-01-08
23,24000,MORTGAGE,5.0,MEDICAL,B,1375,11.11,1,0.06,N,4,2024-10-24
24,56000,RENT,2.0,EDUCATION,C,18000,13.48,1,0.32,N,3,2024-11-24
25,58000,RENT,6.0,VENTURE,C,18000,11.013786929274843,1,0.31,N,4,2024-02-19
26,53000,RENT,2.0,VENTURE,E,18000,17.19,1,0.34,Y,3,2024-05-08
22,60000,RENT,3.0,EDUCATION,D,18000,16.32,0,0.3,N,4,2024-11-15
25,61500,RENT,1.0,EDUCATION,C,18000,13.23,0,0.29,Y,2,2024-09-15
26,24000,MORTGAGE,10.0,MEDICAL,A,5000,7.66,1,0.21,N,3,2024-08-27
23,24000,MORTGAGE,1.0,EDUCATION,B,5600,9.63,0,0.23,N,3,2024-07-24
24,24000,OWN,2.0,VENTURE,A,10000,6.92,0,0.42,N,4,2024-06-02
23,63000,RENT,1.0,EDUCATION,B,18000,10.99,0,0.29,N,3,2024-08-19
23,63000,RENT,2.0,EDUCATION,C,18000,13.57,0,0.29,Y,3,2024-08-01
25,65000,RENT,8.0,VENTURE,A,18000,11.013786929274843,0,0.28,N,3,2024-10-07
25,65000,RENT,9.0,HOMEIMPROVEMENT,C,18000,13.99,0,0.28,N,3,2024-02-24
24,59000,RENT,1.0,HOMEIMPROVEMENT,D,18000,14.96,1,0.31,Y,4,2024-11-17
25,65000,RENT,8.0,HOMEIMPROVEMENT,C,18000,11.013786929274843,0,0.28,N,3,2024-04-05
26,59000,RENT,2.0,VENTURE,E,18000,16.0,1,0.31,N,4,2024-09-03
26,60000,RENT,2.0,HOMEIMPROVEMENT,D,18000,16.29,1,0.3,Y,2,2024-01-30
25,66000,RENT,9.0,EDUCATION,B,18000,10.25,0,0.27,N,3,2024-05-16
24,70000,RENT,1.0,HOMEIMPROVEMENT,B,18000,9.88,0,0.26,N,2,2024-06-17
25,54400,RENT,10.0,MEDICAL,E,18000,16.0,1,0.28,Y,2,2024-07-17
25,70200,RENT,9.0,EDUCATION,E,18000,16.45,0,0.26,N,2,2024-01-21
25,65000,RENT,3.0,PERSONAL,D,18000,15.33,1,0.28,N,4,2024-09-21
26,71820,RENT,10.0,DEBTCONSOLIDATION,B,18000,11.83,0,0.25,N,2,2024-09-16
24,66000,RENT,2.0,PERSONAL,D,18000,14.54,1,0.27,Y,4,2024-05-09
24,72000,RENT,4.0,VENTURE,A,18000,7.88,0,0.25,N,2,2024-05-08
24,24000,OWN,3.0,EDUCATION,C,3000,13.98,0,0.13,N,2,2024-02-25
23,73500,RENT,7.0,EDUCATION,A,18000,11.013786929274843,0,0.24,N,2,2024-04-11
23,75000,RENT,7.0,EDUCATION,C,18000,12.73,0,0.24,Y,4,2024-01-27
25,24000,MORTGAGE,2.0,PERSONAL,D,3500,15.58,1,0.15,Y,2,2024-10-17
23,75576,RENT,7.0,EDUCATION,B,18000,9.88,0,0.24,N,3,2024-02-11
26,78000,RENT,6.0,EDUCATION,C,18000,13.49,0,0.23,N,2,2024-06-16
23,80000,RENT,5.0,VENTURE,A,18000,8.49,0,0.23,N,3,2024-11-14
22,80000,RENT,1.0,EDUCATION,B,18000,10.99,0,0.23,N,4,2024-10-08
26,80171,RENT,3.0,HOMEIMPROVEMENT,C,18000,13.85,0,0.22,N,3,2024-10-23
23,81000,RENT,7.0,MEDICAL,C,18000,13.98,0,0.22,N,2,2024-01-31
23,24000,MORTGAGE,1.0,DEBTCONSOLIDATION,D,2800,16.07,1,0.12,N,3,2024-01-22
23,82000,RENT,7.0,MEDICAL,A,18000,11.013786929274843,0,0.22,N,2,2024-06-25
23,76500,RENT,3.0,DEBTCONSOLIDATION,B,18000,10.65,1,0.24,N,4,2024-07-25
24,24000,MORTGAGE,4.0,EDUCATION,D,8500,15.7,0,0.35,N,2,2024-05-29
26,24000,MORTGAGE,5.0,PERSONAL,C,2100,13.11,0,0.09,N,3,2024-07-12
22,82570,RENT,6.0,VENTURE,C,18000,15.27,0,0.22,N,2,2024-09-30
26,24000,MORTGAGE,1.0,HOMEIMPROVEMENT,B,6000,10.99,0,0.25,N,4,2024-09-27
25,84000,RENT,5.0,HOMEIMPROVEMENT,B,18000,9.88,0,0.21,N,3,2024-08-21
22,24000,MORTGAGE,6.0,MEDICAL,A,2500,7.14,0,0.1,N,2,2024-08-01
26,86000,RENT,10.0,VENTURE,A,18000,8.49,0,0.21,N,2,2024-11-08
23,87000,RENT,2.0,EDUCATION,B,18000,11.89,0,0.21,N,2,2024-07-29
23,88000,RENT,1.0,EDUCATION,C,18000,13.16,0,0.2,N,4,2024-03-26
23,90000,RENT,4.0,PERSONAL,B,18000,8.88,0,0.2,N,4,2024-01-12
24,95000,RENT,3.0,DEBTCONSOLIDATION,A,18000,8.49,0,0.19,N,4,2024-07-03
26,95000,RENT,9.0,HOMEIMPROVEMENT,D,18000,15.31,0,0.19,N,3,2024-02-14
24,102000,RENT,8.0,EDUCATION,C,18000,12.53,0,0.18,Y,3,2024-07-09
24,110000,RENT,4.0,DEBTCONSOLIDATION,B,18000,12.18,0,0.16,N,4,2024-02-18
23,87550,RENT,7.0,MEDICAL,A,18000,7.51,1,0.17,N,3,2024-04-04
26,116004,RENT,6.0,VENTURE,B,18000,11.83,0,0.16,N,4,2024-01-19
24,121000,RENT,8.0,PERSONAL,F,18000,18.3,0,0.15,N,3,2024-07-28
22,125000,RENT,3.0,MEDICAL,C,18000,14.79,0,0.14,Y,3,2024-12-11
25,24000,OWN,4.0,MEDICAL,B,5000,10.95,0,0.21,N,3,2024-01-09
22,144500,RENT,5.0,DEBTCONSOLIDATION,C,18000,13.72,0,0.12,N,3,2024-02-09
24,155000,RENT,8.0,EDUCATION,B,18000,10.62,0,0.12,N,4,2024-02-23
22,24000,OWN,6.0,MEDICAL,B,5000,12.21,0,0.21,N,3,2024-02-23
26,130000,RENT,2.0,PERSONAL,A,17950,11.013786929274843,0,0.14,N,2,2024-07-30
23,62050,RENT,1.0,MEDICAL,E,17800,16.35,1,0.24,Y,3,2024-02-12
23,24000,OWN,1.0,EDUCATION,B,1500,12.21,0,0.06,N,2,2024-04-15
22,65000,RENT,6.0,DEBTCONSOLIDATION,B,17700,11.49,0,0.27,N,2,2024-10-12
26,24000,MORTGAGE,5.0,PERSONAL,B,8000,9.76,0,0.33,N,3,2024-05-25
24,24000,MORTGAGE,3.0,EDUCATION,C,8000,11.34,0,0.33,Y,4,2024-01-27
22,24000,MORTGAGE,2.0,EDUCATION,D,3975,13.87,0,0.17,N,3,2024-03-03
23,45000,RENT,1.0,DEBTCONSOLIDATION,A,17625,8.9,1,0.39,N,4,2024-10-03
22,65500,RENT,4.0,EDUCATION,B,17600,10.74,0,0.27,N,2,2024-02-28
24,70000,RENT,1.0,HOMEIMPROVEMENT,B,17600,10.62,0,0.25,N,2,2024-07-24
24,71480,RENT,8.0,HOMEIMPROVEMENT,F,17600,11.013786929274843,0,0.25,N,4,2024-05-05
23,24091,MORTGAGE,5.0,PERSONAL,C,3500,12.99,0,0.15,Y,2,2024-05-21
24,72250,RENT,5.0,MEDICAL,E,17600,17.19,1,0.21,Y,4,2024-08-21
25,32400,RENT,1.0,HOMEIMPROVEMENT,D,17500,15.95,1,0.54,Y,3,2024-01-20
23,36000,RENT,2.0,VENTURE,C,17500,14.22,1,0.49,N,4,2024-11-16
24,40800,RENT,6.0,MEDICAL,B,17500,10.62,1,0.43,N,4,2024-02-18
22,24449,OWN,2.0,VENTURE,B,1800,11.89,0,0.07,N,4,2024-08-17
25,44000,RENT,6.0,EDUCATION,B,17500,12.53,1,0.4,N,4,2024-05-22
23,47500,RENT,5.0,MEDICAL,C,17500,13.61,1,0.37,N,4,2024-06-14
22,49176,RENT,7.0,MEDICAL,C,17500,13.85,1,0.36,N,2,2024-01-15
23,49270,RENT,7.0,DEBTCONSOLIDATION,C,17500,13.85,1,0.36,N,4,2024-07-13
23,53352,RENT,3.0,VENTURE,A,17500,6.54,1,0.33,N,2,2024-02-05
24,54996,RENT,7.0,EDUCATION,E,17500,17.19,1,0.32,N,3,2024-10-03
24,58000,RENT,5.0,EDUCATION,C,17500,13.49,0,0.3,Y,4,2024-12-03
23,59000,RENT,1.0,EDUCATION,B,17500,9.25,0,0.3,N,4,2024-12-06
26,60000,RENT,10.0,VENTURE,A,17500,6.54,0,0.29,N,4,2024-08-23
26,75000,RENT,4.0,PERSONAL,A,17500,7.9,0,0.23,N,2,2024-05-15
22,24900,MORTGAGE,1.0,MEDICAL,C,5500,13.16,1,0.22,N,2,2024-12-18
25,95950,RENT,2.0,HOMEIMPROVEMENT,B,17500,11.71,0,0.18,N,2,2024-05-03
23,40000,RENT,2.0,EDUCATION,B,17475,9.91,1,0.44,N,2,2024-03-15
23,24996,MORTGAGE,4.0,EDUCATION,B,5000,12.69,0,0.2,N,2,2024-07-19
24,82000,RENT,7.0,PERSONAL,B,17400,11.99,0,0.21,N,4,2024-03-12
24,96000,RENT,1.0,DEBTCONSOLIDATION,B,17400,10.37,0,0.18,N,2,2024-08-28
24,133000,RENT,5.0,EDUCATION,B,17400,11.71,0,0.13,N,4,2024-09-14
24,95000,RENT,8.0,PERSONAL,D,17200,17.58,0,0.18,N,3,2024-12-04
23,35000,RENT,6.0,EDUCATION,B,17000,10.37,1,0.49,N,2,2024-11-02
26,29400,RENT,1.0,HOMEIMPROVEMENT,C,17000,12.99,1,0.58,Y,2,2024-12-04
22,40000,RENT,1.0,DEBTCONSOLIDATION,B,17000,10.65,1,0.42,N,4,2024-10-08
22,41400,RENT,2.0,MEDICAL,C,17000,12.87,1,0.41,N,3,2024-10-26
22,42000,RENT,5.0,DEBTCONSOLIDATION,A,17000,7.66,1,0.4,N,4,2024-03-14
24,43275,RENT,4.0,MEDICAL,C,17000,13.47,1,0.39,N,3,2024-03-24
24,45792,RENT,3.0,DEBTCONSOLIDATION,B,17000,10.38,1,0.37,N,2,2024-06-16
23,47000,RENT,8.0,DEBTCONSOLIDATION,B,17000,9.99,1,0.36,N,4,2024-05-18
25,49896,RENT,7.0,EDUCATION,E,17000,16.82,1,0.34,N,3,2024-05-08
24,50000,RENT,3.0,PERSONAL,C,17000,13.79,1,0.34,N,3,2024-12-11
23,24996,OWN,1.0,PERSONAL,D,4575,11.013786929274843,0,0.18,Y,2,2024-02-15
23,24996,OWN,1.0,EDUCATION,B,8000,11.26,0,0.32,N,2,2024-01-25
23,51000,RENT,7.0,PERSONAL,A,17000,8.49,1,0.33,N,4,2024-07-28
25,52000,RENT,9.0,MEDICAL,C,17000,12.98,1,0.33,Y,2,2024-06-06
23,52000,RENT,3.0,DEBTCONSOLIDATION,B,17000,11.58,1,0.33,N,4,2024-12-27
24,52500,RENT,3.0,HOMEIMPROVEMENT,B,17000,11.013786929274843,1,0.32,N,3,2024-09-25
23,54660,RENT,6.0,MEDICAL,B,17000,9.88,1,0.31,N,4,2024-10-25
24,55782,RENT,3.0,DEBTCONSOLIDATION,A,17000,7.51,0,0.3,N,3,2024-03-08
23,53000,RENT,8.0,PERSONAL,B,17000,10.25,1,0.32,N,4,2024-04-24
22,25000,OWN,1.0,MEDICAL,C,2400,14.27,0,0.1,Y,2,2024-08-26
23,60000,RENT,3.0,PERSONAL,B,17000,11.11,0,0.28,N,2,2024-06-08
25,60000,RENT,3.0,PERSONAL,A,17000,6.91,0,0.28,N,2,2024-03-07
25,62000,RENT,3.0,VENTURE,A,17000,5.99,0,0.27,N,3,2024-04-20
23,70000,RENT,1.0,PERSONAL,B,17000,8.88,0,0.24,N,3,2024-07-21
24,75000,RENT,8.0,EDUCATION,B,17000,9.33,0,0.23,N,3,2024-08-16
23,78000,RENT,5.0,MEDICAL,B,17000,10.99,0,0.22,N,3,2024-12-12
23,85500,RENT,1.0,EDUCATION,C,17000,13.11,0,0.2,Y,2,2024-06-27
22,89004,RENT,7.0,DEBTCONSOLIDATION,A,17000,9.63,0,0.19,N,4,2024-09-10
23,90000,RENT,7.0,EDUCATION,B,17000,10.59,0,0.19,N,3,2024-11-24
26,95000,RENT,10.0,EDUCATION,B,17000,11.49,0,0.18,N,3,2024-05-25
22,96000,RENT,6.0,PERSONAL,B,17000,11.48,0,0.18,N,2,2024-01-20
25,114000,RENT,3.0,EDUCATION,B,17000,10.37,0,0.15,N,3,2024-11-07
26,175000,RENT,2.0,VENTURE,B,17000,9.88,0,0.1,N,3,2024-01-20
26,25000,MORTGAGE,10.0,MEDICAL,A,7000,6.99,0,0.28,N,2,2024-05-26
23,25000,OWN,5.0,MEDICAL,A,7200,8.49,0,0.29,N,2,2024-10-09
22,34819,RENT,2.0,PERSONAL,B,16800,10.99,1,0.48,N,4,2024-09-17
22,50000,RENT,1.0,MEDICAL,B,16800,12.53,1,0.34,N,3,2024-03-12
22,25000,MORTGAGE,4.0,EDUCATION,A,1800,8.49,0,0.07,N,2,2024-08-14
24,55000,RENT,8.0,MEDICAL,B,16800,11.013786929274843,1,0.31,N,4,2024-03-12
22,60000,RENT,2.0,MEDICAL,C,16800,14.65,0,0.28,Y,4,2024-04-29
24,60000,RENT,8.0,EDUCATION,A,16800,6.54,0,0.28,N,2,2024-11-07
26,54000,RENT,3.0,MEDICAL,D,16800,12.67,1,0.31,Y,3,2024-04-20
22,66000,RENT,6.0,MEDICAL,C,16800,13.49,0,0.25,Y,3,2024-03-06
22,58650,RENT,6.0,MEDICAL,D,16800,16.77,1,0.24,N,2,2024-06-05
24,74000,RENT,1.0,HOMEIMPROVEMENT,D,16800,15.65,1,0.23,Y,3,2024-05-21
26,97000,RENT,11.0,HOMEIMPROVEMENT,B,16800,12.42,0,0.17,N,3,2024-06-26
26,97000,RENT,4.0,MEDICAL,A,16800,6.17,0,0.17,N,4,2024-12-23
23,103000,RENT,4.0,DEBTCONSOLIDATION,C,16800,13.11,0,0.16,N,4,2024-05-18
24,125000,RENT,8.0,VENTURE,B,16800,12.42,0,0.13,N,4,2024-04-21
25,25000,OWN,5.0,HOMEIMPROVEMENT,C,2000,14.17,0,0.08,N,3,2024-03-22
23,36000,RENT,2.0,MEDICAL,D,16750,15.28,1,0.47,Y,4,2024-09-08
22,44500,RENT,1.0,DEBTCONSOLIDATION,B,16750,10.75,1,0.38,N,4,2024-08-29
26,45000,RENT,10.0,MEDICAL,C,16750,12.41,1,0.37,N,3,2024-08-06
23,46272,RENT,7.0,DEBTCONSOLIDATION,B,16750,11.99,1,0.36,N,3,2024-03-06
24,25000,MORTGAGE,1.0,MEDICAL,B,4000,11.11,0,0.16,N,2,2024-11-04
22,50496,RENT,6.0,MEDICAL,C,16750,13.11,1,0.33,Y,4,2024-12-16
23,54000,RENT,7.0,VENTURE,C,16750,11.013786929274843,1,0.31,N,4,2024-04-12
23,54996,RENT,4.0,EDUCATION,B,16700,10.37,0,0.3,N,3,2024-02-04
26,70000,RENT,9.0,MEDICAL,C,16525,13.92,0,0.24,Y,2,2024-06-20
25,98400,RENT,4.0,PERSONAL,D,16525,15.28,0,0.17,Y,3,2024-06-14
22,40428,RENT,4.0,MEDICAL,B,16500,10.75,1,0.41,N,2,2024-04-27
23,47000,RENT,5.0,VENTURE,B,16500,10.62,1,0.35,N,3,2024-04-11
22,48000,RENT,6.0,MEDICAL,A,16500,8.9,1,0.34,N,4,2024-11-25
25,25000,OWN,2.0,VENTURE,A,1500,6.76,0,0.06,N,4,2024-08-10
25,57504,RENT,2.0,HOMEIMPROVEMENT,A,16500,9.32,1,0.29,N,3,2024-07-11
24,25000,MORTGAGE,3.0,VENTURE,A,9000,7.14,0,0.36,N,4,2024-09-24
26,25000,OWN,7.0,VENTURE,A,11500,7.88,0,0.46,N,3,2024-10-13
25,25000,OWN,3.0,EDUCATION,A,3000,6.76,0,0.12,N,2,2024-12-24
26,83300,RENT,2.0,MEDICAL,D,16500,16.77,1,0.17,N,4,2024-11-30
24,45000,RENT,1.0,PERSONAL,C,16425,13.49,1,0.36,Y,2,2024-06-13
24,61000,RENT,3.0,HOMEIMPROVEMENT,B,16400,10.99,0,0.27,N,4,2024-07-24
22,27600,RENT,2.0,DEBTCONSOLIDATION,B,16300,11.013786929274843,1,0.59,N,4,2024-02-02
26,47000,RENT,5.0,PERSONAL,B,16250,12.42,1,0.35,N,4,2024-04-05
22,54000,RENT,3.0,DEBTCONSOLIDATION,B,16075,10.37,0,0.3,N,3,2024-10-31
25,39000,RENT,1.0,HOMEIMPROVEMENT,E,16050,17.14,1,0.41,Y,3,2024-06-02
23,30000,RENT,1.0,EDUCATION,C,16000,13.23,1,0.53,N,2,2024-04-01
22,33000,RENT,1.0,VENTURE,B,16000,10.99,1,0.48,N,2,2024-12-25
26,35000,RENT,2.0,EDUCATION,A,16000,6.03,1,0.46,N,4,2024-05-17
24,35000,RENT,2.0,MEDICAL,B,16000,11.71,1,0.46,N,3,2024-03-07
24,35500,RENT,3.0,PERSONAL,A,16000,11.013786929274843,1,0.45,N,4,2024-06-25
22,36900,RENT,5.0,VENTURE,A,16000,7.9,1,0.43,N,2,2024-01-11
25,38000,RENT,8.0,MEDICAL,C,16000,12.87,1,0.42,Y,3,2024-11-20
25,39000,RENT,6.0,VENTURE,D,16000,15.65,1,0.41,Y,3,2024-03-15
24,39996,RENT,1.0,MEDICAL,B,16000,10.71,1,0.4,N,2,2024-12-13
22,25000,OWN,1.0,VENTURE,B,6000,11.89,0,0.24,N,2,2024-04-20
25,25000,OWN,1.0,VENTURE,C,4800,12.53,0,0.19,N,3,2024-06-13
25,40000,RENT,3.0,EDUCATION,B,16000,11.71,1,0.4,N,4,2024-10-03
23,40000,RENT,3.0,EDUCATION,C,16000,12.99,1,0.4,Y,2,2024-01-03
22,40000,RENT,1.0,EDUCATION,B,16000,8.88,1,0.4,N,3,2024-10-05
24,42494,RENT,7.0,VENTURE,B,16000,11.71,1,0.38,N,3,2024-10-31
23,25000,MORTGAGE,4.0,MEDICAL,A,5000,9.32,0,0.2,N,2,2024-10-04
22,25000,OWN,1.0,PERSONAL,A,11100,9.63,0,0.44,N,3,2024-10-14
24,42856,RENT,8.0,DEBTCONSOLIDATION,A,16000,8.9,1,0.37,N,3,2024-03-10
25,43000,RENT,3.0,VENTURE,B,16000,11.49,1,0.37,N,2,2024-07-27
25,25000,OWN,7.0,MEDICAL,B,1525,10.95,0,0.06,N,2,2024-05-09
24,25000,MORTGAGE,3.0,DEBTCONSOLIDATION,A,7000,9.32,0,0.28,N,2,2024-06-14
23,44000,RENT,7.0,EDUCATION,A,16000,8.49,1,0.36,N,4,2024-12-24
24,44000,RENT,8.0,MEDICAL,A,16000,7.49,1,0.36,N,2,2024-01-22
26,25000,MORTGAGE,1.0,VENTURE,C,12000,12.09,1,0.48,N,2,2024-10-28
24,25000,MORTGAGE,1.0,MEDICAL,A,6500,11.013786929274843,0,0.26,N,4,2024-04-16
22,38400,RENT,4.0,VENTURE,C,16000,11.54,1,0.42,Y,3,2024-10-04
24,25000,MORTGAGE,2.0,DEBTCONSOLIDATION,A,10000,8.0,0,0.4,N,2,2024-08-14
24,39000,RENT,2.0,DEBTCONSOLIDATION,E,16000,19.91,1,0.41,Y,3,2024-10-10
22,45000,RENT,6.0,DEBTCONSOLIDATION,B,16000,10.59,1,0.36,N,4,2024-07-13
24,39000,RENT,2.0,HOMEIMPROVEMENT,C,16000,13.06,1,0.41,N,2,2024-06-18
24,25040,MORTGAGE,1.0,VENTURE,A,5000,5.79,0,0.2,N,4,2024-11-20
22,25062,OWN,4.0,DEBTCONSOLIDATION,D,4000,16.49,0,0.16,Y,2,2024-08-02
23,25100,OWN,7.0,EDUCATION,D,10800,14.59,0,0.43,Y,3,2024-10-15
23,39000,RENT,1.0,PERSONAL,B,16000,11.36,1,0.41,N,3,2024-09-08
25,39000,RENT,9.0,MEDICAL,D,16000,14.11,1,0.41,Y,2,2024-05-24
22,25200,MORTGAGE,2.0,PERSONAL,A,7000,6.03,0,0.28,N,4,2024-02-20
23,48000,RENT,2.0,EDUCATION,B,16000,10.0,1,0.33,N,4,2024-06-25
25,50000,RENT,3.0,VENTURE,D,16000,17.58,1,0.32,N,4,2024-10-01
24,25200,OWN,1.0,MEDICAL,C,3200,15.23,0,0.13,Y,2,2024-11-03
24,50000,RENT,6.0,HOMEIMPROVEMENT,C,16000,13.99,1,0.32,Y,2,2024-01-13
25,25200,OWN,5.0,HOMEIMPROVEMENT,D,1200,15.99,0,0.05,Y,3,2024-04-20
24,50000,RENT,8.0,VENTURE,B,16000,10.62,1,0.32,N,2,2024-09-15
22,44000,RENT,1.0,EDUCATION,E,16000,16.35,1,0.36,N,3,2024-01-08
24,51000,RENT,8.0,MEDICAL,C,16000,13.85,1,0.31,N,3,2024-09-26
23,45000,RENT,7.0,MEDICAL,E,16000,16.45,1,0.36,Y,4,2024-04-22
22,53000,RENT,2.0,EDUCATION,A,16000,7.9,0,0.3,N,4,2024-03-18
24,54000,RENT,6.0,DEBTCONSOLIDATION,A,16000,11.013786929274843,0,0.3,N,4,2024-08-21
22,25200,MORTGAGE,7.0,MEDICAL,C,4000,12.73,1,0.16,N,2,2024-12-12
25,49000,RENT,2.0,DEBTCONSOLIDATION,C,16000,11.013786929274843,1,0.33,N,4,2024-12-24
22,55000,RENT,6.0,VENTURE,C,16000,11.013786929274843,0,0.29,Y,3,2024-07-11
22,25200,MORTGAGE,1.0,PERSONAL,C,7000,13.92,0,0.28,N,3,2024-04-06
25,58000,RENT,9.0,PERSONAL,A,16000,11.013786929274843,0,0.28,N,2,2024-05-28
25,52000,RENT,9.0,EDUCATION,C,16000,13.98,1,0.31,N,3,2024-05-30
23,25200,OWN,3.0,EDUCATION,B,1000,11.48,0,0.04,N,4,2024-01-19
22,52500,RENT,1.0,MEDICAL,B,16000,12.69,1,0.3,N,3,2024-12-19
26,60000,RENT,10.0,DEBTCONSOLIDATION,A,16000,7.49,0,0.27,N,2,2024-08-20
26,54000,RENT,2.0,VENTURE,D,16000,14.83,1,0.3,N,2,2024-03-17
24,25344,MORTGAGE,5.0,MEDICAL,D,4000,16.49,1,0.16,N,3,2024-06-20
22,61000,RENT,3.0,VENTURE,C,16000,11.013786929274843,0,0.26,Y,2,2024-08-01
23,62000,RENT,7.0,VENTURE,A,16000,7.49,0,0.26,N,2,2024-10-16
23,25480,MORTGAGE,7.0,PERSONAL,B,5000,9.99,0,0.2,N,3,2024-08-14
23,25500,MORTGAGE,2.0,DEBTCONSOLIDATION,C,7850,13.49,0,0.31,N,4,2024-09-21
22,57175,RENT,6.0,HOMEIMPROVEMENT,F,16000,17.15,1,0.28,N,4,2024-09-26
26,25500,MORTGAGE,8.0,HOMEIMPROVEMENT,C,5600,11.91,0,0.22,N,4,2024-01-12
22,57336,RENT,6.0,MEDICAL,D,16000,17.27,1,0.28,N,3,2024-12-26
25,25568,MORTGAGE,7.0,EDUCATION,C,12000,13.47,1,0.47,Y,2,2024-02-16
23,64000,RENT,2.0,PERSONAL,B,16000,10.74,0,0.25,N,3,2024-01-03
24,58575,RENT,2.0,MEDICAL,F,16000,19.47,1,0.27,N,2,2024-11-08
22,64800,RENT,1.0,EDUCATION,B,16000,10.37,0,0.25,N,4,2024-02-21
24,25632,MORTGAGE,4.0,EDUCATION,B,1500,9.91,0,0.06,N,3,2024-10-09
22,65000,RENT,6.0,MEDICAL,A,16000,8.49,0,0.25,N,4,2024-03-11
22,25788,OWN,2.0,VENTURE,B,3500,12.18,0,0.14,N,2,2024-11-01
22,65000,RENT,6.0,PERSONAL,A,16000,7.88,0,0.25,N,3,2024-07-22
24,59000,RENT,2.0,MEDICAL,E,16000,16.45,1,0.27,N,2,2024-11-20
23,65000,RENT,7.0,PERSONAL,D,16000,14.59,0,0.25,N,4,2024-02-02
22,25920,MORTGAGE,7.0,VENTURE,B,11325,10.65,0,0.44,N,3,2024-08-27
22,65000,RENT,6.0,DEBTCONSOLIDATION,C,16000,13.47,0,0.25,Y,3,2024-08-15
22,59000,RENT,4.0,MEDICAL,E,16000,16.32,1,0.27,N,3,2024-11-24
25,66000,RENT,6.0,HOMEIMPROVEMENT,B,16000,10.0,0,0.24,N,4,2024-12-19
22,25992,OTHER,6.0,DEBTCONSOLIDATION,B,3000,9.45,0,0.12,N,3,2024-10-22
23,62500,RENT,4.0,DEBTCONSOLIDATION,D,16000,14.54,1,0.26,N,2,2024-04-23
25,26000,MORTGAGE,3.0,EDUCATION,B,3825,11.71,0,0.15,N,2,2024-07-02
24,72000,RENT,8.0,PERSONAL,C,16000,13.06,0,0.22,Y,2,2024-04-22
26,74000,RENT,4.0,HOMEIMPROVEMENT,D,16000,14.84,0,0.22,Y,3,2024-09-22
24,74337,RENT,8.0,PERSONAL,B,16000,11.86,0,0.22,N,3,2024-06-13
26,74999,RENT,4.0,HOMEIMPROVEMENT,D,16000,17.27,0,0.21,Y,4,2024-08-09
26,26000,MORTGAGE,7.0,HOMEIMPROVEMENT,B,7000,10.99,0,0.27,N,4,2024-10-01
26,26000,MORTGAGE,4.0,HOMEIMPROVEMENT,B,12000,11.013786929274843,0,0.46,N,3,2024-07-31
26,75000,RENT,1.0,VENTURE,B,16000,11.013786929274843,0,0.21,N,2,2024-05-15
23,26000,MORTGAGE,3.0,DEBTCONSOLIDATION,B,7800,10.59,0,0.3,N,4,2024-11-15
26,75000,RENT,2.0,PERSONAL,C,16000,13.35,0,0.21,Y,2,2024-04-22
23,26000,MORTGAGE,7.0,MEDICAL,A,5000,7.91,0,0.19,N,2,2024-10-11
24,69000,RENT,2.0,DEBTCONSOLIDATION,B,16000,11.89,1,0.23,N,4,2024-09-27
23,26000,OWN,7.0,PERSONAL,B,2000,10.36,0,0.08,N,2,2024-12-21
22,26000,MORTGAGE,4.0,PERSONAL,B,4000,9.25,0,0.15,N,2,2024-12-29
25,23712,RENT,9.0,MEDICAL,B,1000,11.49,0,0.04,N,2,2024-08-04
24,24000,RENT,1.0,PERSONAL,E,1000,17.99,1,0.04,N,3,2024-11-19
22,24000,RENT,3.0,DEBTCONSOLIDATION,C,1000,12.84,0,0.04,Y,4,2024-06-07
26,25000,RENT,1.0,MEDICAL,C,1000,14.65,0,0.04,Y,3,2024-07-12
22,25000,RENT,3.0,DEBTCONSOLIDATION,D,1000,15.95,1,0.04,N,2,2024-07-04
24,26000,MORTGAGE,8.0,MEDICAL,A,7000,7.74,0,0.27,N,2,2024-12-15
25,28000,RENT,6.0,DEBTCONSOLIDATION,A,1000,7.51,0,0.04,N,3,2024-08-15
22,26000,MORTGAGE,2.0,EDUCATION,A,2000,7.4,0,0.08,N,2,2024-03-23
22,28000,RENT,6.0,HOMEIMPROVEMENT,B,1000,10.25,1,0.04,N,4,2024-05-24
24,28000,RENT,8.0,MEDICAL,B,1000,12.53,0,0.04,N,4,2024-08-30
23,28600,RENT,7.0,EDUCATION,A,1000,7.9,0,0.03,N,3,2024-07-06
22,29000,RENT,4.0,VENTURE,A,1000,7.29,0,0.03,N,4,2024-10-09
22,26000,MORTGAGE,6.0,VENTURE,C,17000,12.84,1,0.65,Y,4,2024-03-14
26,29000,RENT,2.0,MEDICAL,A,1000,7.74,0,0.03,N,4,2024-01-12
23,26000,MORTGAGE,2.0,VENTURE,E,7000,14.93,0,0.27,Y,4,2024-09-27
22,26000,MORTGAGE,3.0,PERSONAL,B,500,10.46,0,0.02,N,4,2024-08-15
26,30000,RENT,2.0,EDUCATION,A,1000,9.63,0,0.03,N,3,2024-09-05
25,26004,MORTGAGE,3.0,EDUCATION,B,10000,9.91,0,0.38,N,2,2024-12-01
22,26004,MORTGAGE,1.0,EDUCATION,A,5000,5.42,0,0.19,N,4,2024-04-03
25,30035,RENT,9.0,MEDICAL,C,1000,12.87,0,0.03,Y,2,2024-10-22
26,26004,MORTGAGE,5.0,HOMEIMPROVEMENT,B,6000,11.99,0,0.23,N,2,2024-08-01
22,26004,MORTGAGE,4.0,EDUCATION,A,5000,7.49,0,0.19,N,2,2024-12-09
22,26004,MORTGAGE,6.0,PERSONAL,A,12000,7.88,1,0.46,N,4,2024-05-21
26,26004,MORTGAGE,2.0,HOMEIMPROVEMENT,B,10000,11.14,0,0.38,N,3,2024-10-18
23,33600,RENT,2.0,PERSONAL,B,1000,10.36,0,0.03,N,2,2024-12-21
25,33600,RENT,5.0,DEBTCONSOLIDATION,B,1000,11.86,0,0.03,N,2,2024-12-21
23,34800,RENT,1.0,VENTURE,B,1000,11.99,0,0.03,N,4,2024-05-02
22,35000,RENT,4.0,VENTURE,C,1000,11.013786929274843,0,0.03,Y,3,2024-11-13
25,35000,RENT,9.0,VENTURE,B,1000,11.99,0,0.03,N,3,2024-03-26
26,29000,RENT,1.0,EDUCATION,C,1000,11.28,1,0.03,N,3,2024-02-01
24,35100,RENT,8.0,VENTURE,C,1000,13.49,0,0.03,Y,4,2024-08-29
23,36000,RENT,3.0,EDUCATION,B,1000,10.99,0,0.03,N,2,2024-08-30
22,36000,RENT,1.0,EDUCATION,A,1000,8.59,0,0.03,N,4,2024-05-23
25,26400,MORTGAGE,1.0,HOMEIMPROVEMENT,A,7500,8.9,0,0.28,N,3,2024-10-23
22,36000,RENT,1.0,PERSONAL,A,1000,7.68,0,0.03,N,4,2024-02-19
23,31000,RENT,1.0,PERSONAL,D,1000,14.96,1,0.03,Y,3,2024-07-24
25,32000,RENT,2.0,MEDICAL,E,1000,19.03,1,0.03,N,4,2024-07-05
26,38000,RENT,6.0,PERSONAL,C,1000,15.27,0,0.03,Y,3,2024-02-17
24,32000,RENT,2.0,EDUCATION,C,1000,13.06,1,0.03,N,3,2024-08-20
23,38400,RENT,6.0,EDUCATION,B,1000,11.013786929274843,0,0.03,N,3,2024-02-19
24,39996,RENT,2.0,EDUCATION,A,1000,7.49,0,0.03,N,3,2024-10-25
22,40000,RENT,3.0,DEBTCONSOLIDATION,A,1000,7.9,0,0.03,N,4,2024-07-06
23,40000,RENT,2.0,EDUCATION,A,1000,6.03,0,0.03,N,2,2024-03-01
24,40000,RENT,1.0,MEDICAL,B,1000,10.99,0,0.03,N,3,2024-06-14
25,26400,MORTGAGE,5.0,MEDICAL,C,5975,12.99,0,0.23,Y,4,2024-07-13
23,40000,RENT,3.0,VENTURE,B,1000,10.62,0,0.03,N,4,2024-09-04
24,40000,RENT,4.0,EDUCATION,A,1000,6.76,0,0.03,N,4,2024-12-20
22,40800,RENT,6.0,VENTURE,A,1000,6.91,0,0.02,N,2,2024-08-13
22,42000,RENT,3.0,DEBTCONSOLIDATION,B,1000,9.62,0,0.02,N,3,2024-11-16
24,42000,RENT,2.0,VENTURE,C,1000,13.16,0,0.02,N,2,2024-10-05
23,43000,RENT,7.0,EDUCATION,A,1000,7.51,0,0.02,N,3,2024-03-17
25,26400,MORTGAGE,1.0,HOMEIMPROVEMENT,B,4000,10.74,0,0.15,N,3,2024-10-09
24,45000,RENT,5.0,EDUCATION,A,1000,7.4,0,0.02,N,3,2024-02-16
25,49000,RENT,3.0,EDUCATION,A,1000,7.66,0,0.02,N,3,2024-09-15
26,26400,MORTGAGE,10.0,PERSONAL,C,8500,13.23,0,0.32,Y,3,2024-10-12
22,26400,MORTGAGE,2.0,DEBTCONSOLIDATION,B,4400,11.49,0,0.17,N,4,2024-08-24
26,50400,RENT,1.0,PERSONAL,A,1000,5.42,0,0.02,N,3,2024-07-20
26,54000,RENT,10.0,PERSONAL,B,1000,11.71,0,0.02,N,3,2024-09-05
22,56000,RENT,6.0,EDUCATION,B,1000,11.49,0,0.02,N,2,2024-10-22
22,58000,RENT,6.0,EDUCATION,B,1000,11.26,0,0.02,N,3,2024-09-03
22,72000,RENT,3.0,EDUCATION,A,1000,7.88,0,0.01,N,3,2024-03-16
25,26453,MORTGAGE,6.0,MEDICAL,B,7200,11.71,1,0.27,N,4,2024-06-12
23,26500,OWN,6.0,VENTURE,A,6000,8.0,0,0.23,N,3,2024-08-25
23,77000,RENT,3.0,VENTURE,B,1150,10.95,0,0.01,N,2,2024-10-04
24,9960,RENT,4.0,VENTURE,A,1200,7.29,0,0.12,N,4,2024-05-22
24,26650,MORTGAGE,6.0,MEDICAL,B,1000,12.53,0,0.04,N,2,2024-09-14
24,13000,RENT,1.0,MEDICAL,B,1200,11.89,0,0.09,N,2,2024-10-01
22,26796,MORTGAGE,6.0,VENTURE,A,3000,8.32,0,0.11,N,3,2024-07-18
22,26886,OWN,6.0,EDUCATION,C,7500,11.013786929274843,0,0.28,Y,4,2024-08-28
25,16800,RENT,4.0,MEDICAL,B,1200,10.38,0,0.07,N,2,2024-10-02
23,20400,RENT,4.0,EDUCATION,D,1200,18.25,1,0.06,N,4,2024-01-13
23,27000,OWN,4.0,VENTURE,A,6400,7.9,0,0.24,N,2,2024-03-28
23,20400,RENT,2.0,MEDICAL,A,1200,7.9,0,0.06,N,2,2024-06-02
22,27000,OWN,1.0,MEDICAL,B,4800,11.99,0,0.18,N,2,2024-04-23
23,26400,RENT,3.0,DEBTCONSOLIDATION,C,1200,14.35,1,0.05,Y,4,2024-09-15
22,27600,RENT,5.0,VENTURE,C,1200,13.06,0,0.04,N,2,2024-10-16
22,27000,OWN,3.0,VENTURE,B,10800,10.74,0,0.4,N,3,2024-12-17
26,30000,RENT,2.0,VENTURE,B,1200,10.14,0,0.04,N,4,2024-11-28
22,31200,RENT,2.0,PERSONAL,B,1200,12.21,0,0.04,N,4,2024-11-05
23,31500,RENT,7.0,EDUCATION,B,1200,8.88,0,0.04,N,2,2024-10-03
22,27000,OWN,3.0,MEDICAL,A,6000,6.54,0,0.22,N,4,2024-10-22
23,33000,RENT,3.0,EDUCATION,A,1200,8.32,0,0.04,N,2,2024-06-10
22,34560,RENT,2.0,MEDICAL,E,1200,19.29,1,0.03,N,4,2024-02-02
26,27000,MORTGAGE,2.0,PERSONAL,D,3025,15.95,0,0.11,N,2,2024-09-14
23,36000,RENT,7.0,DEBTCONSOLIDATION,C,1200,13.99,0,0.03,Y,4,2024-01-01
24,36000,RENT,5.0,EDUCATION,B,1200,11.49,0,0.03,N,2,2024-04-30
25,40000,RENT,5.0,PERSONAL,A,1200,8.0,0,0.03,N,4,2024-04-05
25,43000,RENT,9.0,MEDICAL,A,1200,8.49,0,0.03,N,2,2024-11-19
24,27000,MORTGAGE,7.0,EDUCATION,B,10000,11.013786929274843,0,0.37,N,2,2024-05-11
24,27000,OWN,9.0,MEDICAL,A,9475,8.94,0,0.35,N,3,2024-05-22
22,44664,RENT,5.0,MEDICAL,C,1200,12.68,0,0.03,Y,3,2024-03-17
23,39000,RENT,2.0,DEBTCONSOLIDATION,D,1200,15.95,1,0.03,N,2,2024-09-21
25,48000,RENT,4.0,EDUCATION,C,1200,12.68,0,0.03,N,4,2024-01-08
22,27000,MORTGAGE,1.0,EDUCATION,B,12000,11.013786929274843,1,0.44,N,3,2024-07-03
22,27000,MORTGAGE,2.0,DEBTCONSOLIDATION,B,5000,12.18,0,0.19,N,4,2024-05-08
25,55000,RENT,3.0,DEBTCONSOLIDATION,B,1200,11.58,0,0.02,N,4,2024-06-29
23,58000,RENT,4.0,EDUCATION,C,1200,15.23,0,0.02,N,4,2024-01-31
23,58700,RENT,8.0,PERSONAL,B,1200,11.71,0,0.02,N,4,2024-10-26
24,27000,MORTGAGE,1.0,DEBTCONSOLIDATION,B,7500,10.39,0,0.28,N,2,2024-12-17
23,60000,RENT,7.0,DEBTCONSOLIDATION,B,1200,11.013786929274843,0,0.02,N,3,2024-06-19
22,100000,RENT,3.0,MEDICAL,A,1200,8.59,0,0.01,N,2,2024-07-12
24,9600,RENT,3.0,EDUCATION,C,1300,12.73,1,0.14,N,2,2024-06-02
26,41000,RENT,1.0,MEDICAL,A,1300,7.9,0,0.03,N,4,2024-01-05
24,45000,RENT,5.0,MEDICAL,C,1300,13.61,0,0.03,Y,4,2024-11-13
26,50000,RENT,10.0,VENTURE,A,1300,6.99,0,0.03,N,3,2024-05-26
22,54000,RENT,4.0,DEBTCONSOLIDATION,C,1300,14.27,1,0.02,Y,2,2024-05-22
25,27048,OTHER,9.0,MEDICAL,D,8000,15.05,1,0.3,Y,2,2024-12-10
24,64000,RENT,8.0,HOMEIMPROVEMENT,C,1300,13.49,1,0.02,N,3,2024-05-30
25,89000,RENT,4.0,VENTURE,B,1300,10.59,0,0.01,N,4,2024-06-04
24,26000,RENT,2.0,MEDICAL,C,1325,12.87,1,0.05,N,4,2024-07-16
26,27138,MORTGAGE,10.0,DEBTCONSOLIDATION,B,2750,9.63,0,0.1,N,2,2024-03-10
25,51500,RENT,5.0,VENTURE,C,1325,14.79,0,0.03,N,3,2024-02-12
22,69600,RENT,6.0,DEBTCONSOLIDATION,C,1350,12.68,0,0.02,N,3,2024-03-18
22,27302,MORTGAGE,6.0,MEDICAL,B,3725,12.69,0,0.14,N,2,2024-01-12
23,27350,MORTGAGE,5.0,VENTURE,B,1925,11.013786929274843,0,0.07,N,3,2024-08-07
24,27360,MORTGAGE,5.0,PERSONAL,A,8000,7.29,0,0.29,N,3,2024-10-20
24,27442,MORTGAGE,8.0,DEBTCONSOLIDATION,B,5175,10.99,0,0.19,N,4,2024-09-26
24,30000,RENT,4.0,MEDICAL,D,1400,15.62,1,0.05,Y,4,2024-02-23
25,30000,RENT,4.0,MEDICAL,C,1400,13.11,0,0.05,N,2,2024-03-22
23,27500,MORTGAGE,7.0,EDUCATION,B,6300,11.013786929274843,0,0.23,N,3,2024-06-29
22,33000,RENT,1.0,MEDICAL,C,1400,14.27,0,0.04,Y,4,2024-02-03
26,40000,RENT,1.0,MEDICAL,A,1400,7.74,0,0.04,N,3,2024-07-17
26,40044,RENT,1.0,VENTURE,B,1400,11.86,0,0.03,N,4,2024-08-18
26,35652,RENT,5.0,DEBTCONSOLIDATION,B,1400,11.49,1,0.04,N,4,2024-11-09
24,27600,MORTGAGE,1.0,PERSONAL,C,2000,14.27,0,0.07,Y,2,2024-11-02
26,27600,OWN,2.0,VENTURE,B,2500,11.71,0,0.09,N,3,2024-05-19
24,27600,OWN,8.0,MEDICAL,A,7000,7.9,0,0.25,N,4,2024-09-08
23,42000,RENT,7.0,EDUCATION,B,1400,10.0,1,0.03,N,4,2024-11-14
25,27600,MORTGAGE,1.0,HOMEIMPROVEMENT,A,11500,6.03,1,0.42,N,4,2024-06-21
22,27600,MORTGAGE,6.0,DEBTCONSOLIDATION,A,8400,7.51,0,0.3,N,3,2024-04-05
24,27600,MORTGAGE,5.0,MEDICAL,D,6000,15.62,1,0.22,Y,2,2024-01-08
24,125000,RENT,1.0,HOMEIMPROVEMENT,C,1400,11.013786929274843,0,0.01,Y,4,2024-11-02
23,30000,RENT,1.0,PERSONAL,D,1450,15.58,1,0.05,N,4,2024-07-18
26,55560,RENT,5.0,MEDICAL,C,1450,14.27,0,0.03,N,3,2024-10-09
24,27000,RENT,1.0,MEDICAL,D,1500,16.29,1,0.06,Y,4,2024-07-04
23,28000,RENT,7.0,PERSONAL,C,1500,14.17,0,0.05,Y,4,2024-10-05
24,27600,OWN,2.0,MEDICAL,D,10000,11.013786929274843,0,0.36,N,2,2024-01-28
22,28500,RENT,1.0,EDUCATION,B,1500,11.013786929274843,0,0.05,N,4,2024-02-26
24,28596,RENT,5.0,EDUCATION,B,1500,11.46,0,0.05,N,4,2024-11-08
23,30000,RENT,1.0,DEBTCONSOLIDATION,A,1500,7.51,0,0.05,N,3,2024-04-03
24,30000,RENT,2.0,DEBTCONSOLIDATION,C,1500,14.22,0,0.05,Y,4,2024-04-01
23,31000,RENT,1.0,DEBTCONSOLIDATION,A,1500,8.94,0,0.05,N,3,2024-02-16
26,27983,MORTGAGE,7.0,DEBTCONSOLIDATION,A,6000,7.88,0,0.21,N,3,2024-09-03
25,31200,RENT,9.0,VENTURE,B,1500,11.12,0,0.05,N,2,2024-05-07
25,31500,RENT,2.0,VENTURE,B,1500,10.99,0,0.05,N,4,2024-04-10
25,32000,RENT,2.0,DEBTCONSOLIDATION,A,1500,7.49,0,0.05,N,4,2024-02-24
23,27996,OWN,1.0,PERSONAL,D,4800,15.99,0,0.17,Y,2,2024-08-13
25,32000,RENT,1.0,DEBTCONSOLIDATION,A,1500,7.29,0,0.05,N,3,2024-11-20
24,32000,RENT,1.0,EDUCATION,C,1500,13.92,0,0.05,Y,4,2024-11-12
24,32304,RENT,8.0,MEDICAL,B,1500,9.91,1,0.05,N,3,2024-02-01
25,33000,RENT,5.0,VENTURE,B,1500,11.48,0,0.05,N,4,2024-05-09
22,27996,OWN,5.0,MEDICAL,A,5000,5.79,0,0.18,N,2,2024-05-26
23,27996,OWN,1.0,EDUCATION,C,4200,14.72,0,0.15,Y,4,2024-04-27
23,27996,OWN,2.0,MEDICAL,B,9250,10.75,0,0.33,N,2,2024-06-11
22,27996,MORTGAGE,4.0,MEDICAL,D,3250,15.21,1,0.12,N,2,2024-06-01
22,27996,MORTGAGE,4.0,MEDICAL,B,5500,10.38,0,0.2,N,2,2024-08-01
26,33600,RENT,6.0,MEDICAL,F,1500,19.41,0,0.04,N,4,2024-09-05
23,33996,RENT,1.0,EDUCATION,A,1500,6.99,0,0.04,N,4,2024-10-12
25,34942,RENT,7.0,PERSONAL,B,1500,10.99,0,0.04,N,4,2024-07-06
25,35000,RENT,1.0,MEDICAL,B,1500,10.0,0,0.04,N,4,2024-04-11
23,35000,RENT,6.0,DEBTCONSOLIDATION,B,1500,8.88,0,0.04,N,3,2024-03-04
24,35000,RENT,9.0,EDUCATION,A,1500,11.013786929274843,0,0.04,N,3,2024-02-12
23,29004,RENT,7.0,DEBTCONSOLIDATION,D,1500,14.59,1,0.05,Y,2,2024-11-01
24,36000,RENT,2.0,EDUCATION,C,1500,15.23,0,0.04,N,2,2024-12-22
24,36000,RENT,5.0,PERSONAL,B,1500,10.0,0,0.04,N,3,2024-09-06
22,28000,OWN,1.0,VENTURE,A,12300,6.62,0,0.44,N,2,2024-01-30
22,38000,RENT,2.0,EDUCATION,C,1500,13.22,0,0.04,Y,2,2024-09-05
23,28000,MORTGAGE,7.0,DEBTCONSOLIDATION,D,9500,15.62,1,0.34,N,2,2024-07-06
23,28000,MORTGAGE,5.0,MEDICAL,A,2500,5.99,0,0.09,N,2,2024-08-26
23,38000,RENT,4.0,VENTURE,A,1500,8.32,0,0.04,N,3,2024-10-10
23,28000,OWN,6.0,VENTURE,B,7000,9.99,0,0.25,N,4,2024-05-26
24,39000,RENT,8.0,MEDICAL,D,1500,15.62,0,0.04,Y,3,2024-05-31
25,33996,RENT,8.0,MEDICAL,E,1500,16.82,1,0.04,N,4,2024-09-07
23,40000,RENT,7.0,VENTURE,C,1500,13.99,0,0.04,Y,2,2024-03-04
22,28000,MORTGAGE,6.0,PERSONAL,B,10000,10.99,0,0.36,N,3,2024-01-20
24,34000,RENT,3.0,DEBTCONSOLIDATION,A,1500,8.94,1,0.04,N,2,2024-05-11
22,34980,RENT,3.0,DEBTCONSOLIDATION,C,1500,12.23,1,0.04,Y,4,2024-08-17
26,28000,MORTGAGE,8.0,PERSONAL,A,4500,11.013786929274843,1,0.16,N,2,2024-07-23
23,28000,MORTGAGE,2.0,VENTURE,B,8400,10.99,0,0.3,N,2,2024-06-11
23,42000,RENT,3.0,DEBTCONSOLIDATION,B,1500,10.71,0,0.04,N,2,2024-08-09
25,42769,RENT,3.0,EDUCATION,A,1500,7.49,0,0.04,N,3,2024-01-05
23,28000,MORTGAGE,5.0,EDUCATION,A,4000,6.92,0,0.14,N,4,2024-08-13
22,28000,MORTGAGE,5.0,EDUCATION,A,8500,6.17,0,0.3,N,2,2024-11-24
24,39000,RENT,3.0,EDUCATION,A,1500,8.49,1,0.04,N,3,2024-01-10
23,28000,MORTGAGE,4.0,HOMEIMPROVEMENT,D,5225,14.84,1,0.19,N,2,2024-11-29
26,45000,RENT,3.0,VENTURE,B,1500,10.25,0,0.03,N,3,2024-10-03
25,48000,RENT,2.0,MEDICAL,B,1500,10.36,0,0.03,N,3,2024-10-03
26,42000,RENT,1.0,VENTURE,D,1500,14.61,1,0.04,Y,3,2024-08-02
24,48720,RENT,2.0,MEDICAL,C,1500,14.35,0,0.03,Y,2,2024-01-10
24,50000,RENT,1.0,DEBTCONSOLIDATION,C,1500,14.26,0,0.03,N,2,2024-10-15
24,50400,RENT,8.0,DEBTCONSOLIDATION,A,1500,11.013786929274843,0,0.03,N,4,2024-12-21
26,51996,RENT,10.0,VENTURE,C,1500,13.85,0,0.03,Y,4,2024-12-05
25,28000,OWN,4.0,VENTURE,B,12200,12.53,0,0.44,N,4,2024-10-31
22,28000,MORTGAGE,1.0,DEBTCONSOLIDATION,B,10750,11.14,0,0.38,N,2,2024-07-01
24,54000,RENT,8.0,MEDICAL,C,1500,14.17,0,0.03,Y,2,2024-08-02
25,28000,MORTGAGE,3.0,EDUCATION,A,5000,8.0,0,0.18,N,2,2024-09-19
26,28000,OWN,5.0,PERSONAL,D,4000,15.37,0,0.14,N,3,2024-02-25
23,54000,RENT,7.0,PERSONAL,B,1500,9.62,0,0.03,N,3,2024-06-25
25,28000,MORTGAGE,9.0,MEDICAL,A,4000,7.68,0,0.14,N,2,2024-04-13
26,54000,RENT,1.0,HOMEIMPROVEMENT,C,1500,13.98,0,0.03,Y,4,2024-09-13
26,55400,RENT,1.0,MEDICAL,C,1500,12.84,0,0.03,N,4,2024-02-22
25,57000,RENT,9.0,HOMEIMPROVEMENT,C,1500,11.013786929274843,0,0.03,N,3,2024-08-16
22,57160,RENT,2.0,MEDICAL,B,1500,11.36,0,0.03,N,3,2024-01-01
24,57996,RENT,2.0,DEBTCONSOLIDATION,B,1500,10.75,0,0.03,N,4,2024-04-16
22,58000,RENT,6.0,EDUCATION,A,1500,5.42,0,0.03,N,2,2024-04-30
22,60000,RENT,6.0,MEDICAL,C,1500,13.57,0,0.03,Y,2,2024-10-24
22,71000,RENT,6.0,EDUCATION,A,1500,6.99,0,0.02,N,3,2024-07-24
24,69764,RENT,2.0,PERSONAL,D,1500,14.42,1,0.02,Y,4,2024-10-03
25,28176,OWN,3.0,MEDICAL,B,1000,9.63,0,0.04,N,4,2024-11-15
26,96000,RENT,4.0,PERSONAL,D,1500,11.013786929274843,0,0.02,Y,2,2024-11-24
23,155004,RENT,4.0,MEDICAL,C,1500,11.013786929274843,0,0.01,N,3,2024-11-29
24,15120,RENT,4.0,MEDICAL,A,1600,7.51,0,0.11,N,3,2024-08-25
22,21600,RENT,6.0,PERSONAL,D,1600,11.013786929274843,0,0.07,Y,4,2024-05-01
24,28500,OWN,4.0,VENTURE,D,3500,14.59,0,0.12,N,3,2024-08-02
22,20000,RENT,7.0,EDUCATION,A,1675,7.74,0,0.08,N,3,2024-10-13
22,28500,MORTGAGE,1.0,DEBTCONSOLIDATION,A,8500,7.68,0,0.3,N,4,2024-09-27
23,24960,RENT,3.0,MEDICAL,B,1675,11.11,0,0.07,N,3,2024-10-22
23,28800,RENT,1.0,PERSONAL,D,1675,15.21,1,0.06,Y,2,2024-09-06
23,18600,RENT,2.0,DEBTCONSOLIDATION,B,1700,9.99,0,0.09,N,3,2024-12-22
23,28644,MORTGAGE,2.0,EDUCATION,B,10000,10.75,0,0.35,N,2,2024-11-02
23,45000,RENT,2.0,DEBTCONSOLIDATION,C,1700,14.72,0,0.04,N,2,2024-08-19
26,28800,OWN,8.0,EDUCATION,A,6000,8.9,0,0.21,N,3,2024-06-08
26,9840,RENT,5.0,VENTURE,B,1750,9.99,1,0.18,N,4,2024-06-27
22,28800,OWN,6.0,EDUCATION,A,8875,8.9,0,0.31,N,3,2024-10-25
23,10000,RENT,1.0,DEBTCONSOLIDATION,D,1750,15.05,1,0.17,Y,3,2024-03-04
26,28800,MORTGAGE,2.0,VENTURE,A,5150,6.62,0,0.18,N,2,2024-05-21
26,22000,RENT,2.0,MEDICAL,B,1750,11.013786929274843,0,0.08,N,3,2024-11-15
23,22800,RENT,3.0,PERSONAL,D,1750,15.7,1,0.08,Y,2,2024-05-01
26,96000,RENT,2.0,HOMEIMPROVEMENT,A,1750,6.54,0,0.02,N,2,2024-01-29
23,22800,RENT,5.0,EDUCATION,A,1775,6.99,0,0.08,N,4,2024-10-11
24,28800,MORTGAGE,8.0,HOMEIMPROVEMENT,A,1400,8.9,1,0.05,N,3,2024-06-26
24,14400,RENT,3.0,DEBTCONSOLIDATION,A,1800,6.92,0,0.13,N,3,2024-08-28
23,28800,MORTGAGE,6.0,MEDICAL,B,5000,11.99,0,0.17,N,3,2024-07-10
24,28800,MORTGAGE,6.0,DEBTCONSOLIDATION,A,6075,8.49,0,0.21,N,2,2024-08-21
24,28800,MORTGAGE,1.0,PERSONAL,B,3500,9.99,0,0.12,N,4,2024-09-01
26,18000,RENT,1.0,VENTURE,C,1800,13.8,0,0.1,Y,3,2024-02-16
22,18000,RENT,1.0,MEDICAL,B,1800,12.18,1,0.1,N,3,2024-01-30
22,28800,MORTGAGE,2.0,MEDICAL,A,10000,7.49,0,0.35,N,2,2024-06-12
24,21000,RENT,2.0,MEDICAL,B,1800,10.65,0,0.09,N,2,2024-01-16
22,28800,OWN,2.0,DEBTCONSOLIDATION,D,10000,16.49,0,0.35,N,4,2024-06-23
23,25000,RENT,2.0,MEDICAL,B,1800,12.69,1,0.07,N,3,2024-12-18
22,28800,OWN,2.0,PERSONAL,A,2000,11.013786929274843,0,0.07,N,2,2024-08-25
22,45000,RENT,4.0,VENTURE,D,1800,16.49,0,0.04,N,4,2024-05-19
25,45000,RENT,2.0,DEBTCONSOLIDATION,C,1800,12.61,0,0.04,Y,4,2024-02-26
23,28800,OWN,2.0,PERSONAL,B,3000,11.11,0,0.1,N,4,2024-10-21
23,28800,MORTGAGE,7.0,DEBTCONSOLIDATION,B,8400,9.63,0,0.29,N,3,2024-11-22
26,45000,RENT,5.0,MEDICAL,D,1800,14.11,0,0.04,Y,2,2024-05-21
24,28800,OWN,8.0,VENTURE,B,6000,10.74,0,0.21,N,2,2024-05-26
22,45336,RENT,6.0,VENTURE,D,1800,15.21,0,0.04,N,3,2024-05-21
23,48000,RENT,4.0,PERSONAL,B,1800,11.49,0,0.04,N,4,2024-11-11
23,50960,RENT,7.0,VENTURE,D,1800,16.02,0,0.04,N,2,2024-06-06
22,58000,RENT,3.0,PERSONAL,B,1800,12.18,0,0.03,N,2,2024-03-04
22,71004,RENT,6.0,EDUCATION,B,1800,11.12,0,0.03,N,4,2024-09-26
22,73000,RENT,1.0,VENTURE,C,1800,11.41,0,0.02,N,3,2024-04-28
26,75000,RENT,1.0,VENTURE,B,1800,9.25,0,0.02,N,2,2024-11-10
24,75000,RENT,5.0,HOMEIMPROVEMENT,A,1800,8.94,0,0.02,N,4,2024-07-21
24,28800,MORTGAGE,5.0,DEBTCONSOLIDATION,C,5500,11.013786929274843,0,0.19,Y,3,2024-12-08
25,28800,MORTGAGE,9.0,HOMEIMPROVEMENT,B,6250,10.25,0,0.22,N,2,2024-06-26
24,35000,RENT,4.0,EDUCATION,A,1850,7.12,0,0.05,N,2,2024-06-12
24,14400,RENT,1.0,EDUCATION,C,1875,13.49,0,0.13,Y,2,2024-09-20
26,19392,RENT,7.0,DEBTCONSOLIDATION,C,1900,11.013786929274843,0,0.1,Y,3,2024-01-31
22,26500,RENT,3.0,DEBTCONSOLIDATION,A,1900,7.29,1,0.07,N,3,2024-06-27
24,32000,RENT,5.0,MEDICAL,C,1900,13.49,0,0.06,Y,2,2024-03-13
25,42000,RENT,4.0,EDUCATION,A,1925,6.17,0,0.05,N,4,2024-09-02
22,28880,MORTGAGE,4.0,MEDICAL,A,2000,8.59,0,0.07,N,3,2024-01-13
24,31200,RENT,3.0,MEDICAL,C,1950,13.11,0,0.06,Y,4,2024-08-01
24,28900,MORTGAGE,2.0,DEBTCONSOLIDATION,C,5500,12.98,0,0.19,Y,2,2024-02-26
24,28932,MORTGAGE,4.0,PERSONAL,C,10000,11.013786929274843,0,0.35,Y,2,2024-04-09
24,10000,RENT,2.0,DEBTCONSOLIDATION,B,2000,10.25,1,0.2,N,2,2024-05-16
25,12000,RENT,2.0,HOMEIMPROVEMENT,B,2000,11.89,1,0.17,N,4,2024-07-16
23,29000,MORTGAGE,5.0,DEBTCONSOLIDATION,A,11500,7.9,0,0.4,N,4,2024-04-27
24,14400,RENT,4.0,VENTURE,B,2000,10.65,0,0.14,N,4,2024-09-15
26,14400,RENT,1.0,PERSONAL,D,2000,17.49,1,0.14,N,4,2024-08-18
26,14400,RENT,4.0,PERSONAL,B,2000,10.37,0,0.14,N,2,2024-11-16
26,29000,MORTGAGE,10.0,HOMEIMPROVEMENT,A,7200,8.49,0,0.25,N,4,2024-07-23
26,14400,RENT,2.0,DEBTCONSOLIDATION,D,2000,15.58,1,0.14,N,4,2024-05-26
25,15996,RENT,1.0,EDUCATION,C,2000,13.48,0,0.13,Y,4,2024-09-25
25,18000,RENT,4.0,DEBTCONSOLIDATION,A,2000,7.51,1,0.11,N,4,2024-09-19
23,18000,RENT,2.0,EDUCATION,C,2000,14.79,0,0.11,N,3,2024-08-27
26,18000,RENT,2.0,EDUCATION,D,2000,13.3,1,0.11,N,2,2024-08-22
22,19176,RENT,3.0,VENTURE,C,2000,14.22,0,0.1,Y,2,2024-12-10
24,29000,MORTGAGE,1.0,HOMEIMPROVEMENT,B,20000,10.62,0,0.69,N,3,2024-01-11
24,19200,RENT,2.0,MEDICAL,C,2000,13.49,0,0.1,N,4,2024-07-04
23,19200,RENT,2.0,EDUCATION,B,2000,10.59,0,0.1,N,4,2024-05-25
26,19200,RENT,3.0,MEDICAL,A,2000,6.17,0,0.1,N,4,2024-06-17
22,19728,RENT,5.0,DEBTCONSOLIDATION,A,2000,7.49,0,0.1,N,2,2024-07-09
26,20004,RENT,2.0,EDUCATION,A,2000,8.59,1,0.1,N,3,2024-01-12
23,29004,MORTGAGE,2.0,MEDICAL,B,6000,11.99,0,0.21,N,2,2024-12-07
22,29004,MORTGAGE,3.0,VENTURE,B,5000,9.25,0,0.17,N,4,2024-03-02
22,29004,MORTGAGE,6.0,EDUCATION,A,2500,6.91,0,0.09,N,3,2024-12-05
23,29004,OWN,1.0,EDUCATION,C,2000,13.16,0,0.07,Y,3,2024-02-22
22,21600,RENT,1.0,DEBTCONSOLIDATION,D,2000,16.89,1,0.09,N,2,2024-11-08
23,22000,RENT,1.0,VENTURE,C,2000,13.99,0,0.09,N,2,2024-10-16
23,22004,RENT,8.0,EDUCATION,B,2000,10.39,0,0.09,N,3,2024-08-31
22,23587,RENT,4.0,HOMEIMPROVEMENT,B,2000,11.89,1,0.08,N,4,2024-04-18
24,24000,RENT,8.0,MEDICAL,B,2000,11.013786929274843,0,0.08,N,3,2024-09-28
25,24000,RENT,4.0,MEDICAL,D,2000,16.59,0,0.08,N,2,2024-10-23
22,24000,RENT,1.0,EDUCATION,C,2000,13.11,0,0.08,Y,4,2024-09-28
24,29200,MORTGAGE,6.0,PERSONAL,A,2500,6.76,0,0.09,N,2,2024-07-18
24,29232,MORTGAGE,1.0,PERSONAL,B,11000,11.71,1,0.38,N,4,2024-09-02
25,29328,MORTGAGE,9.0,DEBTCONSOLIDATION,A,10000,7.74,0,0.34,N,3,2024-06-29
24,24000,RENT,1.0,HOMEIMPROVEMENT,D,2000,14.61,1,0.08,Y,2,2024-10-20
24,25000,RENT,6.0,PERSONAL,A,2000,6.62,0,0.08,N,4,2024-09-06
24,25200,RENT,8.0,DEBTCONSOLIDATION,D,2000,14.96,1,0.08,Y,4,2024-03-16
22,29553,OWN,2.0,VENTURE,A,6000,7.49,0,0.2,N,4,2024-04-04
25,26000,RENT,7.0,MEDICAL,C,2000,12.99,0,0.08,Y,4,2024-01-12
23,29666,OTHER,1.0,VENTURE,A,3000,9.32,0,0.1,N,3,2024-05-31
23,26496,RENT,1.0,DEBTCONSOLIDATION,C,2000,13.61,0,0.08,N,4,2024-08-23
23,27600,RENT,2.0,DEBTCONSOLIDATION,C,2000,13.99,1,0.07,N,3,2024-10-02
22,28800,RENT,3.0,MEDICAL,A,2000,8.49,0,0.07,N,2,2024-08-02
26,30000,RENT,2.0,EDUCATION,B,2000,11.71,1,0.07,N,2,2024-01-21
23,29952,MORTGAGE,1.0,DEBTCONSOLIDATION,D,4750,14.46,1,0.16,Y,4,2024-11-04
24,30000,RENT,2.0,DEBTCONSOLIDATION,A,2000,7.66,0,0.07,N,3,2024-08-21
24,30000,RENT,5.0,MEDICAL,G,2000,21.27,1,0.07,Y,3,2024-12-26
22,29996,MORTGAGE,3.0,EDUCATION,C,5400,12.84,0,0.18,N,4,2024-04-05
23,82000,RENT,7.0,HOMEIMPROVEMENT,D,15000,18.25,1,0.18,Y,2,2024-09-22
22,70550,RENT,6.0,MEDICAL,D,15000,16.77,1,0.18,Y,2,2024-11-18
25,95000,RENT,4.0,VENTURE,B,15000,12.42,0,0.16,N,2,2024-06-03
23,95000,RENT,6.0,EDUCATION,B,15000,9.88,0,0.16,N,4,2024-03-14
23,95000,RENT,7.0,VENTURE,D,15000,15.05,0,0.16,Y,2,2024-01-18
25,30000,MORTGAGE,9.0,VENTURE,A,5000,6.03,0,0.17,N,3,2024-12-07
25,30000,MORTGAGE,4.0,DEBTCONSOLIDATION,C,6500,14.27,0,0.22,N,3,2024-05-13
22,30000,OWN,3.0,EDUCATION,C,8000,13.49,0,0.27,N,2,2024-05-08
23,83600,RENT,7.0,DEBTCONSOLIDATION,A,15000,8.49,1,0.18,N,2,2024-10-08
25,96000,RENT,2.0,EDUCATION,B,15000,8.88,0,0.16,N,2,2024-02-06
26,84000,RENT,7.0,DEBTCONSOLIDATION,D,15000,16.0,1,0.18,Y,3,2024-06-21
25,96000,RENT,5.0,MEDICAL,B,15000,11.58,0,0.16,N,4,2024-07-02
25,97440,RENT,9.0,EDUCATION,A,15000,7.49,0,0.15,N,4,2024-10-28
23,99000,RENT,7.0,PERSONAL,A,15000,6.99,0,0.15,N,4,2024-10-07
26,100000,RENT,5.0,VENTURE,C,15000,13.49,0,0.15,Y,4,2024-09-30
24,100000,RENT,4.0,MEDICAL,A,15000,7.49,0,0.15,N,2,2024-07-11
26,100000,RENT,5.0,EDUCATION,A,15000,6.99,0,0.15,N,2,2024-05-01
24,88000,RENT,2.0,HOMEIMPROVEMENT,B,15000,9.99,1,0.17,N,4,2024-03-17
25,30000,MORTGAGE,5.0,EDUCATION,B,3600,12.42,0,0.12,N,4,2024-07-14
24,100000,RENT,1.0,VENTURE,B,15000,11.89,0,0.15,N,2,2024-11-24
24,100896,RENT,7.0,HOMEIMPROVEMENT,D,15000,14.42,0,0.15,N,2,2024-06-16
24,102000,RENT,8.0,HOMEIMPROVEMENT,C,15000,14.22,0,0.15,N,4,2024-06-21
23,30000,OWN,1.0,PERSONAL,A,5000,6.62,0,0.17,N,2,2024-12-08
24,105000,RENT,8.0,DEBTCONSOLIDATION,B,15000,10.95,0,0.14,N,3,2024-12-20
23,105504,RENT,5.0,VENTURE,E,15000,15.95,0,0.14,Y,3,2024-03-27
25,108820,RENT,4.0,EDUCATION,B,15000,9.63,0,0.14,N,3,2024-02-09
24,109000,RENT,3.0,EDUCATION,B,15000,10.65,0,0.14,N,3,2024-08-22
23,110000,RENT,7.0,EDUCATION,B,15000,12.18,0,0.14,N,2,2024-07-05
24,98000,RENT,2.0,DEBTCONSOLIDATION,E,15000,14.93,1,0.15,N,2,2024-01-26
22,111000,RENT,1.0,VENTURE,B,15000,10.62,0,0.14,N,3,2024-11-22
24,118300,RENT,1.0,PERSONAL,C,15000,12.68,0,0.13,N,4,2024-01-21
25,120000,RENT,2.0,PERSONAL,A,15000,7.51,0,0.13,N,2,2024-11-25
24,120000,RENT,5.0,MEDICAL,A,15000,11.013786929274843,0,0.13,N,3,2024-12-24
23,121000,RENT,7.0,MEDICAL,B,15000,11.013786929274843,0,0.12,N,2,2024-06-18
24,122000,RENT,4.0,EDUCATION,B,15000,11.58,0,0.12,N,3,2024-10-20
23,30000,MORTGAGE,7.0,MEDICAL,A,4600,7.9,0,0.15,N,3,2024-06-17
25,30000,MORTGAGE,2.0,VENTURE,B,8000,10.65,0,0.27,N,4,2024-06-07
23,125000,RENT,7.0,EDUCATION,C,15000,12.99,0,0.12,N,4,2024-10-21
26,118000,RENT,1.0,EDUCATION,D,15000,17.58,1,0.13,N,4,2024-09-06
24,123000,RENT,8.0,PERSONAL,D,15000,15.37,1,0.12,N,4,2024-06-24
22,140000,RENT,4.0,VENTURE,C,15000,14.17,0,0.11,Y,3,2024-09-30
22,30000,MORTGAGE,3.0,HOMEIMPROVEMENT,C,10000,13.49,1,0.33,N,2,2024-05-04
23,30000,MORTGAGE,3.0,MEDICAL,E,3800,18.64,1,0.13,N,2,2024-06-13
26,156000,RENT,2.0,DEBTCONSOLIDATION,B,15000,12.42,0,0.1,N,4,2024-04-09
24,200004,RENT,5.0,EDUCATION,B,15000,10.59,0,0.07,N,4,2024-11-24
26,210000,RENT,4.0,PERSONAL,C,15000,12.99,0,0.07,N,4,2024-01-05
26,30000,MORTGAGE,10.0,VENTURE,A,6500,6.62,0,0.22,N,3,2024-10-07
25,165000,RENT,3.0,EDUCATION,A,14950,6.62,0,0.09,N,3,2024-12-01
22,33996,RENT,1.0,EDUCATION,D,14900,15.37,1,0.44,Y,2,2024-01-25
24,55000,RENT,4.0,PERSONAL,B,14900,11.83,0,0.27,N,3,2024-12-06
22,58900,RENT,2.0,MEDICAL,C,14900,13.57,0,0.25,N,3,2024-05-05
25,31500,RENT,8.0,DEBTCONSOLIDATION,A,14850,8.9,1,0.47,N,4,2024-09-14
25,28800,RENT,6.0,MEDICAL,A,14800,7.49,1,0.51,N,3,2024-09-29
23,30000,MORTGAGE,4.0,DEBTCONSOLIDATION,A,1000,6.62,1,0.03,N,3,2024-11-17
23,30000,MORTGAGE,8.0,VENTURE,A,4375,6.62,0,0.15,N,2,2024-02-29
23,30000,MORTGAGE,2.0,DEBTCONSOLIDATION,A,1400,6.03,0,0.05,N,4,2024-04-25
25,30000,RENT,2.0,MEDICAL,B,2000,10.38,0,0.07,N,2,2024-07-05
26,30000,RENT,9.0,VENTURE,B,2000,11.49,0,0.07,N,3,2024-11-22
25,30000,RENT,4.0,MEDICAL,C,2000,14.22,0,0.07,Y,4,2024-07-17
24,30972,RENT,1.0,VENTURE,D,2000,16.29,1,0.06,N,2,2024-04-05
24,31200,RENT,3.0,PERSONAL,C,2000,14.65,0,0.06,Y,2,2024-09-06
24,30000,MORTGAGE,8.0,DEBTCONSOLIDATION,B,17000,11.99,1,0.57,N,3,2024-08-27
24,32000,RENT,2.0,EDUCATION,B,2000,10.59,1,0.06,N,3,2024-09-15
23,32000,RENT,5.0,VENTURE,D,2000,16.49,0,0.06,N,3,2024-02-18
26,32000,RENT,5.0,DEBTCONSOLIDATION,B,2000,11.49,0,0.06,N,3,2024-01-04
22,32000,RENT,2.0,EDUCATION,B,2000,12.53,1,0.06,N,2,2024-06-11
24,32640,RENT,5.0,EDUCATION,B,2000,10.0,1,0.06,N,2,2024-08-25
23,33000,RENT,1.0,EDUCATION,A,2000,6.03,0,0.06,N,4,2024-01-01
22,33000,RENT,1.0,DEBTCONSOLIDATION,A,2000,11.013786929274843,0,0.06,N,3,2024-03-26
24,40000,RENT,2.0,PERSONAL,B,2000,11.99,0,0.05,N,4,2024-12-19
24,40000,RENT,5.0,MEDICAL,B,2000,11.013786929274843,0,0.05,N,4,2024-10-12
22,50400,RENT,3.0,VENTURE,B,2000,11.013786929274843,0,0.04,N,4,2024-08-30
25,50450,RENT,3.0,EDUCATION,B,2000,9.88,0,0.04,N,3,2024-01-01
24,53000,RENT,3.0,HOMEIMPROVEMENT,B,2000,10.36,0,0.04,N,2,2024-08-29
24,53117,RENT,1.0,PERSONAL,C,2000,13.79,0,0.04,N,2,2024-09-18
23,55000,RENT,2.0,EDUCATION,A,2000,7.49,0,0.04,N,3,2024-03-28
25,30000,OWN,9.0,VENTURE,D,7000,11.013786929274843,0,0.23,N,3,2024-03-25
24,56496,RENT,5.0,EDUCATION,A,2000,9.32,0,0.04,N,3,2024-02-24
25,57000,RENT,8.0,MEDICAL,B,2000,11.36,0,0.04,N,2,2024-10-05
26,57450,RENT,4.0,MEDICAL,C,2000,13.35,0,0.03,Y,2,2024-01-20
25,58020,RENT,9.0,PERSONAL,A,2000,6.91,0,0.03,N,4,2024-01-12
22,60000,RENT,6.0,EDUCATION,B,2000,9.63,0,0.03,N,2,2024-01-22
22,54000,RENT,7.0,MEDICAL,F,2000,18.3,1,0.04,Y,4,2024-08-13
26,61000,RENT,1.0,MEDICAL,A,2000,7.9,0,0.03,N,3,2024-06-29
24,62000,RENT,4.0,EDUCATION,C,2000,13.49,0,0.03,N,3,2024-06-08
22,62000,RENT,4.0,EDUCATION,C,2000,15.27,0,0.03,N,2,2024-07-19
26,62400,RENT,3.0,PERSONAL,B,2000,12.53,0,0.03,N,2,2024-03-26
24,57996,RENT,8.0,MEDICAL,D,2000,15.37,1,0.03,N,4,2024-11-24
22,65000,RENT,3.0,DEBTCONSOLIDATION,C,2000,14.27,0,0.03,Y,4,2024-08-29
26,65000,RENT,3.0,MEDICAL,A,2000,7.51,0,0.03,N,2,2024-08-27
26,67000,RENT,6.0,EDUCATION,C,2000,11.013786929274843,0,0.03,N,4,2024-02-24
23,70000,RENT,4.0,PERSONAL,A,2000,7.66,0,0.03,N,2,2024-07-13
23,30000,MORTGAGE,2.0,VENTURE,B,1200,9.67,0,0.04,N,2,2024-06-02
22,30000,MORTGAGE,2.0,MEDICAL,B,6000,11.99,0,0.2,N,3,2024-03-06
26,70000,RENT,3.0,EDUCATION,C,2000,12.84,0,0.03,Y,2,2024-10-12
22,30000,MORTGAGE,6.0,VENTURE,B,3000,11.49,0,0.1,N,2,2024-08-02
22,70028,RENT,7.0,VENTURE,B,2000,11.013786929274843,0,0.03,N,3,2024-02-13
24,75000,RENT,2.0,MEDICAL,B,2000,9.99,0,0.03,N,2,2024-06-24
22,75000,RENT,6.0,EDUCATION,C,2000,13.43,0,0.03,N,3,2024-12-20
23,75000,RENT,3.0,VENTURE,A,2000,5.79,0,0.03,N,3,2024-11-18
24,76248,RENT,8.0,EDUCATION,B,2000,11.013786929274843,0,0.03,N,3,2024-07-07
26,30000,MORTGAGE,5.0,HOMEIMPROVEMENT,B,2000,11.99,1,0.07,N,2,2024-11-03
22,30000,MORTGAGE,5.0,MEDICAL,C,3000,14.79,0,0.1,Y,3,2024-08-03
22,30000,MORTGAGE,2.0,EDUCATION,B,13250,10.99,0,0.44,N,3,2024-07-24
23,80000,RENT,1.0,VENTURE,B,2000,9.99,0,0.03,N,4,2024-10-10
25,80000,RENT,9.0,VENTURE,B,2000,11.49,0,0.03,N,3,2024-07-27
25,89100,RENT,9.0,VENTURE,C,2000,13.49,0,0.02,Y,3,2024-12-24
23,100000,RENT,4.0,MEDICAL,B,2000,10.62,0,0.02,N,2,2024-11-13
25,101424,RENT,6.0,DEBTCONSOLIDATION,A,2000,7.29,0,0.02,N,4,2024-10-02
26,108000,RENT,5.0,EDUCATION,D,2000,16.29,0,0.02,N,4,2024-03-06
23,30000,MORTGAGE,3.0,DEBTCONSOLIDATION,A,3800,5.79,0,0.13,N,3,2024-02-19
25,130000,RENT,3.0,HOMEIMPROVEMENT,A,2000,6.99,0,0.02,N,4,2024-11-20
22,25000,RENT,1.0,VENTURE,B,2050,10.59,0,0.08,N,2,2024-11-29
23,30000,MORTGAGE,6.0,PERSONAL,C,2400,11.013786929274843,0,0.08,N,4,2024-04-11
23,10000,RENT,1.0,VENTURE,B,2100,12.21,1,0.21,N,3,2024-07-18
22,21600,RENT,3.0,MEDICAL,B,2100,9.99,0,0.1,N,4,2024-10-27
22,30000,MORTGAGE,6.0,VENTURE,A,2000,5.42,0,0.07,N,2,2024-04-19
22,34560,RENT,1.0,MEDICAL,E,2100,17.04,1,0.06,N,3,2024-01-22
25,44400,RENT,4.0,PERSONAL,D,2100,17.27,0,0.05,N,4,2024-04-04
22,30000,OWN,6.0,EDUCATION,A,2500,7.29,0,0.08,N,3,2024-09-08
22,52800,RENT,1.0,PERSONAL,A,2100,6.76,0,0.04,N,2,2024-04-03
22,60000,RENT,5.0,DEBTCONSOLIDATION,C,2100,14.65,0,0.04,N,2,2024-01-06
22,60000,RENT,5.0,VENTURE,C,2100,13.43,0,0.04,N,2,2024-11-24
25,30000,OWN,9.0,VENTURE,A,10000,11.013786929274843,0,0.33,N,2,2024-07-16
24,54000,RENT,8.0,HOMEIMPROVEMENT,E,2100,17.14,1,0.04,N,4,2024-03-10
25,80000,RENT,9.0,PERSONAL,A,2100,11.013786929274843,0,0.03,N,4,2024-03-13
23,87000,RENT,4.0,EDUCATION,C,2100,11.013786929274843,0,0.02,N,2,2024-04-24
24,79050,RENT,2.0,MEDICAL,B,2100,9.91,1,0.02,N,4,2024-08-17
23,30000,MORTGAGE,6.0,EDUCATION,A,10000,7.66,0,0.33,N,3,2024-03-09
26,57600,RENT,10.0,DEBTCONSOLIDATION,D,2150,15.62,1,0.04,Y,3,2024-09-19
22,28800,RENT,2.0,VENTURE,A,14000,7.9,1,0.49,N,2,2024-04-29
24,30000,RENT,2.0,DEBTCONSOLIDATION,A,14000,7.9,1,0.47,N,2,2024-01-12
22,30000,RENT,6.0,VENTURE,A,14000,6.99,1,0.47,N,4,2024-07-10
23,30000,RENT,1.0,MEDICAL,B,14000,11.26,1,0.47,N,3,2024-10-26
22,30000,MORTGAGE,6.0,PERSONAL,C,2000,12.61,0,0.07,N,4,2024-04-06
22,32000,RENT,7.0,EDUCATION,C,14000,12.23,1,0.44,N,3,2024-02-23
26,32400,RENT,10.0,EDUCATION,A,14000,7.51,1,0.43,N,4,2024-12-18
24,32500,RENT,4.0,MEDICAL,C,14000,14.17,1,0.43,N,2,2024-02-13
22,34000,RENT,6.0,DEBTCONSOLIDATION,B,14000,10.62,1,0.41,N,4,2024-10-31
22,37000,RENT,6.0,PERSONAL,A,14000,6.92,1,0.38,N,2,2024-01-15
23,37148,RENT,4.0,EDUCATION,D,14000,14.42,1,0.38,N,3,2024-10-31
22,39000,RENT,4.0,MEDICAL,B,14000,10.37,1,0.36,N,3,2024-03-27
26,39900,RENT,1.0,DEBTCONSOLIDATION,B,14000,10.37,1,0.35,N,3,2024-08-18
22,40000,RENT,6.0,EDUCATION,B,14000,11.013786929274843,1,0.35,N,4,2024-05-03
24,40000,RENT,4.0,MEDICAL,A,14000,6.03,1,0.35,N,2,2024-12-31
22,40000,RENT,6.0,EDUCATION,C,14000,13.11,1,0.35,Y,3,2024-08-12
24,30000,OWN,7.0,HOMEIMPROVEMENT,C,10000,12.61,0,0.33,N,3,2024-07-12
22,30000,MORTGAGE,3.0,EDUCATION,A,5000,6.91,0,0.17,N,3,2024-03-17
24,34400,RENT,8.0,DEBTCONSOLIDATION,D,14000,16.0,1,0.41,Y,3,2024-03-05
24,30000,OWN,7.0,HOMEIMPROVEMENT,A,15250,6.54,0,0.51,N,3,2024-04-06
22,41000,RENT,5.0,VENTURE,A,14000,11.013786929274843,1,0.34,N,3,2024-09-16
22,41340,RENT,6.0,VENTURE,D,14000,17.49,1,0.34,N,3,2024-12-15
23,24000,RENT,3.0,EDUCATION,C,2200,15.23,0,0.09,Y,4,2024-12-15
23,26004,RENT,8.0,DEBTCONSOLIDATION,B,2200,9.91,1,0.08,N,2,2024-07-04
25,27500,RENT,4.0,MEDICAL,B,2200,12.53,0,0.08,N,4,2024-10-11
25,38400,RENT,5.0,DEBTCONSOLIDATION,B,2200,12.69,0,0.06,N,3,2024-03-11
23,30000,MORTGAGE,2.0,EDUCATION,E,12000,16.45,0,0.4,Y,3,2024-12-17
23,39000,RENT,7.0,DEBTCONSOLIDATION,B,2200,10.99,0,0.06,N,4,2024-10-05
23,39270,RENT,6.0,VENTURE,C,2200,11.72,0,0.06,N,2,2024-01-04
24,30000,MORTGAGE,3.0,DEBTCONSOLIDATION,C,4500,14.72,0,0.15,Y,4,2024-08-13
22,46080,RENT,1.0,VENTURE,B,2200,11.99,0,0.05,N,2,2024-12-11
22,55000,RENT,3.0,MEDICAL,A,2200,5.79,0,0.04,N,4,2024-11-25
23,30000,MORTGAGE,2.0,VENTURE,A,8000,7.88,0,0.27,N,2,2024-03-01
25,30000,MORTGAGE,4.0,DEBTCONSOLIDATION,A,9000,7.51,0,0.3,N,4,2024-10-06
23,16000,RENT,6.0,DEBTCONSOLIDATION,C,2250,13.49,0,0.14,N,4,2024-10-07
24,29140,RENT,1.0,VENTURE,C,2250,12.73,0,0.08,N,4,2024-04-02
26,42000,RENT,4.0,DEBTCONSOLIDATION,B,2250,10.38,0,0.05,N,4,2024-06-27
23,14000,RENT,2.0,EDUCATION,D,2300,15.33,1,0.16,N,2,2024-03-24
26,30000,RENT,1.0,MEDICAL,B,2300,10.99,0,0.08,N,2,2024-10-01
26,36400,RENT,4.0,EDUCATION,A,2300,7.4,0,0.06,N,2,2024-08-24
25,62400,RENT,7.0,MEDICAL,B,2300,11.71,0,0.04,N,3,2024-11-10
22,30000,OWN,4.0,PERSONAL,B,5000,11.12,0,0.17,N,2,2024-09-02
23,78000,RENT,5.0,EDUCATION,D,2300,17.58,0,0.03,Y,2,2024-12-25
23,30000,MORTGAGE,6.0,VENTURE,B,5000,10.38,0,0.17,N,4,2024-12-25
22,30000,MORTGAGE,6.0,DEBTCONSOLIDATION,C,5000,13.23,0,0.17,N,4,2024-03-03
25,44400,RENT,6.0,EDUCATION,C,2350,13.98,0,0.05,Y,3,2024-10-25
24,12000,RENT,4.0,MEDICAL,A,2400,6.92,1,0.2,N,2,2024-10-29
24,13288,RENT,5.0,VENTURE,D,2400,17.27,1,0.18,N,2,2024-06-03
24,30000,MORTGAGE,8.0,HOMEIMPROVEMENT,C,5000,13.48,1,0.17,Y,2,2024-12-06
25,30000,MORTGAGE,6.0,PERSONAL,A,4000,7.14,0,0.13,N,2,2024-03-03
24,16800,RENT,3.0,MEDICAL,C,2400,13.98,1,0.14,Y,4,2024-04-16
26,30000,MORTGAGE,3.0,HOMEIMPROVEMENT,B,15000,10.62,0,0.5,N,2,2024-10-22
23,30000,MORTGAGE,3.0,PERSONAL,B,4500,10.62,0,0.15,N,3,2024-12-04
26,18000,RENT,1.0,VENTURE,C,2400,13.06,1,0.13,Y,2,2024-05-16
24,30000,MORTGAGE,9.0,DEBTCONSOLIDATION,C,2400,13.11,0,0.08,Y,2,2024-12-05
22,30000,MORTGAGE,6.0,VENTURE,C,3200,13.48,0,0.11,N,4,2024-06-21
22,30000,MORTGAGE,6.0,EDUCATION,C,13750,14.22,0,0.46,N,4,2024-08-06
22,30000,MORTGAGE,1.0,PERSONAL,B,5500,10.99,0,0.18,N,3,2024-12-06
22,21600,RENT,1.0,HOMEIMPROVEMENT,D,2400,16.29,1,0.11,N,4,2024-07-19
23,21600,RENT,1.0,DEBTCONSOLIDATION,C,2400,15.23,1,0.11,N,4,2024-04-09
22,21996,RENT,6.0,DEBTCONSOLIDATION,C,2400,12.53,0,0.11,N,4,2024-07-19
22,30000,MORTGAGE,3.0,MEDICAL,B,1750,10.99,0,0.06,N,4,2024-12-12
23,22790,RENT,7.0,VENTURE,A,2400,8.94,0,0.11,N,4,2024-09-15
25,22800,RENT,1.0,MEDICAL,B,2400,10.36,0,0.11,N,4,2024-08-27
23,23000,RENT,5.0,EDUCATION,A,2400,5.99,0,0.1,N,3,2024-10-01
22,27259,RENT,1.0,EDUCATION,B,2400,10.59,0,0.09,N,2,2024-05-23
25,28000,RENT,8.0,EDUCATION,B,2400,11.49,0,0.09,N,3,2024-09-07
24,30000,RENT,2.0,MEDICAL,C,2400,13.72,0,0.08,Y,4,2024-03-28
25,30720,RENT,4.0,MEDICAL,A,2400,7.9,0,0.08,N,3,2024-09-18
23,30720,RENT,2.0,PERSONAL,C,2400,13.98,1,0.08,Y,4,2024-01-22
22,32400,RENT,3.0,VENTURE,D,2400,16.77,0,0.07,Y,3,2024-06-29
22,32995,RENT,3.0,DEBTCONSOLIDATION,B,2400,11.48,0,0.07,N,4,2024-07-31
22,35000,RENT,1.0,EDUCATION,C,2400,11.013786929274843,0,0.07,Y,2,2024-05-07
25,35000,RENT,3.0,VENTURE,B,2400,12.53,0,0.07,N,3,2024-09-10
23,30000,MORTGAGE,7.0,EDUCATION,A,12000,8.94,0,0.4,N,4,2024-02-24
23,40000,RENT,3.0,DEBTCONSOLIDATION,A,2400,8.9,0,0.06,N,3,2024-12-07
25,40000,RENT,9.0,EDUCATION,A,2400,5.42,0,0.06,N,3,2024-04-21
25,30000,MORTGAGE,2.0,PERSONAL,A,11500,8.59,0,0.38,N,4,2024-04-23
22,40000,RENT,1.0,EDUCATION,C,2400,12.73,0,0.06,Y,2,2024-09-20
23,30000,MORTGAGE,5.0,MEDICAL,A,1000,7.4,0,0.03,N,2,2024-05-08
24,41300,RENT,2.0,EDUCATION,C,2400,12.68,0,0.06,N,2,2024-08-13
25,30000,MORTGAGE,9.0,VENTURE,A,3000,11.013786929274843,0,0.1,N,4,2024-01-14
22,30000,MORTGAGE,4.0,EDUCATION,B,5000,11.89,1,0.17,N,4,2024-01-03
25,30000,MORTGAGE,9.0,VENTURE,A,8000,9.32,0,0.27,N,4,2024-02-05
22,43000,RENT,5.0,VENTURE,B,2400,10.99,0,0.06,N,4,2024-11-10
22,37080,RENT,6.0,PERSONAL,B,2400,10.65,1,0.06,N,3,2024-10-09
25,44000,RENT,5.0,MEDICAL,A,2400,7.66,0,0.05,N,4,2024-08-20
23,44004,RENT,3.0,EDUCATION,D,2400,14.09,0,0.05,Y,4,2024-09-11
24,30000,MORTGAGE,2.0,EDUCATION,A,1000,8.0,0,0.03,N,2,2024-05-16
22,45000,RENT,3.0,MEDICAL,B,2400,12.18,0,0.05,N,4,2024-10-07
23,47000,RENT,7.0,PERSONAL,E,2400,13.75,0,0.05,Y,4,2024-02-16
22,30000,MORTGAGE,6.0,PERSONAL,D,6600,14.42,0,0.22,Y,4,2024-08-31
23,48000,RENT,1.0,MEDICAL,A,2400,8.49,0,0.05,N,4,2024-03-20
23,49800,RENT,2.0,PERSONAL,B,2400,11.83,0,0.05,N,2,2024-09-07
22,30000,MORTGAGE,6.0,VENTURE,A,6950,9.32,0,0.23,N,4,2024-06-03
24,54000,RENT,5.0,PERSONAL,A,2400,8.0,0,0.04,N,3,2024-08-03
26,54500,RENT,7.0,EDUCATION,A,2400,9.32,0,0.04,N,3,2024-03-29
23,56000,RENT,2.0,MEDICAL,A,2400,8.9,0,0.04,N,3,2024-11-29
22,57500,RENT,3.0,PERSONAL,C,2400,15.23,0,0.04,N,3,2024-12-12
25,60000,RENT,6.0,VENTURE,B,2400,11.49,0,0.04,N,3,2024-09-10
24,54000,RENT,3.0,MEDICAL,C,2400,13.49,1,0.04,Y,4,2024-05-01
26,54000,RENT,2.0,HOMEIMPROVEMENT,D,2400,14.09,1,0.04,N,2,2024-07-25
25,63000,RENT,3.0,DEBTCONSOLIDATION,A,2400,7.14,0,0.04,N,4,2024-09-10
23,63300,RENT,3.0,DEBTCONSOLIDATION,A,2400,7.9,0,0.04,N,4,2024-01-12
22,66000,RENT,2.0,EDUCATION,A,2400,7.4,0,0.04,N,2,2024-10-10
26,67000,RENT,4.0,MEDICAL,C,2400,12.99,0,0.04,Y,2,2024-05-20
24,30000,MORTGAGE,4.0,PERSONAL,B,5000,10.71,0,0.17,N,2,2024-04-12
24,95000,RENT,4.0,PERSONAL,A,2400,5.99,0,0.03,N,3,2024-01-14
25,87999,RENT,5.0,PERSONAL,C,2400,14.79,1,0.03,Y,4,2024-08-08
26,16000,RENT,1.0,VENTURE,D,2450,11.013786929274843,1,0.15,Y,2,2024-05-19
24,12600,RENT,2.0,VENTURE,C,2500,13.11,1,0.2,Y,2,2024-03-14
23,95000,RENT,2.0,VENTURE,B,13600,11.11,0,0.14,N,2,2024-06-21
24,31000,RENT,8.0,VENTURE,C,13500,13.43,1,0.44,N,4,2024-12-16
22,43000,RENT,6.0,PERSONAL,B,13500,10.95,1,0.31,N,3,2024-11-04
23,45312,RENT,3.0,EDUCATION,A,13500,7.88,0,0.3,N,3,2024-06-03
26,30200,OWN,3.0,VENTURE,B,9200,10.99,0,0.3,N,2,2024-03-20
25,30200,MORTGAGE,9.0,HOMEIMPROVEMENT,B,15000,10.2,0,0.5,N,2,2024-11-15
23,51000,RENT,6.0,DEBTCONSOLIDATION,C,13500,12.23,0,0.26,Y,2,2024-07-28
23,30280,MORTGAGE,5.0,EDUCATION,A,5800,7.29,0,0.19,N,2,2024-08-13
22,30288,MORTGAGE,2.0,EDUCATION,C,6000,12.73,0,0.2,N,2,2024-07-01
25,53000,RENT,10.0,DEBTCONSOLIDATION,A,13500,6.99,0,0.25,N,3,2024-11-13
24,57772,RENT,6.0,VENTURE,C,13500,13.99,0,0.23,N,2,2024-12-30
25,60000,RENT,9.0,DEBTCONSOLIDATION,A,13500,7.49,0,0.23,N,2,2024-09-13
22,68000,RENT,6.0,DEBTCONSOLIDATION,B,13500,10.62,0,0.2,N,4,2024-05-30
24,68000,RENT,3.0,EDUCATION,B,13500,12.21,0,0.2,N,2,2024-12-08
26,71000,RENT,5.0,MEDICAL,B,13500,12.69,0,0.19,N,3,2024-06-08
26,77508,RENT,10.0,VENTURE,C,13500,12.87,0,0.17,Y,2,2024-05-29
25,30576,MORTGAGE,5.0,DEBTCONSOLIDATION,A,10000,6.03,0,0.33,N,4,2024-05-27
23,35000,RENT,6.0,DEBTCONSOLIDATION,B,13475,10.65,1,0.39,N,3,2024-10-03
23,30652,MORTGAGE,4.0,DEBTCONSOLIDATION,D,6000,14.54,1,0.2,Y,2,2024-09-23
23,29000,RENT,1.0,VENTURE,C,13475,14.26,1,0.46,Y,4,2024-09-13
23,29000,RENT,4.0,MEDICAL,D,13450,12.61,1,0.46,N,3,2024-06-19
24,35000,RENT,8.0,MEDICAL,B,13400,11.013786929274843,1,0.38,N,3,2024-11-06
26,38000,RENT,3.0,EDUCATION,B,13400,9.99,1,0.35,N,2,2024-08-05
25,30720,MORTGAGE,3.0,VENTURE,B,2000,11.12,0,0.07,N,2,2024-12-12
24,33000,RENT,2.0,DEBTCONSOLIDATION,A,13300,7.66,1,0.4,N,4,2024-03-30
24,39875,RENT,7.0,PERSONAL,D,13300,16.0,1,0.33,Y,4,2024-08-27
23,54000,RENT,5.0,VENTURE,D,13275,17.58,0,0.25,Y,2,2024-01-12
25,24000,RENT,3.0,VENTURE,B,13250,10.37,1,0.55,N,2,2024-03-11
23,30873,MORTGAGE,8.0,EDUCATION,B,4200,10.99,0,0.14,N,4,2024-08-19
22,30000,RENT,4.0,DEBTCONSOLIDATION,E,13250,16.4,1,0.44,Y,3,2024-04-16
26,37500,RENT,6.0,DEBTCONSOLIDATION,C,13250,13.49,1,0.35,Y,3,2024-12-04
23,38400,RENT,1.0,VENTURE,B,13250,10.99,1,0.35,N,4,2024-01-27
26,40000,RENT,3.0,PERSONAL,B,13250,11.71,1,0.33,N,2,2024-03-08
25,40000,RENT,9.0,PERSONAL,D,13250,11.013786929274843,1,0.33,N,3,2024-11-18
26,35000,RENT,5.0,VENTURE,C,13225,13.49,1,0.38,Y,3,2024-02-14
22,40000,RENT,6.0,PERSONAL,D,13225,16.77,1,0.33,Y,2,2024-12-26
23,30996,OWN,2.0,VENTURE,B,5000,11.86,0,0.16,N,2,2024-12-20
22,31500,RENT,5.0,EDUCATION,B,13200,11.71,1,0.42,N,4,2024-02-11
25,46596,RENT,2.0,DEBTCONSOLIDATION,B,13200,12.53,0,0.28,N,4,2024-01-18
24,60000,RENT,1.0,PERSONAL,A,13200,6.62,0,0.22,N,4,2024-10-04
26,31000,MORTGAGE,9.0,HOMEIMPROVEMENT,A,15000,7.9,1,0.48,N,4,2024-07-09
22,62000,RENT,5.0,VENTURE,A,13200,11.013786929274843,0,0.21,N,4,2024-08-31
24,72000,RENT,3.0,HOMEIMPROVEMENT,A,13200,7.29,0,0.18,N,3,2024-09-22
23,75000,RENT,3.0,VENTURE,A,13200,6.17,0,0.18,N,4,2024-04-21
25,76000,RENT,4.0,EDUCATION,C,13200,12.23,0,0.17,N,4,2024-12-12
25,31000,OWN,8.0,PERSONAL,A,12000,11.013786929274843,0,0.39,N,3,2024-04-28
26,80952,RENT,6.0,EDUCATION,D,13200,16.77,0,0.16,N,4,2024-07-03
24,71040,RENT,1.0,VENTURE,A,13100,7.49,0,0.18,N,2,2024-04-17
24,31000,MORTGAGE,8.0,EDUCATION,A,5000,5.42,0,0.16,N,2,2024-04-23
25,31000,MORTGAGE,7.0,HOMEIMPROVEMENT,A,6000,7.66,0,0.19,N,2,2024-04-05
24,135000,RENT,8.0,PERSONAL,A,13050,11.013786929274843,0,0.1,N,3,2024-10-15
24,31000,MORTGAGE,8.0,HOMEIMPROVEMENT,A,8000,5.42,0,0.26,N,4,2024-03-02
24,31000,MORTGAGE,8.0,PERSONAL,D,9000,14.84,1,0.29,Y,4,2024-05-13
25,31000,MORTGAGE,4.0,VENTURE,B,10000,10.38,0,0.32,N,4,2024-11-09
26,28000,RENT,10.0,MEDICAL,D,13000,16.29,1,0.46,Y,3,2024-05-13
25,28000,RENT,10.0,PERSONAL,A,13000,7.9,1,0.46,N,3,2024-10-31
25,31000,MORTGAGE,2.0,PERSONAL,B,12250,11.36,1,0.4,N,3,2024-09-24
22,30000,RENT,2.0,VENTURE,C,13000,13.11,1,0.43,Y,3,2024-04-13
26,33800,RENT,4.0,EDUCATION,C,13000,13.57,1,0.38,N,4,2024-07-19
26,34000,RENT,2.0,MEDICAL,B,13000,9.63,1,0.38,N,2,2024-02-26
25,35000,RENT,5.0,MEDICAL,C,13000,13.22,1,0.37,N,2,2024-04-06
24,36000,RENT,8.0,EDUCATION,D,13000,17.27,1,0.36,N,4,2024-05-30
22,31000,MORTGAGE,1.0,DEBTCONSOLIDATION,C,5000,13.79,0,0.16,N,4,2024-01-30
24,36000,RENT,7.0,DEBTCONSOLIDATION,A,13000,7.29,1,0.36,N,3,2024-08-28
26,31000,MORTGAGE,5.0,EDUCATION,B,4000,10.33,0,0.13,N,2,2024-10-15
23,30000,RENT,4.0,DEBTCONSOLIDATION,C,13000,13.57,1,0.43,Y,2,2024-05-26
22,36000,RENT,6.0,DEBTCONSOLIDATION,B,13000,11.14,1,0.36,N,4,2024-02-17
23,31000,MORTGAGE,6.0,EDUCATION,B,18500,11.013786929274843,0,0.6,N,4,2024-02-06
24,37000,RENT,3.0,EDUCATION,B,13000,10.25,1,0.35,N,4,2024-12-02
23,31164,MORTGAGE,7.0,DEBTCONSOLIDATION,A,4500,6.62,0,0.14,N,2,2024-05-01
23,38000,RENT,4.0,EDUCATION,D,13000,11.013786929274843,1,0.34,N,4,2024-01-20
23,38400,RENT,5.0,EDUCATION,B,13000,11.71,1,0.34,N,3,2024-05-23
26,31200,MORTGAGE,6.0,PERSONAL,A,9250,7.9,0,0.3,N,2,2024-08-05
22,39000,RENT,5.0,DEBTCONSOLIDATION,B,13000,11.83,1,0.33,N,4,2024-01-02
25,40000,RENT,9.0,PERSONAL,B,13000,10.99,1,0.33,N,3,2024-10-28
24,40000,RENT,5.0,DEBTCONSOLIDATION,C,13000,14.26,1,0.33,N,3,2024-01-06
25,31200,MORTGAGE,9.0,HOMEIMPROVEMENT,D,2400,17.58,1,0.08,Y,4,2024-03-08
22,31200,MORTGAGE,3.0,VENTURE,B,3200,10.99,0,0.1,N,2,2024-10-13
26,36000,RENT,6.0,DEBTCONSOLIDATION,A,13000,5.99,1,0.36,N,4,2024-03-23
22,43000,RENT,6.0,EDUCATION,C,13000,12.87,0,0.3,Y,4,2024-01-03
23,44000,RENT,1.0,EDUCATION,C,13000,13.47,0,0.3,N,2,2024-06-24
23,44100,RENT,8.0,MEDICAL,A,13000,8.9,0,0.29,N,4,2024-01-14
23,31200,MORTGAGE,7.0,DEBTCONSOLIDATION,B,7550,9.99,0,0.24,N,4,2024-09-15
24,46000,RENT,8.0,PERSONAL,B,13000,10.99,0,0.28,N,3,2024-01-17
25,31200,MORTGAGE,3.0,MEDICAL,A,11200,5.42,0,0.36,N,2,2024-02-02
24,46540,RENT,5.0,VENTURE,D,13000,11.013786929274843,0,0.28,Y,2,2024-06-09
25,31200,MORTGAGE,9.0,DEBTCONSOLIDATION,A,6000,5.79,0,0.19,N,4,2024-06-23
22,48000,RENT,1.0,MEDICAL,B,13000,9.99,0,0.27,N,2,2024-06-28
23,44000,RENT,7.0,DEBTCONSOLIDATION,D,13000,16.29,1,0.3,N,3,2024-09-20
26,31200,MORTGAGE,4.0,HOMEIMPROVEMENT,A,8400,7.51,0,0.27,N,3,2024-10-19
25,21600,RENT,4.0,EDUCATION,A,2500,5.99,0,0.12,N,3,2024-02-10
22,31200,MORTGAGE,2.0,DEBTCONSOLIDATION,A,1050,7.51,1,0.03,N,4,2024-06-17
26,22406,RENT,5.0,PERSONAL,A,2500,6.76,1,0.11,N,4,2024-12-19
24,24000,RENT,1.0,MEDICAL,B,2500,10.74,0,0.1,N,3,2024-02-20
24,31200,OWN,8.0,PERSONAL,B,10000,12.18,0,0.32,N,2,2024-04-12
22,31200,MORTGAGE,6.0,VENTURE,A,3500,7.74,0,0.11,N,2,2024-11-14
24,31200,MORTGAGE,2.0,EDUCATION,C,6700,14.26,0,0.21,Y,2,2024-06-23
25,24996,RENT,8.0,VENTURE,C,2500,12.98,0,0.1,N,4,2024-03-14
24,25000,RENT,5.0,MEDICAL,C,2500,13.48,0,0.1,Y,4,2024-04-18
26,31303,MORTGAGE,7.0,MEDICAL,A,12000,11.013786929274843,0,0.38,N,2,2024-11-08
22,31356,MORTGAGE,6.0,DEBTCONSOLIDATION,D,11225,11.013786929274843,1,0.36,Y,2,2024-07-02
25,27024,RENT,7.0,EDUCATION,E,2500,16.69,0,0.09,N,2,2024-11-30
26,27200,RENT,4.0,DEBTCONSOLIDATION,C,2500,13.49,0,0.09,N,4,2024-09-18
22,31500,MORTGAGE,2.0,VENTURE,A,14000,8.9,0,0.44,N,3,2024-09-09
24,28500,RENT,3.0,DEBTCONSOLIDATION,B,2500,11.36,0,0.09,N,4,2024-11-23
24,29000,RENT,4.0,PERSONAL,B,2500,10.99,0,0.09,N,3,2024-08-08
25,29000,RENT,2.0,VENTURE,C,2500,12.84,1,0.09,N,3,2024-11-07
23,30000,RENT,7.0,MEDICAL,B,2500,9.88,0,0.08,N,2,2024-03-03
22,31500,MORTGAGE,3.0,VENTURE,B,4500,9.88,0,0.14,N,2,2024-11-17
24,31000,RENT,1.0,EDUCATION,D,2500,14.54,1,0.08,Y,3,2024-02-25
26,31200,RENT,4.0,VENTURE,B,2500,10.37,0,0.08,N,3,2024-04-07
23,31577,OWN,6.0,EDUCATION,A,2500,6.92,0,0.08,N,4,2024-09-15
25,33000,RENT,6.0,DEBTCONSOLIDATION,B,2500,10.59,0,0.08,N,2,2024-08-28
23,33448,RENT,2.0,EDUCATION,C,2500,11.66,0,0.07,Y,2,2024-05-08
23,33500,RENT,2.0,EDUCATION,E,2500,15.68,1,0.07,Y,4,2024-03-17
23,34800,RENT,7.0,EDUCATION,A,2500,6.39,0,0.07,N,2,2024-10-04
26,35000,RENT,2.0,MEDICAL,A,2500,8.9,0,0.07,N,3,2024-09-23
24,29000,RENT,2.0,MEDICAL,D,2500,11.013786929274843,1,0.09,N,4,2024-01-11
22,30000,RENT,2.0,EDUCATION,A,2500,8.49,1,0.08,N,2,2024-01-21
25,31920,MORTGAGE,8.0,MEDICAL,C,4500,11.013786929274843,0,0.14,Y,2,2024-07-27
26,37000,RENT,2.0,VENTURE,A,2500,7.14,0,0.07,N,3,2024-02-27
26,37225,RENT,4.0,PERSONAL,C,2500,11.013786929274843,0,0.07,N,3,2024-01-10
25,32000,RENT,1.0,MEDICAL,E,2500,16.45,1,0.08,Y,2,2024-10-14
25,38060,RENT,9.0,DEBTCONSOLIDATION,B,2500,12.53,0,0.07,N,2,2024-01-10
23,39200,RENT,1.0,EDUCATION,A,2500,7.74,0,0.06,N,3,2024-12-02
23,32000,MORTGAGE,7.0,EDUCATION,B,10000,11.71,0,0.31,N,2,2024-05-13
24,40000,RENT,6.0,PERSONAL,C,2500,15.27,0,0.06,N,3,2024-02-06
25,40000,RENT,3.0,MEDICAL,B,2500,9.99,0,0.06,N,3,2024-09-11
25,32000,MORTGAGE,8.0,DEBTCONSOLIDATION,A,5600,7.9,0,0.17,N,3,2024-01-06
22,34000,RENT,2.0,HOMEIMPROVEMENT,C,2500,13.57,1,0.07,Y,3,2024-11-07
22,35500,RENT,6.0,MEDICAL,D,2500,15.62,1,0.07,N,2,2024-02-26
24,36000,RENT,2.0,HOMEIMPROVEMENT,D,2500,16.77,1,0.07,N,3,2024-06-19
23,42000,RENT,4.0,EDUCATION,C,2500,13.61,0,0.06,N,4,2024-06-20
25,36228,RENT,4.0,MEDICAL,A,2500,7.66,1,0.07,N,2,2024-09-22
26,43000,RENT,3.0,EDUCATION,C,2500,13.49,0,0.06,N,2,2024-11-28
22,37000,RENT,2.0,HOMEIMPROVEMENT,D,2500,17.49,1,0.07,N,3,2024-01-22
25,45000,RENT,5.0,MEDICAL,B,2500,12.69,0,0.06,N,4,2024-04-15
24,32000,MORTGAGE,5.0,HOMEIMPROVEMENT,A,6000,5.42,0,0.19,N,4,2024-05-01
23,32000,MORTGAGE,4.0,EDUCATION,A,2000,5.99,0,0.06,N,2,2024-05-26
22,45000,RENT,5.0,MEDICAL,C,2500,14.35,0,0.06,Y,2,2024-02-20
26,46000,RENT,10.0,DEBTCONSOLIDATION,A,2500,8.49,0,0.05,N,4,2024-12-19
26,46500,RENT,1.0,DEBTCONSOLIDATION,C,2500,14.72,0,0.05,Y,3,2024-08-10
26,47004,RENT,9.0,MEDICAL,D,2500,15.65,0,0.05,Y,3,2024-10-10
22,32000,MORTGAGE,3.0,EDUCATION,A,6000,8.49,0,0.19,N,2,2024-04-19
24,48000,RENT,4.0,EDUCATION,C,2500,13.35,0,0.05,N,4,2024-12-01
22,49500,RENT,7.0,MEDICAL,C,2500,14.27,0,0.05,Y,2,2024-12-24
26,32000,MORTGAGE,4.0,EDUCATION,A,4900,5.99,0,0.15,N,3,2024-04-19
23,51873,RENT,2.0,VENTURE,A,2500,11.013786929274843,0,0.05,N,3,2024-10-10
26,52000,RENT,6.0,DEBTCONSOLIDATION,C,2500,14.82,0,0.05,Y,2,2024-08-22
24,46180,RENT,1.0,VENTURE,C,2500,13.98,1,0.05,Y,3,2024-09-03
25,54000,RENT,4.0,PERSONAL,C,2500,13.98,0,0.05,N,2,2024-01-06
23,54000,RENT,7.0,EDUCATION,D,2500,16.32,0,0.05,Y,2,2024-03-05
25,32000,MORTGAGE,3.0,PERSONAL,B,15000,11.11,0,0.47,N,4,2024-02-14
22,54996,RENT,6.0,DEBTCONSOLIDATION,C,2500,14.35,0,0.05,Y,4,2024-04-24
26,48996,RENT,8.0,DEBTCONSOLIDATION,D,2500,14.59,1,0.05,N,2,2024-03-17
25,55000,RENT,4.0,PERSONAL,A,2500,7.88,0,0.05,N,2,2024-09-14
22,55000,RENT,5.0,EDUCATION,B,2500,11.013786929274843,0,0.05,N,4,2024-05-31
23,49000,RENT,1.0,DEBTCONSOLIDATION,F,2500,11.013786929274843,1,0.05,N,2,2024-04-20
24,57600,RENT,8.0,EDUCATION,C,2500,14.72,0,0.04,Y,3,2024-07-21
25,32000,MORTGAGE,7.0,PERSONAL,B,3250,10.74,1,0.1,N,2,2024-12-16
23,59000,RENT,7.0,PERSONAL,D,2500,14.96,0,0.04,N,2,2024-06-24
22,60000,RENT,5.0,DEBTCONSOLIDATION,C,2500,11.013786929274843,0,0.04,Y,4,2024-03-30
25,60000,RENT,9.0,PERSONAL,A,2500,8.63,0,0.04,N,3,2024-09-09
23,61000,RENT,3.0,DEBTCONSOLIDATION,A,2500,7.49,0,0.04,N,3,2024-09-21
26,32000,MORTGAGE,7.0,VENTURE,C,4800,12.61,0,0.15,Y,3,2024-02-18
25,32000,MORTGAGE,3.0,DEBTCONSOLIDATION,B,6250,11.49,0,0.2,N,3,2024-05-31
23,63000,RENT,7.0,EDUCATION,C,2500,14.72,0,0.04,N,2,2024-09-08
26,64000,RENT,3.0,MEDICAL,B,2500,10.99,0,0.04,N,3,2024-10-21
25,65004,RENT,10.0,MEDICAL,B,2500,10.08,0,0.04,N,2,2024-12-21
24,69996,RENT,3.0,DEBTCONSOLIDATION,B,2500,12.53,0,0.04,N,3,2024-09-25
24,32000,MORTGAGE,4.0,VENTURE,B,3000,10.75,0,0.09,N,4,2024-12-20
22,54400,RENT,6.0,MEDICAL,D,2500,16.49,1,0.04,Y,3,2024-11-17
24,32000,MORTGAGE,7.0,VENTURE,A,4500,6.76,0,0.14,N,2,2024-04-22
24,64000,RENT,4.0,HOMEIMPROVEMENT,B,2500,11.14,1,0.04,N,3,2024-08-15
24,70082,RENT,5.0,VENTURE,C,2500,12.61,0,0.04,N,4,2024-11-24
24,79800,RENT,8.0,HOMEIMPROVEMENT,B,2500,9.62,0,0.03,N,2,2024-06-19
26,82400,RENT,10.0,VENTURE,C,2500,13.92,0,0.03,N,3,2024-03-04
26,85000,RENT,1.0,EDUCATION,A,2500,8.59,0,0.03,N,2,2024-05-04
23,92500,RENT,6.0,VENTURE,B,2500,10.74,0,0.03,N,3,2024-08-01
24,32000,MORTGAGE,6.0,EDUCATION,A,12250,8.94,0,0.38,N,4,2024-11-21
23,112995,RENT,7.0,VENTURE,A,2500,7.37,0,0.02,N,3,2024-01-06
26,121000,RENT,2.0,EDUCATION,A,2500,7.66,0,0.02,N,4,2024-02-01
26,200004,RENT,7.0,MEDICAL,C,2500,13.61,0,0.01,Y,2,2024-01-03
23,13000,RENT,3.0,PERSONAL,D,2800,15.21,1,0.22,Y,2,2024-12-29
22,14400,RENT,5.0,VENTURE,A,2800,6.54,1,0.19,N,3,2024-03-02
26,15000,RENT,1.0,EDUCATION,D,2800,15.31,1,0.19,Y,4,2024-09-29
23,32000,MORTGAGE,4.0,VENTURE,A,1200,7.68,0,0.04,N,4,2024-02-25
23,32000,MORTGAGE,1.0,DEBTCONSOLIDATION,B,15000,11.58,0,0.47,N,4,2024-06-10
24,21168,RENT,3.0,VENTURE,C,2800,14.22,0,0.13,Y,4,2024-12-17
22,23000,RENT,1.0,MEDICAL,F,2800,21.74,1,0.12,N,4,2024-03-10
23,23760,RENT,2.0,DEBTCONSOLIDATION,B,2800,11.013786929274843,0,0.12,N,2,2024-10-29
23,24000,RENT,2.0,MEDICAL,B,2800,11.49,1,0.12,N,4,2024-10-07
25,32000,MORTGAGE,1.0,DEBTCONSOLIDATION,C,8000,13.16,0,0.25,N,2,2024-08-31
25,32000,MORTGAGE,1.0,HOMEIMPROVEMENT,A,2500,7.68,1,0.08,N,3,2024-12-27
22,32000,MORTGAGE,2.0,MEDICAL,C,7500,11.013786929274843,0,0.23,Y,3,2024-07-03
23,26500,RENT,1.0,EDUCATION,C,2800,12.29,0,0.11,N,3,2024-02-18
22,27000,RENT,3.0,MEDICAL,A,2800,7.51,1,0.1,N,3,2024-05-24
22,32000,OWN,1.0,MEDICAL,B,1200,9.96,0,0.04,N,2,2024-11-16
23,28800,RENT,5.0,PERSONAL,B,2800,10.38,0,0.1,N,2,2024-02-29
22,29376,RENT,1.0,EDUCATION,A,2800,7.43,0,0.1,N,4,2024-08-10
22,19200,RENT,3.0,MEDICAL,C,2850,15.27,0,0.15,Y,4,2024-01-09
25,32004,MORTGAGE,3.0,PERSONAL,A,22750,6.17,0,0.71,N,4,2024-03-12
24,45000,RENT,3.0,MEDICAL,D,2850,11.86,0,0.06,N,2,2024-07-06
22,90000,RENT,5.0,VENTURE,A,2850,5.99,0,0.03,N,3,2024-07-16
23,28000,RENT,2.0,VENTURE,C,2875,15.23,0,0.1,Y,3,2024-03-24
25,36800,RENT,1.0,MEDICAL,C,2875,11.28,0,0.08,Y,4,2024-07-06
22,32004,MORTGAGE,6.0,EDUCATION,A,10000,7.51,0,0.31,N,2,2024-12-15
24,32004,MORTGAGE,5.0,VENTURE,C,14000,12.73,0,0.44,N,4,2024-03-02
22,31500,RENT,3.0,DEBTCONSOLIDATION,D,2900,11.013786929274843,1,0.09,N,4,2024-05-03
22,27000,RENT,5.0,PERSONAL,B,2925,10.71,0,0.11,N,4,2024-10-16
22,32004,MORTGAGE,6.0,EDUCATION,B,10000,10.83,0,0.31,N,3,2024-07-16
22,32112,MORTGAGE,4.0,PERSONAL,C,15000,13.98,0,0.47,N,3,2024-02-12
24,10000,RENT,8.0,PERSONAL,A,3000,7.9,1,0.3,N,3,2024-12-29
23,32198,MORTGAGE,3.0,EDUCATION,B,1000,10.95,0,0.03,N,2,2024-12-14
23,14000,RENT,4.0,VENTURE,A,3000,7.74,1,0.21,N,3,2024-05-31
22,32352,MORTGAGE,6.0,HOMEIMPROVEMENT,C,1000,15.27,1,0.03,Y,2,2024-12-30
26,14400,RENT,1.0,VENTURE,B,3000,11.013786929274843,1,0.21,N,2,2024-09-02
22,15000,RENT,3.0,EDUCATION,B,3000,9.91,1,0.2,N,3,2024-08-30
22,15000,RENT,2.0,VENTURE,A,3000,7.51,1,0.2,N,4,2024-05-28
22,32400,MORTGAGE,6.0,VENTURE,B,4200,10.99,0,0.13,N,4,2024-06-27
25,32400,MORTGAGE,9.0,PERSONAL,C,10000,13.99,0,0.31,Y,3,2024-11-27
25,32400,MORTGAGE,2.0,DEBTCONSOLIDATION,A,4800,7.29,0,0.15,N,4,2024-03-27
22,32400,MORTGAGE,6.0,EDUCATION,A,3625,6.92,0,0.11,N,3,2024-03-12
23,17520,RENT,5.0,DEBTCONSOLIDATION,B,3000,10.37,1,0.17,N,4,2024-06-06
23,18000,RENT,1.0,HOMEIMPROVEMENT,B,3000,11.71,1,0.17,N,4,2024-08-19
22,32400,MORTGAGE,1.0,DEBTCONSOLIDATION,A,5500,11.013786929274843,0,0.17,N,2,2024-01-10
24,18000,RENT,5.0,PERSONAL,C,3000,15.27,1,0.17,Y,2,2024-07-25
23,18000,RENT,1.0,HOMEIMPROVEMENT,D,3000,15.99,1,0.17,Y,2,2024-11-28
26,32450,MORTGAGE,5.0,MEDICAL,A,3250,6.99,0,0.1,N,4,2024-02-27
22,18000,RENT,3.0,DEBTCONSOLIDATION,B,3000,10.59,1,0.17,N,3,2024-01-25
23,18000,RENT,4.0,PERSONAL,C,3000,13.06,1,0.17,N,2,2024-02-02
22,18000,RENT,2.0,VENTURE,B,3000,11.013786929274843,1,0.17,N,2,2024-09-29
22,18000,RENT,1.0,PERSONAL,B,3000,11.86,1,0.17,N,2,2024-05-06
25,32500,MORTGAGE,3.0,EDUCATION,A,12500,7.9,0,0.38,N,4,2024-02-08
22,32500,MORTGAGE,6.0,DEBTCONSOLIDATION,A,2500,6.99,0,0.08,N,3,2024-05-19
22,32500,MORTGAGE,5.0,DEBTCONSOLIDATION,B,14500,11.99,0,0.45,N,4,2024-08-23
22,19000,RENT,5.0,VENTURE,C,3000,13.06,1,0.16,N,2,2024-12-08
23,19200,RENT,3.0,VENTURE,C,3000,12.99,1,0.16,Y,2,2024-08-31
24,32500,MORTGAGE,6.0,MEDICAL,C,6600,12.73,0,0.2,N,4,2024-02-28
26,32500,MORTGAGE,8.0,MEDICAL,C,3000,13.22,0,0.09,N,4,2024-01-02
22,20000,RENT,2.0,EDUCATION,C,3000,13.11,0,0.15,N,4,2024-01-14
24,20004,RENT,3.0,VENTURE,C,3000,11.013786929274843,0,0.15,N,4,2024-12-25
25,32760,MORTGAGE,6.0,VENTURE,B,6000,10.59,0,0.18,N,2,2024-12-18
26,21000,RENT,3.0,PERSONAL,B,3000,10.59,0,0.14,N,2,2024-08-03
23,21000,RENT,2.0,DEBTCONSOLIDATION,C,3000,12.68,0,0.14,Y,2,2024-06-09
22,21600,RENT,2.0,EDUCATION,C,3000,13.49,0,0.14,N,3,2024-12-23
22,32968,OWN,6.0,EDUCATION,A,16500,8.9,0,0.5,N,4,2024-07-29
24,22000,RENT,3.0,PERSONAL,B,3000,10.33,0,0.14,N,2,2024-01-07
22,22800,RENT,3.0,MEDICAL,A,3000,6.62,0,0.13,N,3,2024-10-18
22,23000,RENT,4.0,MEDICAL,A,3000,5.79,0,0.13,N,2,2024-03-03
22,33000,OWN,6.0,PERSONAL,B,12000,9.91,0,0.36,N,2,2024-02-08
24,30000,RENT,2.0,EDUCATION,A,3000,6.03,0,0.1,N,3,2024-08-15
22,30000,RENT,6.0,MEDICAL,B,3000,11.013786929274843,0,0.1,N,4,2024-11-09
24,30000,RENT,4.0,DEBTCONSOLIDATION,E,3000,19.29,1,0.1,Y,2,2024-04-12
24,30000,RENT,2.0,PERSONAL,A,3000,7.49,0,0.1,N,3,2024-02-13
22,33000,MORTGAGE,6.0,VENTURE,B,8875,10.65,0,0.27,N,4,2024-11-03
23,30000,RENT,2.0,VENTURE,A,3000,7.49,0,0.1,N,2,2024-04-17
24,30000,RENT,1.0,PERSONAL,B,3000,10.37,0,0.1,N,2,2024-01-25
25,30000,RENT,3.0,DEBTCONSOLIDATION,C,3000,12.98,0,0.1,N,3,2024-06-18
23,30000,RENT,3.0,MEDICAL,D,3000,15.2,1,0.1,Y,2,2024-03-05
25,30000,RENT,3.0,PERSONAL,C,3000,13.61,0,0.1,N,2,2024-01-27
22,30000,RENT,3.0,PERSONAL,B,3000,11.12,0,0.1,N,3,2024-01-25
24,30000,RENT,8.0,MEDICAL,B,3000,11.86,0,0.1,N,4,2024-04-14
24,30000,RENT,1.0,DEBTCONSOLIDATION,C,3000,13.98,1,0.1,Y,2,2024-09-14
25,30000,RENT,4.0,MEDICAL,B,3000,11.013786929274843,0,0.1,N,4,2024-01-20
25,33000,MORTGAGE,6.0,EDUCATION,A,8000,6.62,0,0.24,N,4,2024-04-12
25,30000,RENT,4.0,HOMEIMPROVEMENT,B,3000,12.21,1,0.1,N,4,2024-10-31
25,33000,MORTGAGE,9.0,MEDICAL,B,3000,11.99,0,0.09,N,2,2024-11-10
24,30960,RENT,5.0,MEDICAL,D,3000,15.62,0,0.1,N,4,2024-07-06
25,33000,MORTGAGE,9.0,VENTURE,A,5000,8.49,0,0.15,N,3,2024-09-25
22,31200,RENT,3.0,EDUCATION,B,3000,11.86,0,0.1,N,4,2024-02-18
23,31200,RENT,2.0,EDUCATION,B,3000,11.89,0,0.1,N,2,2024-10-29
23,33000,MORTGAGE,3.0,PERSONAL,D,8325,15.99,0,0.25,N,3,2024-07-25
24,33000,MORTGAGE,3.0,PERSONAL,E,1250,19.29,0,0.04,N,4,2024-12-10
23,33000,MORTGAGE,4.0,EDUCATION,A,8000,7.49,0,0.24,N,3,2024-11-03
25,32000,RENT,3.0,DEBTCONSOLIDATION,A,3000,8.94,0,0.09,N,3,2024-10-20
24,32000,RENT,4.0,MEDICAL,C,3000,12.29,0,0.09,Y,2,2024-11-12
24,33000,MORTGAGE,8.0,HOMEIMPROVEMENT,C,2050,13.49,1,0.06,N,2,2024-06-20
23,32400,RENT,6.0,VENTURE,B,3000,10.0,0,0.09,N,2,2024-07-18
22,32400,RENT,5.0,PERSONAL,E,3000,16.45,0,0.09,N,3,2024-06-13
26,32640,RENT,7.0,VENTURE,B,3000,10.75,0,0.09,N,2,2024-01-05
26,33000,RENT,7.0,MEDICAL,A,3000,5.99,0,0.09,N,4,2024-06-20
22,33000,MORTGAGE,5.0,DEBTCONSOLIDATION,A,12375,7.29,0,0.38,N,2,2024-04-08
25,33000,RENT,3.0,VENTURE,A,3000,5.99,0,0.09,N,2,2024-09-17
25,33000,RENT,6.0,PERSONAL,B,3000,10.95,0,0.09,N,4,2024-03-25
26,33189,RENT,4.0,EDUCATION,B,3000,11.12,0,0.09,N,2,2024-07-13
23,34008,RENT,5.0,VENTURE,B,3000,10.0,0,0.09,N,4,2024-12-14
22,34500,RENT,3.0,DEBTCONSOLIDATION,B,3000,11.83,0,0.09,N,2,2024-03-08
25,29000,RENT,9.0,MEDICAL,A,3000,6.62,1,0.1,N,2,2024-05-22
23,35000,RENT,4.0,PERSONAL,C,3000,13.85,0,0.09,N,3,2024-07-06
22,35000,RENT,5.0,EDUCATION,B,3000,10.01,0,0.09,N,2,2024-01-20
24,35256,RENT,2.0,DEBTCONSOLIDATION,B,3000,10.74,0,0.09,N,2,2024-03-07
26,36000,RENT,3.0,EDUCATION,A,3000,7.88,0,0.08,N,4,2024-10-31
23,33000,MORTGAGE,2.0,DEBTCONSOLIDATION,C,3000,14.35,0,0.09,Y,3,2024-07-15
24,36600,RENT,4.0,DEBTCONSOLIDATION,B,3000,9.33,0,0.08,N,2,2024-03-11
25,37000,RENT,2.0,MEDICAL,B,3000,11.71,0,0.08,N,2,2024-06-20
25,31000,RENT,1.0,HOMEIMPROVEMENT,B,3000,11.013786929274843,1,0.1,N,4,2024-03-23
24,38000,RENT,2.0,EDUCATION,C,3000,13.06,0,0.08,N,4,2024-02-27
22,33000,MORTGAGE,4.0,EDUCATION,C,12500,14.26,0,0.38,N,2,2024-03-28
25,33000,MORTGAGE,4.0,EDUCATION,A,4400,8.0,0,0.13,N,3,2024-09-21
24,38400,RENT,8.0,PERSONAL,E,3000,17.56,0,0.08,Y,2,2024-09-07
25,38748,RENT,2.0,PERSONAL,A,3000,7.29,0,0.08,N,3,2024-05-07
24,33000,MORTGAGE,3.0,VENTURE,C,4000,13.04,0,0.12,N,4,2024-06-18
26,33000,RENT,2.0,MEDICAL,B,3000,11.49,1,0.09,N,3,2024-02-07
22,39996,RENT,4.0,PERSONAL,C,3000,14.35,0,0.08,Y,3,2024-11-08
26,33000,MORTGAGE,10.0,PERSONAL,A,7000,7.43,0,0.21,N,4,2024-03-29
23,33012,OWN,2.0,EDUCATION,B,12200,10.99,0,0.37,N,4,2024-01-31
23,40000,RENT,2.0,PERSONAL,C,3000,13.49,0,0.07,N,3,2024-08-08
24,40000,RENT,1.0,PERSONAL,B,3000,10.74,0,0.07,N,3,2024-10-20
25,40000,RENT,2.0,MEDICAL,B,3000,10.25,0,0.07,N,2,2024-03-01
24,40000,RENT,1.0,MEDICAL,C,3000,14.22,0,0.07,N,4,2024-01-31
22,37000,RENT,2.0,DEBTCONSOLIDATION,E,3000,20.3,1,0.08,N,2,2024-04-06
23,43000,RENT,1.0,EDUCATION,A,3000,8.49,0,0.07,N,4,2024-06-21
22,37000,RENT,6.0,DEBTCONSOLIDATION,B,3000,11.11,1,0.08,N,2,2024-01-14
23,37000,RENT,7.0,EDUCATION,B,3000,10.75,1,0.08,N,4,2024-12-26
25,43200,RENT,3.0,PERSONAL,C,3000,13.8,0,0.07,Y,3,2024-05-04
22,43200,RENT,4.0,EDUCATION,C,3000,13.72,0,0.07,Y,3,2024-01-17
24,43500,RENT,1.0,PERSONAL,A,3000,8.0,0,0.07,N,2,2024-11-02
23,43949,RENT,7.0,MEDICAL,B,3000,11.49,0,0.07,N,3,2024-03-28
23,44000,RENT,2.0,MEDICAL,B,3000,9.25,0,0.07,N,3,2024-11-27
23,33300,OWN,2.0,VENTURE,C,9000,13.57,0,0.27,Y,4,2024-01-22
25,33316,MORTGAGE,4.0,VENTURE,A,5000,6.54,0,0.15,N,2,2024-10-24
24,33321,OWN,4.0,VENTURE,C,12250,13.11,0,0.37,Y,4,2024-01-14
24,33360,MORTGAGE,6.0,DEBTCONSOLIDATION,B,6000,10.59,0,0.18,N,3,2024-04-25
24,33360,MORTGAGE,7.0,HOMEIMPROVEMENT,A,2500,7.14,0,0.07,N,3,2024-10-31
25,45000,RENT,4.0,MEDICAL,A,3000,7.9,0,0.07,N,4,2024-02-21
24,33390,MORTGAGE,4.0,HOMEIMPROVEMENT,A,10000,11.013786929274843,0,0.3,N,4,2024-07-04
24,45000,RENT,8.0,MEDICAL,A,3000,7.49,0,0.07,N,4,2024-04-20
24,45000,RENT,1.0,DEBTCONSOLIDATION,B,3000,9.99,0,0.07,N,4,2024-08-01
22,45000,RENT,3.0,PERSONAL,B,3000,11.99,0,0.07,N,4,2024-12-24
26,39000,RENT,11.0,EDUCATION,C,3000,11.013786929274843,1,0.08,Y,2,2024-05-22
22,45000,RENT,2.0,EDUCATION,A,3000,11.013786929274843,0,0.07,N,3,2024-10-20
24,45000,RENT,4.0,VENTURE,A,3000,9.32,0,0.07,N,2,2024-09-09
23,33600,MORTGAGE,3.0,MEDICAL,A,4200,11.013786929274843,0,0.13,N,3,2024-12-25
24,39996,RENT,2.0,EDUCATION,C,3000,11.013786929274843,1,0.08,Y,3,2024-01-16
25,33600,MORTGAGE,9.0,MEDICAL,A,7125,7.51,0,0.21,N,3,2024-01-18
22,33600,OWN,1.0,MEDICAL,D,5000,18.25,0,0.15,N,2,2024-07-10
24,33600,MORTGAGE,3.0,PERSONAL,A,2500,8.9,0,0.07,N,2,2024-11-11
25,46250,RENT,2.0,MEDICAL,A,3000,11.013786929274843,0,0.06,N,3,2024-11-20
23,33600,MORTGAGE,8.0,PERSONAL,A,8000,6.99,0,0.24,N,2,2024-11-06
22,47000,RENT,3.0,EDUCATION,A,3000,6.62,0,0.06,N,2,2024-06-26
25,33600,OWN,9.0,VENTURE,A,9750,11.013786929274843,0,0.29,N,3,2024-11-29
26,47500,RENT,8.0,VENTURE,A,3000,6.76,0,0.06,N,2,2024-01-23
24,42000,RENT,9.0,DEBTCONSOLIDATION,E,3000,11.013786929274843,1,0.07,Y,3,2024-05-10
25,48000,RENT,2.0,DEBTCONSOLIDATION,A,3000,11.013786929274843,0,0.06,N,4,2024-12-06
26,48000,RENT,4.0,MEDICAL,B,3000,10.14,0,0.06,N,3,2024-07-14
25,33600,MORTGAGE,1.0,VENTURE,B,12000,9.99,0,0.36,N,3,2024-08-15
22,49800,RENT,1.0,PERSONAL,A,3000,7.88,0,0.06,N,3,2024-10-04
25,50000,RENT,5.0,HOMEIMPROVEMENT,A,3000,6.03,0,0.06,N,3,2024-08-19
23,50000,RENT,1.0,DEBTCONSOLIDATION,A,3000,8.49,0,0.06,N,2,2024-02-17
23,44000,RENT,4.0,DEBTCONSOLIDATION,A,3000,7.66,1,0.07,N,4,2024-04-24
22,33600,MORTGAGE,7.0,EDUCATION,A,10750,7.88,0,0.32,N,2,2024-08-05
23,44000,RENT,4.0,PERSONAL,B,3000,9.62,1,0.07,N,4,2024-06-03
22,33600,MORTGAGE,6.0,VENTURE,A,5000,7.14,0,0.15,N,3,2024-04-27
23,50000,RENT,6.0,EDUCATION,C,3000,11.013786929274843,0,0.06,Y,2,2024-09-08
26,50000,RENT,8.0,PERSONAL,B,3000,9.88,0,0.06,N,4,2024-03-15
22,50000,RENT,6.0,PERSONAL,B,3000,10.99,0,0.06,N,3,2024-07-22
24,51000,RENT,1.0,DEBTCONSOLIDATION,A,3000,8.9,0,0.06,N,2,2024-11-12
24,51600,RENT,8.0,HOMEIMPROVEMENT,B,3000,10.65,0,0.06,N,3,2024-01-15
24,51600,RENT,1.0,HOMEIMPROVEMENT,C,3000,12.68,0,0.06,Y,4,2024-12-19
24,51684,RENT,8.0,PERSONAL,B,3000,10.59,0,0.06,N,2,2024-10-31
23,51996,RENT,1.0,DEBTCONSOLIDATION,B,3000,10.37,0,0.06,N,2,2024-01-31
22,33640,MORTGAGE,4.0,VENTURE,B,12000,10.65,0,0.36,N,3,2024-09-02
25,52000,RENT,1.0,DEBTCONSOLIDATION,C,3000,12.99,0,0.06,Y,4,2024-11-26
22,33685,MORTGAGE,6.0,EDUCATION,C,5000,13.85,0,0.15,N,3,2024-12-14
22,48609,RENT,6.0,DEBTCONSOLIDATION,A,12000,7.49,0,0.25,N,3,2024-02-11
26,33800,MORTGAGE,9.0,VENTURE,A,14400,7.88,0,0.43,N,3,2024-10-19
23,48645,RENT,1.0,VENTURE,B,12000,10.25,0,0.25,N,4,2024-12-09
25,33800,MORTGAGE,2.0,EDUCATION,D,10000,15.31,0,0.3,N,4,2024-01-01
23,33800,OWN,4.0,EDUCATION,D,13000,15.31,0,0.38,Y,4,2024-11-05
23,48672,RENT,6.0,EDUCATION,A,12000,7.42,0,0.25,N,3,2024-09-19
23,33990,MORTGAGE,2.0,DEBTCONSOLIDATION,C,1000,10.59,1,0.03,N,2,2024-04-13
25,49600,RENT,9.0,EDUCATION,A,12000,7.14,0,0.24,N,4,2024-01-14
24,33996,MORTGAGE,8.0,VENTURE,D,4000,14.91,0,0.12,Y,2,2024-12-30
25,50000,RENT,3.0,PERSONAL,D,12000,16.77,0,0.24,N,3,2024-07-15
26,50000,RENT,1.0,VENTURE,B,12000,11.013786929274843,0,0.24,N,4,2024-05-07
24,50000,RENT,3.0,EDUCATION,E,12000,17.14,0,0.24,N,4,2024-01-17
24,44000,RENT,3.0,DEBTCONSOLIDATION,C,12000,12.23,1,0.27,N,3,2024-03-25
23,50000,RENT,1.0,DEBTCONSOLIDATION,A,12000,6.54,0,0.24,N,3,2024-11-15
22,44000,RENT,3.0,DEBTCONSOLIDATION,B,12000,11.86,1,0.27,N,2,2024-02-25
24,50000,RENT,1.0,HOMEIMPROVEMENT,A,12000,7.51,0,0.24,N,4,2024-09-12
25,50000,RENT,2.0,EDUCATION,A,12000,7.88,0,0.24,N,4,2024-03-14
23,44000,RENT,2.0,MEDICAL,D,12000,11.013786929274843,1,0.27,N,4,2024-04-21
25,50000,RENT,5.0,PERSONAL,A,12000,7.88,0,0.24,N,2,2024-11-14
23,50000,RENT,1.0,EDUCATION,C,12000,12.87,0,0.24,Y,2,2024-11-10
22,50004,RENT,6.0,PERSONAL,B,12000,10.0,0,0.24,N,2,2024-06-26
25,44004,RENT,3.0,MEDICAL,D,12000,15.31,1,0.27,Y,3,2024-02-03
22,50361,RENT,6.0,EDUCATION,C,12000,12.73,0,0.24,N,4,2024-05-25
26,34000,MORTGAGE,6.0,DEBTCONSOLIDATION,A,12000,6.03,0,0.35,N,4,2024-01-16
25,50400,RENT,7.0,DEBTCONSOLIDATION,B,12000,11.013786929274843,0,0.24,N,3,2024-01-30
23,50500,RENT,1.0,VENTURE,B,12000,11.58,0,0.24,N,4,2024-02-18
25,34000,MORTGAGE,9.0,DEBTCONSOLIDATION,B,10000,12.42,0,0.29,N,3,2024-08-06
25,34000,MORTGAGE,1.0,HOMEIMPROVEMENT,A,2500,6.03,0,0.07,N,2,2024-08-04
23,34000,MORTGAGE,2.0,DEBTCONSOLIDATION,A,10000,6.99,0,0.29,N,4,2024-08-28
23,51000,RENT,3.0,EDUCATION,C,12000,12.99,0,0.24,N,3,2024-12-25
22,45449,RENT,6.0,MEDICAL,B,12000,11.013786929274843,1,0.26,N,4,2024-10-03
25,51996,RENT,8.0,MEDICAL,B,12000,12.21,0,0.23,N,4,2024-03-27
24,52000,RENT,7.0,PERSONAL,A,12000,7.51,0,0.23,N,3,2024-11-01
25,34000,MORTGAGE,9.0,DEBTCONSOLIDATION,A,2000,7.66,1,0.06,N,4,2024-02-28
22,52000,RENT,6.0,EDUCATION,B,12000,11.99,0,0.23,N,3,2024-08-07
23,34000,OWN,7.0,VENTURE,A,10950,7.29,0,0.32,N,2,2024-05-02
26,34000,MORTGAGE,5.0,PERSONAL,A,5000,5.79,0,0.15,N,4,2024-02-21
22,52000,RENT,1.0,EDUCATION,C,12000,13.61,0,0.23,Y,3,2024-12-12
26,34000,MORTGAGE,8.0,PERSONAL,A,6000,6.92,0,0.18,N,4,2024-05-08
22,52000,RENT,3.0,PERSONAL,C,12000,13.57,0,0.23,Y,2,2024-04-10
25,46800,RENT,5.0,HOMEIMPROVEMENT,C,12000,13.11,1,0.26,Y,4,2024-01-30
24,34000,MORTGAGE,1.0,PERSONAL,C,5100,14.35,0,0.15,N,4,2024-07-31
23,47000,RENT,7.0,DEBTCONSOLIDATION,D,12000,16.29,1,0.26,Y,3,2024-04-16
24,53000,RENT,6.0,VENTURE,B,12000,11.11,0,0.23,N,3,2024-10-03
26,53000,RENT,4.0,PERSONAL,D,12000,14.59,0,0.23,Y,3,2024-06-28
22,34000,MORTGAGE,5.0,MEDICAL,B,11500,10.99,0,0.34,N,2,2024-06-27
24,53000,RENT,7.0,MEDICAL,C,12000,12.53,0,0.23,Y,4,2024-10-12
23,54000,RENT,7.0,PERSONAL,C,12000,11.013786929274843,0,0.22,Y,3,2024-05-02
22,54000,RENT,2.0,DEBTCONSOLIDATION,B,12000,10.99,0,0.22,N,2,2024-05-08
25,34000,MORTGAGE,2.0,MEDICAL,D,6000,15.7,1,0.18,Y,3,2024-10-24
22,54000,RENT,6.0,DEBTCONSOLIDATION,A,12000,8.49,0,0.22,N,4,2024-10-21
24,54000,RENT,6.0,EDUCATION,A,12000,8.49,0,0.22,N,4,2024-05-19
23,54000,RENT,8.0,VENTURE,B,12000,11.36,0,0.22,N,2,2024-01-02
22,48400,RENT,6.0,VENTURE,C,12000,14.65,1,0.25,Y,3,2024-03-18
25,54996,RENT,3.0,HOMEIMPROVEMENT,B,12000,10.37,0,0.22,N,2,2024-09-05
26,54996,RENT,2.0,PERSONAL,A,12000,7.88,0,0.22,N,4,2024-04-16
23,34000,MORTGAGE,7.0,DEBTCONSOLIDATION,B,19000,11.48,0,0.56,N,4,2024-03-04
22,54996,RENT,6.0,VENTURE,A,12000,8.32,0,0.22,N,4,2024-08-31
26,55000,RENT,10.0,PERSONAL,B,12000,12.42,0,0.22,N,3,2024-06-05
24,34000,MORTGAGE,2.0,HOMEIMPROVEMENT,D,6000,14.11,0,0.18,N,4,2024-06-05
25,34000,MORTGAGE,1.0,EDUCATION,B,10000,11.26,0,0.29,N,3,2024-08-31
25,55000,RENT,9.0,EDUCATION,B,12000,10.65,0,0.22,N,3,2024-12-20
22,34000,MORTGAGE,6.0,EDUCATION,A,5000,9.63,0,0.15,N,3,2024-06-10
25,34000,MORTGAGE,1.0,EDUCATION,C,7000,11.28,0,0.21,N,2,2024-01-03
25,49000,RENT,1.0,DEBTCONSOLIDATION,D,12000,13.49,1,0.24,N,2,2024-07-11
24,34000,OWN,8.0,VENTURE,C,10000,11.013786929274843,0,0.29,Y,3,2024-11-17
22,55008,RENT,6.0,EDUCATION,C,12000,13.79,0,0.22,N,2,2024-06-18
24,55032,RENT,8.0,EDUCATION,A,12000,9.63,0,0.22,N,2,2024-01-19
22,55555,RENT,7.0,EDUCATION,E,12000,11.013786929274843,0,0.22,N,4,2024-07-28
22,56000,RENT,1.0,EDUCATION,A,12000,6.91,0,0.21,N,2,2024-12-28
23,34174,MORTGAGE,8.0,PERSONAL,C,9000,13.47,0,0.26,N,4,2024-01-18
24,56000,RENT,8.0,VENTURE,B,12000,11.49,0,0.21,N,2,2024-12-11
23,56000,RENT,2.0,PERSONAL,B,12000,10.75,0,0.21,N,3,2024-05-18
24,56000,RENT,4.0,HOMEIMPROVEMENT,A,12000,8.94,0,0.21,N,3,2024-07-19
25,50100,RENT,1.0,PERSONAL,D,12000,14.74,1,0.24,Y,2,2024-02-02
22,56755,RENT,5.0,EDUCATION,B,12000,10.99,0,0.21,N,2,2024-06-15
23,34348,MORTGAGE,7.0,EDUCATION,A,5000,7.9,0,0.15,N,3,2024-11-10
23,51000,RENT,3.0,DEBTCONSOLIDATION,E,12000,17.99,1,0.24,Y,4,2024-11-08
24,51000,RENT,3.0,PERSONAL,A,12000,7.88,1,0.24,N,3,2024-09-05
22,57000,RENT,6.0,EDUCATION,C,12000,13.11,0,0.21,N,2,2024-04-12
23,57000,RENT,4.0,DEBTCONSOLIDATION,A,12000,8.94,0,0.21,N,2,2024-12-14
23,57720,RENT,8.0,DEBTCONSOLIDATION,C,12000,12.87,0,0.21,Y,3,2024-10-16
25,51780,RENT,8.0,MEDICAL,C,12000,13.47,1,0.23,N,3,2024-01-05
23,51840,RENT,1.0,DEBTCONSOLIDATION,D,12000,15.95,1,0.23,Y,3,2024-05-11
26,58000,RENT,5.0,DEBTCONSOLIDATION,B,12000,9.91,0,0.21,N,3,2024-09-27
22,58000,RENT,6.0,VENTURE,B,12000,11.49,0,0.21,N,4,2024-07-03
24,58000,RENT,6.0,EDUCATION,C,12000,13.11,0,0.21,N,2,2024-05-31
24,52260,RENT,6.0,MEDICAL,B,12000,9.99,1,0.23,N,4,2024-11-14
26,34515,MORTGAGE,11.0,DEBTCONSOLIDATION,A,5400,7.68,0,0.16,N,4,2024-12-25
22,59000,RENT,6.0,PERSONAL,B,12000,10.37,0,0.2,N,3,2024-04-08
23,34560,MORTGAGE,1.0,MEDICAL,B,10000,10.59,0,0.29,N,2,2024-07-08
24,52000,RENT,8.0,DEBTCONSOLIDATION,B,3000,11.49,0,0.06,N,4,2024-07-15
24,52000,RENT,3.0,MEDICAL,A,3000,11.013786929274843,0,0.06,N,2,2024-03-27
23,52800,RENT,6.0,MEDICAL,B,3000,10.99,0,0.06,N,4,2024-03-08
23,34600,MORTGAGE,5.0,EDUCATION,B,6800,12.69,0,0.2,N,4,2024-09-10
24,34600,MORTGAGE,2.0,DEBTCONSOLIDATION,A,4000,5.42,0,0.12,N,2,2024-03-20
25,53000,RENT,6.0,MEDICAL,C,3000,13.99,0,0.06,Y,2,2024-09-28
23,34662,MORTGAGE,1.0,HOMEIMPROVEMENT,B,3000,10.75,1,0.09,N,4,2024-12-30
22,54000,RENT,2.0,MEDICAL,A,3000,11.013786929274843,0,0.06,N,4,2024-07-04
22,34800,MORTGAGE,3.0,DEBTCONSOLIDATION,C,1500,13.49,0,0.04,Y,3,2024-04-18
25,54000,RENT,1.0,VENTURE,A,3000,9.32,0,0.06,N,3,2024-06-30
26,34800,MORTGAGE,4.0,MEDICAL,B,5975,11.49,0,0.17,N,4,2024-12-23
25,34800,MORTGAGE,6.0,DEBTCONSOLIDATION,A,5125,6.99,1,0.15,N,2,2024-08-29
23,55000,RENT,2.0,EDUCATION,A,3000,6.99,0,0.05,N,2,2024-07-10
22,55000,RENT,6.0,PERSONAL,C,3000,12.68,0,0.05,Y,4,2024-12-24
25,49000,RENT,2.0,VENTURE,C,3000,12.68,1,0.06,Y,3,2024-10-26
22,49000,RENT,7.0,DEBTCONSOLIDATION,C,3000,12.23,1,0.06,Y,2,2024-01-17
26,55000,RENT,1.0,DEBTCONSOLIDATION,C,3000,11.013786929274843,0,0.05,N,2,2024-07-01
23,55000,RENT,2.0,VENTURE,B,3000,9.88,0,0.05,N,2,2024-08-17
22,55500,RENT,6.0,MEDICAL,B,3000,10.59,0,0.05,N,3,2024-08-28
22,34900,MORTGAGE,6.0,DEBTCONSOLIDATION,B,4000,9.99,0,0.11,N,2,2024-10-21
25,56000,RENT,2.0,PERSONAL,B,3000,12.69,0,0.05,N,3,2024-12-29
24,50000,RENT,3.0,MEDICAL,C,3000,11.013786929274843,1,0.06,N,2,2024-11-26
22,34977,MORTGAGE,5.0,PERSONAL,D,13000,16.0,0,0.37,N,2,2024-12-21
25,34980,MORTGAGE,1.0,VENTURE,B,6000,11.48,0,0.17,N,2,2024-06-03
23,34992,MORTGAGE,4.0,EDUCATION,F,22550,15.96,0,0.64,Y,3,2024-04-22
24,35000,MORTGAGE,9.0,HOMEIMPROVEMENT,B,8000,11.71,0,0.23,N,2,2024-09-01
24,57000,RENT,1.0,MEDICAL,A,3000,7.88,0,0.05,N,3,2024-01-15
23,35000,MORTGAGE,7.0,DEBTCONSOLIDATION,B,12000,12.42,0,0.34,N,2,2024-06-04
22,58000,RENT,6.0,EDUCATION,B,3000,11.83,0,0.05,N,2,2024-12-04
23,58500,RENT,2.0,DEBTCONSOLIDATION,B,3000,9.88,0,0.05,N,2,2024-07-27
23,59000,RENT,5.0,DEBTCONSOLIDATION,A,3000,7.14,0,0.05,N,2,2024-03-22
23,59300,RENT,1.0,MEDICAL,A,3000,9.63,0,0.05,N,3,2024-06-04
23,35000,OWN,7.0,MEDICAL,B,5000,11.71,0,0.14,N,4,2024-06-04
25,60000,RENT,5.0,EDUCATION,D,3000,17.58,0,0.05,Y,2,2024-07-29
26,60000,RENT,5.0,VENTURE,C,3000,15.62,0,0.05,N,2,2024-01-18
26,35000,OWN,3.0,HOMEIMPROVEMENT,A,4800,6.03,0,0.14,N,2,2024-03-12
24,35000,MORTGAGE,3.0,MEDICAL,C,15000,14.27,0,0.43,N,2,2024-07-17
26,60000,RENT,3.0,DEBTCONSOLIDATION,B,3000,10.0,0,0.05,N,3,2024-07-17
23,60000,RENT,1.0,DEBTCONSOLIDATION,A,3000,7.51,0,0.05,N,2,2024-10-01
23,60000,RENT,1.0,MEDICAL,B,3000,10.25,0,0.05,N,4,2024-02-02
23,35000,OWN,2.0,VENTURE,B,14000,11.013786929274843,0,0.4,N,3,2024-08-30
22,60000,RENT,2.0,PERSONAL,B,3000,11.89,0,0.05,N,4,2024-07-13
26,60996,RENT,6.0,HOMEIMPROVEMENT,C,3000,12.22,0,0.05,Y,4,2024-11-22
24,35000,MORTGAGE,6.0,MEDICAL,B,8575,10.65,0,0.24,N,4,2024-12-13
22,35000,MORTGAGE,6.0,DEBTCONSOLIDATION,A,9500,6.03,0,0.27,N,3,2024-07-21
23,61200,RENT,7.0,PERSONAL,B,3000,12.42,0,0.05,N,2,2024-09-30
25,35000,MORTGAGE,9.0,DEBTCONSOLIDATION,A,7000,11.013786929274843,0,0.2,N,2,2024-11-02
24,62000,RENT,7.0,EDUCATION,B,3000,9.99,0,0.05,N,2,2024-07-03
23,56500,RENT,7.0,DEBTCONSOLIDATION,D,3000,14.84,1,0.05,Y,3,2024-06-06
23,57000,RENT,6.0,HOMEIMPROVEMENT,D,3000,14.59,1,0.05,N,2,2024-03-20
24,35000,OWN,1.0,HOMEIMPROVEMENT,D,7000,16.29,0,0.2,Y,4,2024-12-02
24,35000,MORTGAGE,2.0,HOMEIMPROVEMENT,A,7500,7.9,0,0.21,N,3,2024-10-04
26,64000,RENT,2.0,MEDICAL,A,3000,11.013786929274843,0,0.05,N,4,2024-09-23
22,58170,RENT,1.0,EDUCATION,A,3000,9.07,1,0.05,N,2,2024-01-27
23,58800,RENT,7.0,PERSONAL,B,3000,10.36,1,0.05,N,4,2024-07-30
25,65000,RENT,1.0,HOMEIMPROVEMENT,A,3000,8.49,0,0.05,N,4,2024-10-23
24,35000,OWN,1.0,MEDICAL,A,10000,7.9,0,0.29,N,4,2024-02-21
22,35000,OWN,1.0,EDUCATION,B,8000,12.69,0,0.23,N,4,2024-07-07
26,65000,RENT,1.0,VENTURE,A,3000,5.79,0,0.05,N,2,2024-11-06
23,65004,RENT,4.0,EDUCATION,D,3000,14.84,0,0.05,N,3,2024-05-12
26,35000,MORTGAGE,10.0,PERSONAL,B,8000,12.69,0,0.23,N,3,2024-06-19
23,66000,RENT,3.0,EDUCATION,A,3000,5.99,0,0.05,N,2,2024-04-30
25,60000,RENT,3.0,MEDICAL,C,3000,13.47,1,0.05,Y,3,2024-01-13
23,67000,RENT,7.0,MEDICAL,B,3000,10.99,0,0.04,N,2,2024-02-27
22,35000,MORTGAGE,5.0,MEDICAL,A,5000,7.9,0,0.14,N,3,2024-06-07
26,67500,RENT,1.0,HOMEIMPROVEMENT,A,3000,9.32,0,0.04,N,4,2024-08-29
26,54400,RENT,2.0,MEDICAL,E,3000,19.42,1,0.05,N,2,2024-05-16
23,70000,RENT,1.0,VENTURE,C,3000,14.27,0,0.04,Y,2,2024-10-11
22,70000,RENT,2.0,PERSONAL,A,3000,7.29,0,0.04,N,4,2024-12-16
24,64000,RENT,7.0,DEBTCONSOLIDATION,D,3000,15.21,1,0.05,N,4,2024-07-27
24,35000,MORTGAGE,7.0,EDUCATION,A,15000,7.49,0,0.43,N,4,2024-10-25
22,35000,MORTGAGE,2.0,EDUCATION,A,6000,7.49,0,0.17,N,4,2024-05-07
22,71000,RENT,5.0,MEDICAL,C,3000,14.65,0,0.04,N,4,2024-08-01
26,71000,RENT,9.0,MEDICAL,B,3000,11.013786929274843,0,0.04,N,4,2024-03-16
26,35000,MORTGAGE,3.0,PERSONAL,B,7200,10.59,0,0.21,N,3,2024-07-23
23,72000,RENT,8.0,MEDICAL,B,3000,11.99,0,0.04,N,2,2024-03-04
23,72000,RENT,7.0,PERSONAL,A,3000,7.43,0,0.04,N,2,2024-05-21
26,72054,RENT,9.0,HOMEIMPROVEMENT,A,3000,7.29,0,0.04,N,2,2024-08-12
23,73000,RENT,2.0,VENTURE,B,3000,12.18,0,0.04,N,3,2024-04-09
23,74250,RENT,3.0,DEBTCONSOLIDATION,B,3000,11.99,0,0.04,N,4,2024-04-11
23,35000,MORTGAGE,7.0,EDUCATION,A,2100,5.42,0,0.06,N,3,2024-10-11
24,29000,MORTGAGE,1.0,MEDICAL,D,6000,15.62,1,0.21,N,3,2024-05-23
22,75000,RENT,4.0,EDUCATION,A,3000,8.9,0,0.04,N,2,2024-12-07
24,35000,MORTGAGE,5.0,DEBTCONSOLIDATION,A,4800,5.42,0,0.14,N,3,2024-05-08
23,75000,RENT,2.0,PERSONAL,A,3000,11.013786929274843,0,0.04,N,2,2024-06-17
24,75000,RENT,4.0,HOMEIMPROVEMENT,C,3000,11.013786929274843,0,0.04,N,4,2024-12-23
23,35000,MORTGAGE,4.0,VENTURE,A,3825,7.49,0,0.11,N,4,2024-02-11
23,77200,RENT,1.0,EDUCATION,B,3000,9.63,0,0.04,N,2,2024-11-15
25,77500,RENT,3.0,HOMEIMPROVEMENT,A,3000,6.54,0,0.04,N,4,2024-09-18
25,35000,OWN,2.0,MEDICAL,A,6400,11.013786929274843,0,0.18,N,2,2024-07-04
23,78000,RENT,5.0,VENTURE,D,3000,16.89,0,0.04,N,3,2024-06-20
22,78000,RENT,7.0,PERSONAL,A,3000,6.99,0,0.04,N,4,2024-09-10
22,78000,RENT,4.0,VENTURE,E,3000,16.32,0,0.04,N,2,2024-05-09
22,83000,RENT,4.0,EDUCATION,A,3000,9.63,0,0.04,N,3,2024-07-11
25,84000,RENT,9.0,DEBTCONSOLIDATION,A,3000,5.79,0,0.04,N,3,2024-08-25
25,67147,RENT,9.0,MEDICAL,D,3000,16.02,1,0.04,Y,4,2024-12-02
22,35000,MORTGAGE,7.0,PERSONAL,B,3500,11.49,0,0.1,N,3,2024-10-15
22,85000,RENT,5.0,EDUCATION,B,3000,10.99,0,0.04,N,2,2024-05-06
23,85000,RENT,5.0,VENTURE,A,3000,7.49,0,0.04,N,3,2024-06-27
24,89523,RENT,8.0,PERSONAL,B,3000,10.25,0,0.03,N,3,2024-11-23
23,35000,OWN,2.0,VENTURE,A,5500,5.42,0,0.16,N,2,2024-07-31
26,90000,RENT,5.0,MEDICAL,B,3000,11.013786929274843,0,0.03,N,4,2024-05-27
25,35000,MORTGAGE,5.0,HOMEIMPROVEMENT,B,10000,11.99,0,0.29,N,4,2024-08-02
25,35000,MORTGAGE,6.0,PERSONAL,A,5000,5.99,0,0.14,N,4,2024-09-19
26,100000,RENT,3.0,DEBTCONSOLIDATION,C,3000,13.57,0,0.03,N,3,2024-02-28
22,29000,MORTGAGE,5.0,DEBTCONSOLIDATION,B,9000,11.013786929274843,1,0.31,N,4,2024-12-08
26,103000,RENT,4.0,PERSONAL,A,3000,7.88,0,0.03,N,4,2024-02-14
24,110000,RENT,8.0,VENTURE,A,3000,7.88,0,0.03,N,2,2024-04-27
23,110000,RENT,6.0,EDUCATION,C,3000,14.22,0,0.03,N,3,2024-05-18
24,115154,RENT,8.0,HOMEIMPROVEMENT,C,3000,14.27,0,0.03,N,2,2024-04-10
24,120390,RENT,8.0,HOMEIMPROVEMENT,A,3000,5.79,0,0.02,N,4,2024-09-08
24,35000,MORTGAGE,3.0,VENTURE,A,3600,6.92,0,0.1,N,2,2024-06-03
26,35000,OWN,1.0,VENTURE,B,5600,11.11,0,0.16,N,4,2024-04-02
24,125000,RENT,3.0,DEBTCONSOLIDATION,C,3000,14.72,0,0.02,Y,3,2024-08-07
22,35000,MORTGAGE,7.0,VENTURE,A,4000,7.29,0,0.11,N,2,2024-01-30
26,125000,RENT,10.0,MEDICAL,B,3000,12.21,0,0.02,N,4,2024-06-13
24,35000,MORTGAGE,8.0,VENTURE,B,2000,10.37,0,0.06,N,2,2024-06-19
24,142000,RENT,3.0,DEBTCONSOLIDATION,A,3000,7.88,0,0.02,N,2,2024-06-19
25,137400,RENT,4.0,EDUCATION,C,3000,13.06,1,0.02,N,2,2024-08-26
25,180000,RENT,2.0,VENTURE,B,3000,11.12,0,0.02,N,2,2024-12-11
25,35000,OWN,3.0,EDUCATION,C,3600,13.43,0,0.1,N,3,2024-09-05
22,16800,RENT,1.0,EDUCATION,B,3050,9.91,1,0.18,N,3,2024-11-22
23,12000,RENT,2.0,PERSONAL,B,3075,10.37,1,0.26,N,2,2024-11-30
25,30000,RENT,1.0,EDUCATION,B,3075,10.59,0,0.1,N,2,2024-06-09
23,20400,RENT,3.0,PERSONAL,C,3125,12.61,0,0.15,N,3,2024-02-15
26,35000,MORTGAGE,10.0,HOMEIMPROVEMENT,B,2500,9.25,0,0.07,N,3,2024-02-08
25,42000,RENT,2.0,EDUCATION,A,3150,5.79,0,0.07,N,4,2024-05-15
22,35000,MORTGAGE,6.0,EDUCATION,A,8000,5.79,0,0.23,N,4,2024-08-21
24,35000,OWN,2.0,VENTURE,B,3600,9.99,0,0.1,N,4,2024-10-29
22,29000,MORTGAGE,6.0,PERSONAL,A,12000,5.42,1,0.41,N,4,2024-12-30
22,96000,RENT,4.0,EDUCATION,B,3150,6.0,0,0.03,N,2,2024-11-02
26,15000,RENT,8.0,MEDICAL,B,3200,12.21,1,0.21,N,2,2024-05-27
22,15600,RENT,5.0,VENTURE,E,3200,17.93,1,0.21,N,4,2024-06-29
22,35000,MORTGAGE,3.0,MEDICAL,C,3500,11.013786929274843,0,0.1,Y,3,2024-01-17
23,29000,MORTGAGE,7.0,PERSONAL,A,6000,7.88,1,0.21,N,2,2024-08-14
22,18996,RENT,3.0,EDUCATION,D,3200,15.28,1,0.17,Y,3,2024-09-09
23,20000,RENT,1.0,PERSONAL,A,3200,7.14,0,0.16,N,4,2024-07-17
23,20800,RENT,4.0,EDUCATION,D,3200,14.84,0,0.15,N,2,2024-05-01
23,22000,RENT,2.0,MEDICAL,B,3200,12.69,0,0.15,N,4,2024-08-18
24,35000,MORTGAGE,2.0,EDUCATION,B,8000,11.86,0,0.23,N,3,2024-07-04
26,35000,MORTGAGE,10.0,VENTURE,A,6000,7.51,0,0.17,N,4,2024-02-26
24,25000,RENT,6.0,DEBTCONSOLIDATION,C,3200,13.11,1,0.13,N,4,2024-12-08
25,27600,RENT,2.0,VENTURE,B,3200,12.21,0,0.12,N,2,2024-08-19
22,28000,RENT,3.0,EDUCATION,B,3200,10.59,0,0.11,N,2,2024-09-02
26,30000,RENT,2.0,DEBTCONSOLIDATION,B,3200,11.013786929274843,0,0.11,N,3,2024-02-02
25,30000,RENT,2.0,MEDICAL,A,3200,8.0,0,0.11,N,4,2024-12-13
24,35000,MORTGAGE,2.0,MEDICAL,A,2950,11.013786929274843,0,0.08,N,4,2024-01-24
23,31000,RENT,3.0,EDUCATION,B,3200,11.49,0,0.1,N,4,2024-07-01
22,31200,RENT,1.0,VENTURE,B,3200,11.99,0,0.1,N,2,2024-06-06
25,33000,RENT,9.0,MEDICAL,A,3200,5.42,0,0.1,N,4,2024-02-05
24,29000,MORTGAGE,8.0,PERSONAL,B,1450,11.013786929274843,1,0.05,N,4,2024-03-12
26,35000,MORTGAGE,1.0,VENTURE,A,3000,6.76,0,0.09,N,3,2024-07-18
22,37440,RENT,1.0,EDUCATION,C,3200,13.04,0,0.09,Y,2,2024-04-21
26,38400,RENT,7.0,PERSONAL,C,3200,13.49,0,0.08,N,2,2024-08-19
24,41745,RENT,2.0,PERSONAL,A,3200,9.63,0,0.08,N,3,2024-06-04
22,42500,RENT,7.0,EDUCATION,A,3200,7.49,0,0.08,N,4,2024-07-04
26,43200,RENT,5.0,EDUCATION,C,3200,14.35,0,0.07,Y,4,2024-12-05
24,44000,RENT,1.0,MEDICAL,A,3200,8.0,0,0.07,N,2,2024-07-31
22,44568,RENT,3.0,PERSONAL,B,3200,11.013786929274843,0,0.07,N,4,2024-04-11
22,35000,MORTGAGE,6.0,EDUCATION,C,7500,13.92,0,0.21,N,3,2024-02-21
23,45240,RENT,4.0,VENTURE,A,3200,7.37,0,0.07,N,3,2024-10-22
26,29000,MORTGAGE,1.0,HOMEIMPROVEMENT,B,11200,11.14,1,0.39,N,4,2024-04-13
25,42000,RENT,3.0,MEDICAL,D,3200,15.7,1,0.08,Y,2,2024-09-20
23,49200,RENT,4.0,MEDICAL,C,3200,13.48,0,0.07,Y,3,2024-01-15
22,50000,RENT,1.0,VENTURE,A,3200,8.49,0,0.06,N,4,2024-01-28
22,51000,RENT,2.0,EDUCATION,B,3200,10.99,0,0.06,N,2,2024-12-18
23,35000,MORTGAGE,6.0,EDUCATION,B,8400,12.18,0,0.24,N,3,2024-04-27
24,54731,RENT,2.0,DEBTCONSOLIDATION,B,3200,11.83,0,0.06,N,2,2024-03-02
23,35000,MORTGAGE,7.0,EDUCATION,F,15000,18.43,0,0.43,Y,2,2024-01-15
26,55000,RENT,1.0,EDUCATION,A,3200,8.49,0,0.06,N,3,2024-08-09
22,35000,MORTGAGE,6.0,EDUCATION,B,3500,11.48,0,0.1,N,4,2024-11-11
24,58000,RENT,2.0,VENTURE,C,3200,14.35,0,0.06,N,2,2024-06-18
22,60000,RENT,6.0,MEDICAL,B,3200,11.71,0,0.05,N,2,2024-05-22
22,54000,RENT,5.0,HOMEIMPROVEMENT,D,3200,16.49,1,0.06,Y,4,2024-01-21
24,60000,RENT,3.0,DEBTCONSOLIDATION,A,3200,7.14,0,0.05,N,3,2024-09-22
26,61200,RENT,9.0,PERSONAL,B,3200,9.91,0,0.05,N,2,2024-07-09
26,35000,MORTGAGE,1.0,EDUCATION,D,5000,14.42,0,0.14,Y,2,2024-07-29
26,65000,RENT,5.0,DEBTCONSOLIDATION,B,3200,11.71,0,0.05,N,3,2024-06-11
24,35000,MORTGAGE,3.0,PERSONAL,D,13000,14.74,0,0.37,N,3,2024-04-19
24,59000,RENT,8.0,MEDICAL,C,3200,13.8,1,0.05,N,3,2024-02-08
24,72000,RENT,8.0,PERSONAL,C,3200,13.92,0,0.04,N,3,2024-08-20
22,75000,RENT,6.0,EDUCATION,C,3200,10.28,0,0.04,N,4,2024-01-27
24,35000,OWN,1.0,VENTURE,E,3500,16.0,0,0.1,N,3,2024-06-25
26,35000,MORTGAGE,1.0,PERSONAL,B,6000,12.21,0,0.17,N,4,2024-08-08
25,78000,RENT,5.0,HOMEIMPROVEMENT,C,3200,12.99,0,0.04,Y,4,2024-03-16
24,83000,RENT,3.0,HOMEIMPROVEMENT,A,3200,6.99,0,0.04,N,3,2024-12-22
23,78000,RENT,3.0,EDUCATION,B,3200,10.99,1,0.04,N,3,2024-05-12
25,78000,RENT,2.0,HOMEIMPROVEMENT,D,3200,14.59,1,0.04,Y,3,2024-05-27
22,35000,MORTGAGE,6.0,PERSONAL,C,7500,11.34,0,0.21,Y,2,2024-05-27
22,10200,RENT,4.0,VENTURE,C,3250,11.013786929274843,1,0.32,Y,2,2024-09-21
22,14400,RENT,6.0,PERSONAL,D,3250,16.29,1,0.23,N,4,2024-11-28
22,17004,RENT,5.0,DEBTCONSOLIDATION,A,3250,6.91,1,0.19,N,2,2024-08-20
23,18000,RENT,1.0,PERSONAL,C,3250,11.013786929274843,1,0.18,Y,4,2024-10-16
23,18000,RENT,1.0,VENTURE,C,3250,13.22,1,0.18,N,2,2024-04-14
25,35000,MORTGAGE,1.0,HOMEIMPROVEMENT,D,5400,12.17,0,0.15,N,4,2024-12-02
22,35004,OWN,3.0,VENTURE,A,3000,7.9,0,0.09,N,4,2024-07-28
22,20400,RENT,5.0,MEDICAL,C,3250,14.26,1,0.16,Y,2,2024-05-17
24,25000,RENT,3.0,EDUCATION,D,3250,13.67,0,0.13,N,4,2024-06-07
22,35004,OWN,1.0,VENTURE,B,9000,10.0,0,0.26,N,2,2024-11-28
26,28000,RENT,2.0,HOMEIMPROVEMENT,D,3250,14.59,1,0.12,N,4,2024-11-08
24,35004,MORTGAGE,5.0,EDUCATION,A,7000,5.42,0,0.2,N,3,2024-01-04
24,35004,MORTGAGE,3.0,PERSONAL,A,9600,7.88,0,0.27,N,3,2024-02-16
24,35004,OWN,8.0,DEBTCONSOLIDATION,D,8000,14.96,0,0.23,N,4,2024-12-25
22,28956,RENT,2.0,VENTURE,A,3300,8.49,0,0.11,N,3,2024-04-10
24,33000,RENT,2.0,VENTURE,C,3300,12.99,0,0.1,N,4,2024-11-25
26,33600,RENT,4.0,MEDICAL,D,3300,15.65,0,0.1,N,4,2024-10-06
24,35004,OTHER,6.0,MEDICAL,A,18225,9.63,1,0.52,N,3,2024-07-31
25,37000,RENT,2.0,VENTURE,B,3325,11.49,0,0.09,N,3,2024-04-10
24,30000,RENT,2.0,DEBTCONSOLIDATION,C,3350,14.72,0,0.11,Y,2,2024-12-07
25,36000,RENT,8.0,PERSONAL,A,3350,7.9,0,0.09,N,4,2024-05-29
24,77300,RENT,4.0,PERSONAL,A,3350,11.013786929274843,0,0.04,N,3,2024-03-26
25,11000,RENT,3.0,MEDICAL,B,3400,11.013786929274843,1,0.31,N,2,2024-06-16
22,28404,RENT,7.0,EDUCATION,A,3400,8.94,0,0.12,N,3,2024-08-17
25,35138,MORTGAGE,3.0,DEBTCONSOLIDATION,B,1000,11.013786929274843,0,0.03,N,3,2024-07-14
23,35292,MORTGAGE,7.0,EDUCATION,A,2100,7.51,0,0.06,N,2,2024-06-12
24,60000,RENT,5.0,HOMEIMPROVEMENT,D,3400,11.013786929274843,0,0.06,N,2,2024-01-24
23,80004,RENT,2.0,DEBTCONSOLIDATION,A,3400,8.49,0,0.04,N,3,2024-07-02
25,29360,MORTGAGE,5.0,PERSONAL,B,8875,12.69,1,0.3,N,3,2024-05-06
22,35360,MORTGAGE,6.0,EDUCATION,A,9600,5.99,0,0.27,N,4,2024-12-27
24,114750,RENT,1.0,MEDICAL,B,3400,12.21,1,0.03,N,4,2024-07-28
25,35360,MORTGAGE,9.0,MEDICAL,A,10000,8.94,0,0.28,N,2,2024-07-22
26,14000,RENT,8.0,HOMEIMPROVEMENT,B,3450,12.69,1,0.25,N,3,2024-05-30
25,25000,RENT,5.0,HOMEIMPROVEMENT,B,3450,11.99,1,0.14,N,4,2024-11-01
22,12000,RENT,1.0,EDUCATION,D,3500,15.65,1,0.29,Y,2,2024-05-26
23,35375,MORTGAGE,7.0,DEBTCONSOLIDATION,A,5600,6.76,0,0.16,N,3,2024-10-14
22,12996,RENT,2.0,MEDICAL,A,3500,8.59,1,0.27,N,4,2024-02-04
26,29400,MORTGAGE,4.0,MEDICAL,A,12000,9.32,1,0.41,N,4,2024-11-25
24,19000,RENT,4.0,MEDICAL,A,3500,7.88,1,0.18,N,2,2024-02-17
22,20000,RENT,5.0,EDUCATION,C,3500,13.11,0,0.17,N,3,2024-11-03
23,35500,MORTGAGE,8.0,EDUCATION,A,9000,7.49,0,0.25,N,3,2024-05-23
22,20400,RENT,1.0,VENTURE,A,3500,6.99,0,0.17,N,2,2024-07-07
22,21600,RENT,2.0,MEDICAL,D,3500,11.013786929274843,1,0.16,N,2,2024-05-19
22,22292,RENT,5.0,DEBTCONSOLIDATION,D,3500,16.49,1,0.16,N,3,2024-07-31
22,23000,RENT,3.0,DEBTCONSOLIDATION,B,3500,10.37,0,0.15,N,4,2024-02-21
24,35640,MORTGAGE,1.0,DEBTCONSOLIDATION,C,10000,13.49,0,0.28,Y,3,2024-02-17
24,24000,RENT,2.0,HOMEIMPROVEMENT,D,3500,15.65,1,0.15,Y,3,2024-02-23
23,35808,MORTGAGE,3.0,EDUCATION,A,8700,7.51,0,0.24,N,2,2024-12-17
22,24240,RENT,3.0,VENTURE,B,3500,9.99,0,0.14,N,3,2024-06-20
22,35900,MORTGAGE,6.0,PERSONAL,C,6000,15.27,0,0.17,N,3,2024-04-11
22,26400,RENT,1.0,EDUCATION,C,3500,15.27,0,0.13,N,3,2024-09-28
23,36000,MORTGAGE,7.0,EDUCATION,B,11300,12.69,0,0.31,N,2,2024-07-05
22,30000,RENT,3.0,VENTURE,C,3500,14.22,1,0.12,N,4,2024-10-25
22,30000,RENT,3.0,MEDICAL,C,3500,13.92,0,0.12,N,4,2024-01-29
22,36000,MORTGAGE,6.0,PERSONAL,A,18500,7.9,0,0.51,N,4,2024-04-20
26,30000,RENT,2.0,VENTURE,B,3500,11.013786929274843,0,0.12,N,2,2024-09-18
25,31200,RENT,7.0,MEDICAL,A,3500,6.92,0,0.11,N,3,2024-06-14
24,36000,MORTGAGE,2.0,VENTURE,B,5200,9.91,0,0.14,N,3,2024-10-25
26,33000,RENT,1.0,VENTURE,B,3500,10.25,0,0.11,N,2,2024-12-26
22,36000,MORTGAGE,4.0,MEDICAL,B,12000,11.71,0,0.33,N,2,2024-06-11
25,36000,MORTGAGE,1.0,MEDICAL,A,5100,8.9,0,0.14,N,4,2024-07-22
26,34200,RENT,1.0,MEDICAL,C,3500,12.84,0,0.1,N,4,2024-10-07
24,35000,RENT,7.0,EDUCATION,A,3500,6.99,0,0.1,N,2,2024-12-23
24,36000,MORTGAGE,5.0,VENTURE,A,5600,7.9,0,0.16,N,2,2024-10-08
25,35000,RENT,6.0,PERSONAL,B,3500,11.58,0,0.1,N,3,2024-12-01
23,35500,RENT,5.0,EDUCATION,B,3500,10.99,0,0.1,N,3,2024-02-25
25,36000,RENT,3.0,VENTURE,A,3500,6.62,0,0.1,N,3,2024-08-14
22,36000,MORTGAGE,3.0,EDUCATION,A,5250,11.013786929274843,0,0.15,N,4,2024-11-19
26,36000,MORTGAGE,6.0,PERSONAL,A,5175,6.03,0,0.14,N,4,2024-07-01
22,38400,RENT,4.0,EDUCATION,C,3500,13.99,0,0.09,N,3,2024-02-12
22,39000,RENT,6.0,MEDICAL,B,3500,9.91,0,0.09,N,4,2024-12-27
22,39336,RENT,6.0,VENTURE,A,3500,5.42,0,0.09,N,2,2024-08-23
24,40000,RENT,3.0,EDUCATION,A,3500,7.9,0,0.09,N,4,2024-06-03
23,40000,RENT,2.0,VENTURE,B,3500,11.99,0,0.09,N,4,2024-09-16
23,40000,RENT,4.0,PERSONAL,C,3500,13.23,0,0.09,Y,2,2024-07-20
24,36000,MORTGAGE,8.0,PERSONAL,D,3600,16.77,0,0.1,Y,2,2024-12-01
24,36000,OWN,5.0,PERSONAL,B,8000,10.65,0,0.22,N,2,2024-05-21
23,30000,MORTGAGE,4.0,DEBTCONSOLIDATION,B,4800,10.65,1,0.16,N,3,2024-07-05
26,42000,RENT,3.0,PERSONAL,B,3500,10.74,0,0.08,N,4,2024-01-23
24,42000,RENT,1.0,PERSONAL,A,3500,11.013786929274843,0,0.08,N,3,2024-08-30
26,36000,MORTGAGE,5.0,PERSONAL,A,4000,11.013786929274843,0,0.11,N,3,2024-10-13
26,42500,RENT,2.0,EDUCATION,C,3500,12.61,0,0.08,Y,4,2024-05-27
22,36000,MORTGAGE,6.0,MEDICAL,B,1000,9.99,0,0.03,N,3,2024-09-01
24,44000,RENT,3.0,EDUCATION,B,3500,12.69,0,0.08,N,2,2024-09-16
23,45000,RENT,3.0,EDUCATION,B,3500,10.59,0,0.08,N,4,2024-08-02
23,39000,RENT,3.0,EDUCATION,B,3500,11.86,1,0.09,N,4,2024-06-17
25,30000,MORTGAGE,3.0,HOMEIMPROVEMENT,A,12000,5.99,1,0.4,N,4,2024-06-08
25,47000,RENT,6.0,MEDICAL,B,3500,9.99,0,0.07,N,3,2024-02-18
25,36000,OWN,2.0,MEDICAL,A,8400,5.99,0,0.23,N,3,2024-01-04
24,30000,MORTGAGE,4.0,MEDICAL,D,10000,15.99,1,0.33,Y,2,2024-07-12
26,36000,MORTGAGE,2.0,PERSONAL,A,7000,7.49,0,0.19,N,2,2024-06-27
23,47496,RENT,7.0,DEBTCONSOLIDATION,B,3500,12.69,0,0.07,N,3,2024-12-26
23,48000,RENT,7.0,DEBTCONSOLIDATION,C,3500,13.98,0,0.07,N,4,2024-04-28
25,48000,RENT,8.0,DEBTCONSOLIDATION,C,3500,13.16,0,0.07,N,3,2024-10-28
23,36000,MORTGAGE,7.0,EDUCATION,B,2000,11.49,0,0.06,N,2,2024-12-22
23,48562,RENT,4.0,VENTURE,A,3500,8.0,0,0.07,N,2,2024-08-09
22,50000,RENT,2.0,VENTURE,B,3500,11.013786929274843,0,0.07,N,3,2024-05-25
22,50250,RENT,6.0,VENTURE,A,3500,7.14,0,0.07,N,4,2024-03-16
22,51996,RENT,4.0,PERSONAL,B,3500,9.62,0,0.07,N,2,2024-12-28
23,36000,MORTGAGE,7.0,EDUCATION,B,11000,11.013786929274843,0,0.31,N,3,2024-07-03
24,45996,RENT,9.0,PERSONAL,B,3500,12.21,1,0.08,N,2,2024-09-03
24,52000,RENT,4.0,DEBTCONSOLIDATION,A,3500,7.68,0,0.07,N,2,2024-12-30
23,52692,RENT,4.0,EDUCATION,C,3500,12.23,0,0.07,Y,4,2024-04-30
23,36000,MORTGAGE,6.0,PERSONAL,C,14000,12.99,0,0.39,Y,3,2024-09-07
25,54084,RENT,5.0,HOMEIMPROVEMENT,B,3500,9.25,0,0.06,N,2,2024-04-24
22,55000,RENT,7.0,MEDICAL,B,3500,9.99,0,0.06,N,3,2024-01-21
23,56000,RENT,7.0,DEBTCONSOLIDATION,C,3500,11.013786929274843,0,0.06,Y,3,2024-09-18
22,57000,RENT,1.0,EDUCATION,C,3500,12.61,0,0.06,Y,2,2024-10-30
26,51000,RENT,3.0,DEBTCONSOLIDATION,D,3500,13.24,1,0.07,Y,4,2024-03-07
24,59000,RENT,5.0,MEDICAL,A,3500,8.9,0,0.06,N,3,2024-05-25
22,60000,RENT,5.0,VENTURE,A,3500,5.42,0,0.06,N,2,2024-06-17
22,36000,MORTGAGE,6.0,DEBTCONSOLIDATION,A,5975,7.42,0,0.17,N,4,2024-11-11
24,60000,RENT,5.0,EDUCATION,B,3500,11.86,0,0.06,N,4,2024-05-27
23,36000,MORTGAGE,7.0,PERSONAL,A,7200,5.42,0,0.2,N,2,2024-06-06
25,36000,MORTGAGE,3.0,MEDICAL,A,5300,7.49,0,0.15,N,3,2024-08-26
25,56400,RENT,2.0,DEBTCONSOLIDATION,D,3500,15.62,1,0.06,N,4,2024-10-14
22,36000,MORTGAGE,1.0,MEDICAL,A,3500,11.013786929274843,0,0.1,N,2,2024-01-19
23,63816,RENT,4.0,EDUCATION,B,3500,9.63,0,0.05,N,3,2024-04-24
24,65000,RENT,3.0,EDUCATION,A,3500,7.74,0,0.05,N,3,2024-06-03
25,59000,RENT,3.0,MEDICAL,D,3500,15.65,1,0.06,N,2,2024-02-03
23,36000,MORTGAGE,7.0,DEBTCONSOLIDATION,B,6400,11.49,0,0.18,N,3,2024-07-05
23,30000,MORTGAGE,6.0,HOMEIMPROVEMENT,A,6725,6.99,1,0.22,N,3,2024-05-02
23,36000,MORTGAGE,4.0,PERSONAL,C,5000,14.79,0,0.14,N,2,2024-05-23
24,36000,MORTGAGE,8.0,PERSONAL,C,3500,13.06,0,0.1,Y,3,2024-04-01
23,70000,RENT,1.0,EDUCATION,A,3500,5.42,0,0.05,N,3,2024-02-07
23,64000,RENT,7.0,DEBTCONSOLIDATION,C,3500,14.72,1,0.05,Y,2,2024-12-07
23,74000,RENT,1.0,EDUCATION,C,3500,12.87,0,0.05,Y,3,2024-07-07
26,68004,RENT,10.0,DEBTCONSOLIDATION,D,3500,15.28,1,0.05,Y,3,2024-05-16
24,74400,RENT,1.0,EDUCATION,A,3500,7.29,0,0.05,N,4,2024-01-26
23,74880,RENT,3.0,EDUCATION,B,3500,11.11,0,0.05,N,4,2024-12-06
22,75000,RENT,3.0,EDUCATION,A,3500,7.29,0,0.05,N,2,2024-10-04
25,77000,RENT,2.0,DEBTCONSOLIDATION,A,3500,7.9,0,0.05,N,4,2024-05-07
23,78000,RENT,1.0,VENTURE,B,3500,9.96,0,0.04,N,4,2024-08-27
23,81000,RENT,5.0,EDUCATION,B,3500,10.75,0,0.04,N,3,2024-08-21
25,83500,RENT,9.0,HOMEIMPROVEMENT,C,3500,11.013786929274843,0,0.04,N,2,2024-08-10
24,78000,RENT,1.0,DEBTCONSOLIDATION,B,3500,11.83,1,0.04,N,3,2024-06-13
24,36000,MORTGAGE,5.0,DEBTCONSOLIDATION,B,7000,11.11,0,0.19,N,4,2024-01-18
23,94000,RENT,7.0,MEDICAL,B,3500,11.49,0,0.04,N,3,2024-08-05
23,98000,RENT,5.0,DEBTCONSOLIDATION,A,3500,8.07,0,0.04,N,3,2024-08-19
23,26000,RENT,2.0,MEDICAL,A,3525,6.62,0,0.14,N,4,2024-01-09
22,36000,MORTGAGE,6.0,EDUCATION,A,12000,7.29,0,0.33,N,3,2024-02-02
24,36000,RENT,5.0,VENTURE,D,3525,14.59,0,0.1,Y,3,2024-05-15
26,45000,RENT,6.0,MEDICAL,A,3575,11.013786929274843,0,0.08,N,2,2024-06-10
22,36000,OWN,6.0,EDUCATION,B,7500,9.63,0,0.21,N,2,2024-03-03
26,36000,MORTGAGE,10.0,VENTURE,A,9000,5.42,0,0.25,N,4,2024-05-09
23,30000,MORTGAGE,7.0,HOMEIMPROVEMENT,A,2200,11.013786929274843,1,0.07,N,3,2024-05-25
23,36000,MORTGAGE,2.0,VENTURE,B,12000,10.74,0,0.33,N,4,2024-10-08
22,18700,RENT,3.0,EDUCATION,A,3600,8.9,1,0.19,N,4,2024-07-22
24,20000,RENT,3.0,MEDICAL,B,3600,11.71,0,0.18,N,4,2024-09-11
25,21600,RENT,3.0,PERSONAL,B,3600,10.99,0,0.17,N,4,2024-07-07
24,24000,RENT,1.0,DEBTCONSOLIDATION,A,3600,6.62,1,0.15,N,4,2024-05-11
23,36000,MORTGAGE,7.0,VENTURE,C,4800,13.06,0,0.13,Y,2,2024-04-16
23,24216,RENT,1.0,EDUCATION,D,3600,16.49,1,0.15,N,3,2024-12-02
26,30000,RENT,3.0,MEDICAL,D,3600,15.99,1,0.12,N,4,2024-03-28
23,30000,RENT,3.0,PERSONAL,A,3600,5.99,0,0.12,N,2,2024-04-29
22,30000,RENT,2.0,DEBTCONSOLIDATION,B,3600,10.99,0,0.12,N,3,2024-03-17
24,30000,RENT,1.0,VENTURE,A,3600,8.49,0,0.12,N,3,2024-07-23
22,36000,MORTGAGE,2.0,VENTURE,B,7750,9.99,0,0.22,N,4,2024-03-28
23,36000,MORTGAGE,7.0,DEBTCONSOLIDATION,C,15800,13.72,0,0.44,Y,4,2024-07-25
23,30000,RENT,4.0,PERSONAL,C,3600,14.17,0,0.12,N,3,2024-09-05
22,36000,MORTGAGE,2.0,DEBTCONSOLIDATION,A,1800,6.17,0,0.05,N,4,2024-04-09
24,36000,MORTGAGE,8.0,PERSONAL,A,4800,6.91,0,0.13,N,3,2024-12-15
23,30000,RENT,7.0,EDUCATION,B,3600,9.7,0,0.12,N,3,2024-09-29
22,36000,MORTGAGE,6.0,DEBTCONSOLIDATION,A,10000,5.42,0,0.28,N,3,2024-03-05
22,31000,RENT,4.0,VENTURE,B,3600,12.69,0,0.12,N,3,2024-06-25
23,36000,OWN,1.0,VENTURE,A,1800,6.54,0,0.05,N,4,2024-11-06
23,36000,OWN,1.0,MEDICAL,C,14600,12.61,0,0.41,Y,2,2024-03-06
23,36000,OWN,7.0,EDUCATION,B,6000,8.88,0,0.17,N,2,2024-01-19
25,31800,RENT,2.0,PERSONAL,A,3600,7.51,0,0.11,N,3,2024-06-01
24,32000,RENT,9.0,MEDICAL,A,3600,7.49,0,0.11,N,3,2024-04-26
23,32000,RENT,6.0,PERSONAL,A,3600,9.63,0,0.11,N,3,2024-04-26
25,33000,RENT,4.0,MEDICAL,B,3600,10.0,1,0.11,N,3,2024-04-05
22,36000,MORTGAGE,2.0,PERSONAL,A,12000,7.51,0,0.33,N,4,2024-09-28
25,36000,RENT,2.0,EDUCATION,C,3600,15.23,0,0.1,N,4,2024-08-09
22,36000,RENT,2.0,EDUCATION,C,3600,12.99,0,0.1,N,2,2024-08-31
25,36000,MORTGAGE,5.0,PERSONAL,A,6000,7.88,0,0.17,N,4,2024-07-07
22,36000,RENT,3.0,PERSONAL,A,3600,5.99,0,0.1,N,2,2024-11-19
24,36000,RENT,1.0,DEBTCONSOLIDATION,A,3600,7.29,0,0.1,N,2,2024-06-22
26,36000,MORTGAGE,2.0,PERSONAL,B,10000,10.75,0,0.28,N,2,2024-09-04
23,30000,MORTGAGE,4.0,MEDICAL,D,4000,16.32,1,0.13,Y,4,2024-03-01
22,37008,RENT,2.0,EDUCATION,B,3600,12.42,0,0.1,N,4,2024-01-15
22,38400,RENT,6.0,DEBTCONSOLIDATION,B,3600,12.69,0,0.09,N,3,2024-11-11
23,38400,RENT,7.0,DEBTCONSOLIDATION,C,3600,13.61,0,0.09,N,3,2024-06-16
24,36000,MORTGAGE,8.0,VENTURE,A,3250,6.39,0,0.09,N,2,2024-06-22
24,36000,MORTGAGE,3.0,MEDICAL,C,8000,13.61,0,0.22,N,2,2024-12-29
22,36000,OWN,6.0,EDUCATION,D,12000,15.21,0,0.33,Y,3,2024-06-04
22,36000,MORTGAGE,6.0,PERSONAL,D,1400,14.84,0,0.04,Y,4,2024-02-26
26,36000,MORTGAGE,6.0,PERSONAL,A,4000,6.76,0,0.11,N,3,2024-12-22
25,33772,RENT,3.0,HOMEIMPROVEMENT,D,3600,16.02,1,0.11,Y,2,2024-08-22
23,40000,RENT,3.0,DEBTCONSOLIDATION,C,3600,15.96,0,0.09,Y,4,2024-11-01
24,40000,RENT,1.0,MEDICAL,C,3600,13.49,0,0.09,N,3,2024-07-25
25,36000,MORTGAGE,5.0,VENTURE,E,4800,17.93,0,0.13,N,3,2024-05-31
26,36000,MORTGAGE,3.0,HOMEIMPROVEMENT,A,5400,7.51,0,0.15,N,4,2024-09-14
23,36000,MORTGAGE,3.0,VENTURE,B,4800,10.38,0,0.13,N,4,2024-12-20
23,36000,OWN,3.0,EDUCATION,A,8500,7.51,0,0.24,N,3,2024-06-05
24,40000,RENT,2.0,DEBTCONSOLIDATION,B,3600,11.12,0,0.09,N,3,2024-04-01
22,36000,MORTGAGE,6.0,VENTURE,A,7500,7.14,0,0.21,N,3,2024-12-04
25,36000,MORTGAGE,3.0,VENTURE,B,5000,11.013786929274843,0,0.14,N,4,2024-06-29
22,36000,MORTGAGE,1.0,EDUCATION,A,6000,7.51,0,0.17,N,4,2024-05-15
23,36000,OWN,2.0,VENTURE,B,15000,11.36,0,0.42,N,4,2024-09-17
23,37000,RENT,7.0,EDUCATION,A,11000,6.62,0,0.3,N,3,2024-12-28
24,37950,RENT,8.0,EDUCATION,B,11000,11.86,0,0.29,N,2,2024-12-20
24,36000,MORTGAGE,4.0,VENTURE,D,2000,14.96,0,0.06,N,2,2024-09-15
22,39500,RENT,3.0,DEBTCONSOLIDATION,C,11000,12.68,0,0.28,Y,2,2024-05-22
23,39500,RENT,7.0,MEDICAL,A,11000,11.013786929274843,0,0.28,N,2,2024-04-27
23,39520,RENT,8.0,PERSONAL,A,11000,5.42,0,0.28,N,2,2024-09-12
22,39996,RENT,3.0,PERSONAL,A,11000,5.79,0,0.28,N,2,2024-02-18
22,34000,RENT,2.0,HOMEIMPROVEMENT,D,11000,15.99,1,0.32,N,3,2024-11-19
22,41000,RENT,2.0,DEBTCONSOLIDATION,B,11000,12.18,0,0.27,N,4,2024-01-22
24,41280,RENT,3.0,VENTURE,D,11000,15.28,0,0.27,N,3,2024-05-12
26,36000,MORTGAGE,10.0,PERSONAL,B,10000,9.88,0,0.28,N,3,2024-07-03
25,36000,MORTGAGE,3.0,DEBTCONSOLIDATION,C,7000,12.73,0,0.19,Y,2,2024-02-20
22,42000,RENT,3.0,PERSONAL,B,11000,11.71,0,0.26,N,2,2024-02-15
24,43000,RENT,9.0,EDUCATION,A,11000,8.94,0,0.26,N,3,2024-02-03
25,44975,RENT,2.0,MEDICAL,A,11000,6.99,0,0.24,N,4,2024-12-14
26,45000,RENT,3.0,DEBTCONSOLIDATION,A,11000,6.99,0,0.24,N,2,2024-01-22
25,45000,RENT,2.0,DEBTCONSOLIDATION,B,11000,9.25,0,0.24,N,2,2024-12-15
23,36000,OWN,2.0,VENTURE,C,5000,12.87,0,0.14,Y,3,2024-05-10
22,45000,RENT,6.0,MEDICAL,B,11000,9.88,0,0.24,N,2,2024-08-07
26,45000,RENT,10.0,PERSONAL,D,11000,14.61,0,0.24,N,2,2024-03-08
22,36000,OWN,4.0,EDUCATION,D,5000,14.61,0,0.14,N,2,2024-04-22
22,45504,RENT,2.0,DEBTCONSOLIDATION,B,11000,10.99,0,0.24,N,2,2024-05-19
22,46000,RENT,3.0,EDUCATION,B,11000,10.59,0,0.24,N,3,2024-03-06
24,36000,MORTGAGE,3.0,PERSONAL,B,4750,11.83,0,0.13,N,3,2024-07-21
22,46000,RENT,4.0,PERSONAL,A,11000,7.49,0,0.24,N,4,2024-11-02
24,47160,RENT,5.0,VENTURE,B,11000,11.14,0,0.23,N,4,2024-12-29
25,48000,RENT,8.0,MEDICAL,A,11000,7.51,0,0.23,N,4,2024-07-28
23,30000,MORTGAGE,4.0,VENTURE,D,9500,15.31,1,0.32,N,2,2024-05-13
22,48000,RENT,2.0,EDUCATION,B,11000,10.75,0,0.23,N,4,2024-11-12
25,48996,RENT,9.0,EDUCATION,A,11000,7.88,0,0.22,N,2,2024-09-01
24,49278,RENT,4.0,VENTURE,C,11000,13.22,0,0.22,N,2,2024-09-24
22,50000,RENT,1.0,MEDICAL,A,11000,11.013786929274843,0,0.22,N,2,2024-07-13
22,50000,RENT,6.0,EDUCATION,C,11000,13.49,0,0.22,Y,4,2024-01-22
23,36000,MORTGAGE,3.0,DEBTCONSOLIDATION,C,3000,13.22,0,0.08,N,4,2024-01-16
26,44000,RENT,4.0,DEBTCONSOLIDATION,D,11000,15.31,1,0.25,N,2,2024-07-12
22,50985,RENT,4.0,EDUCATION,C,11000,13.11,0,0.22,N,2,2024-01-05
22,36000,MORTGAGE,3.0,MEDICAL,B,6000,12.53,0,0.17,N,2,2024-01-07
26,46000,RENT,3.0,MEDICAL,D,11000,16.29,1,0.24,Y,3,2024-10-24
26,53004,RENT,10.0,HOMEIMPROVEMENT,A,11000,5.79,0,0.21,N,4,2024-01-18
23,30000,MORTGAGE,7.0,MEDICAL,C,10000,13.79,1,0.33,N,2,2024-10-17
23,54996,RENT,2.0,MEDICAL,C,11000,11.013786929274843,0,0.2,N,2,2024-07-08
23,56000,RENT,3.0,DEBTCONSOLIDATION,A,11000,7.49,0,0.2,N,4,2024-03-07
26,58195,RENT,3.0,PERSONAL,B,11000,9.91,0,0.19,N,2,2024-05-14
22,59000,RENT,2.0,EDUCATION,B,11000,10.74,0,0.19,N,2,2024-03-24
24,36000,MORTGAGE,3.0,HOMEIMPROVEMENT,A,6400,9.38,0,0.18,N,4,2024-05-26
23,60000,RENT,1.0,EDUCATION,C,11000,14.22,0,0.18,N,4,2024-08-11
22,36000,MORTGAGE,2.0,DEBTCONSOLIDATION,A,10000,8.32,0,0.28,N,3,2024-11-08
24,65000,RENT,5.0,HOMEIMPROVEMENT,A,11000,7.51,0,0.17,N,4,2024-06-21
26,36000,MORTGAGE,10.0,PERSONAL,B,18000,10.39,0,0.5,N,2,2024-10-12
26,36000,MORTGAGE,8.0,HOMEIMPROVEMENT,C,6000,12.29,0,0.17,Y,4,2024-07-25
24,36000,MORTGAGE,3.0,EDUCATION,B,8000,9.83,0,0.22,N,3,2024-01-07
24,69996,RENT,9.0,DEBTCONSOLIDATION,B,11000,11.86,0,0.16,N,3,2024-06-21
26,70000,RENT,5.0,HOMEIMPROVEMENT,A,11000,6.62,0,0.16,N,4,2024-12-28
22,71200,RENT,2.0,VENTURE,B,11000,12.42,0,0.15,N,2,2024-10-06
25,80004,RENT,9.0,HOMEIMPROVEMENT,C,11000,12.53,0,0.14,N,4,2024-01-29
23,81600,RENT,3.0,PERSONAL,B,11000,11.013786929274843,0,0.13,N,3,2024-04-28
24,85000,RENT,1.0,MEDICAL,A,11000,6.91,0,0.13,N,2,2024-05-18
24,90000,RENT,2.0,EDUCATION,B,11000,11.14,0,0.12,N,3,2024-07-10
26,36194,MORTGAGE,10.0,PERSONAL,B,9250,10.08,0,0.26,N,3,2024-12-01
24,100000,RENT,6.0,DEBTCONSOLIDATION,A,11000,5.42,0,0.11,N,4,2024-01-07
25,30252,MORTGAGE,9.0,PERSONAL,B,10000,9.76,1,0.33,N,3,2024-08-19
23,116000,RENT,7.0,VENTURE,A,11000,8.94,0,0.09,N,2,2024-02-20
25,36300,MORTGAGE,5.0,VENTURE,A,9000,6.99,0,0.25,N,2,2024-01-04
25,30300,MORTGAGE,4.0,MEDICAL,B,5000,10.0,1,0.17,N,2,2024-08-18
25,120000,RENT,9.0,DEBTCONSOLIDATION,B,11000,12.18,0,0.09,N,4,2024-07-05
26,125000,RENT,1.0,MEDICAL,C,11000,12.98,0,0.09,Y,4,2024-09-18
22,36396,MORTGAGE,6.0,EDUCATION,B,5500,11.12,0,0.15,N,3,2024-05-17
24,47230,RENT,8.0,VENTURE,A,10950,6.91,0,0.23,N,2,2024-01-18
22,30400,MORTGAGE,2.0,VENTURE,C,9950,15.27,1,0.33,N,4,2024-09-20
22,60000,RENT,5.0,PERSONAL,D,10900,15.65,0,0.18,N,2,2024-02-08
22,35500,RENT,6.0,HOMEIMPROVEMENT,C,10875,12.84,1,0.31,N,4,2024-02-04
25,36400,MORTGAGE,4.0,VENTURE,C,11000,12.29,0,0.3,N,3,2024-02-22
24,34000,RENT,3.0,PERSONAL,D,10800,14.42,1,0.32,Y,4,2024-12-28
22,36480,RENT,2.0,VENTURE,B,10800,8.88,0,0.3,N,4,2024-02-17
26,33996,RENT,2.0,PERSONAL,B,10800,11.12,1,0.32,N,3,2024-10-18
24,36500,MORTGAGE,3.0,VENTURE,B,2500,10.37,0,0.07,N,3,2024-08-27
24,43680,RENT,1.0,VENTURE,A,10800,5.42,0,0.25,N,2,2024-07-09
24,45996,RENT,2.0,VENTURE,C,10800,13.16,0,0.23,N,4,2024-12-01
23,30500,MORTGAGE,6.0,MEDICAL,D,3000,14.96,1,0.1,Y,2,2024-04-29
25,36500,MORTGAGE,7.0,DEBTCONSOLIDATION,A,3200,9.63,0,0.09,N,3,2024-11-27
26,42000,RENT,2.0,PERSONAL,C,10800,13.99,1,0.26,N,2,2024-05-20
26,30576,MORTGAGE,10.0,MEDICAL,D,3000,14.46,1,0.1,Y,2,2024-08-16
22,36600,MORTGAGE,2.0,DEBTCONSOLIDATION,A,9950,7.29,0,0.27,N,3,2024-07-08
25,50000,RENT,2.0,VENTURE,B,10800,10.75,0,0.22,N,3,2024-06-25
22,44400,RENT,2.0,PERSONAL,E,10800,18.79,1,0.24,N,3,2024-08-14
23,55000,RENT,2.0,MEDICAL,B,10800,8.88,0,0.2,N,2,2024-06-29
25,55000,RENT,2.0,VENTURE,C,10800,13.57,0,0.2,N,2,2024-08-06
25,68000,RENT,9.0,VENTURE,B,10800,10.74,0,0.16,N,2,2024-06-26
23,72000,RENT,3.0,MEDICAL,A,10800,7.88,0,0.15,N,2,2024-12-06
26,69000,RENT,11.0,HOMEIMPROVEMENT,A,10800,7.51,1,0.16,N,4,2024-01-07
23,58650,RENT,7.0,MEDICAL,D,10800,16.29,1,0.16,N,3,2024-08-06
22,36933,MORTGAGE,2.0,VENTURE,C,10000,12.22,0,0.27,Y,4,2024-06-24
25,62165,RENT,2.0,MEDICAL,D,10800,15.65,1,0.15,Y,4,2024-01-03
23,36996,OWN,4.0,MEDICAL,A,10000,7.51,0,0.27,N,3,2024-05-05
22,20796,RENT,1.0,DEBTCONSOLIDATION,D,10775,15.37,1,0.52,Y,2,2024-10-03
23,30000,RENT,6.0,EDUCATION,B,10775,10.65,1,0.36,N,4,2024-03-01
24,36996,MORTGAGE,7.0,PERSONAL,D,7800,11.013786929274843,0,0.21,Y,3,2024-09-02
23,33600,RENT,2.0,DEBTCONSOLIDATION,C,10750,11.013786929274843,1,0.32,Y,3,2024-06-06
26,36000,RENT,7.0,VENTURE,E,10750,16.0,0,0.3,Y,4,2024-08-03
25,39000,RENT,1.0,HOMEIMPROVEMENT,D,10750,14.59,1,0.28,Y,4,2024-09-10
23,32000,RENT,4.0,PERSONAL,A,10700,6.03,1,0.33,N,3,2024-01-18
26,48000,RENT,2.0,EDUCATION,A,10700,9.63,0,0.22,N,4,2024-02-29
25,54000,RENT,7.0,HOMEIMPROVEMENT,C,10700,11.013786929274843,1,0.2,Y,2,2024-01-26
23,37000,MORTGAGE,3.0,PERSONAL,B,6400,11.71,0,0.17,N,3,2024-08-21
26,68000,RENT,4.0,EDUCATION,B,10700,12.42,0,0.16,N,4,2024-03-09
22,37000,MORTGAGE,7.0,MEDICAL,B,3600,11.71,0,0.1,N,2,2024-10-04
22,37000,MORTGAGE,1.0,VENTURE,C,2000,14.27,0,0.05,Y,2,2024-10-16
25,24000,RENT,2.0,MEDICAL,A,10625,6.03,1,0.44,N,2,2024-11-10
26,37000,MORTGAGE,7.0,EDUCATION,B,8400,10.99,0,0.23,N,4,2024-10-05
25,37000,MORTGAGE,6.0,HOMEIMPROVEMENT,D,7000,15.62,0,0.19,Y,3,2024-07-04
25,30000,RENT,9.0,DEBTCONSOLIDATION,A,10625,6.99,1,0.35,N,4,2024-08-04
23,30000,RENT,8.0,EDUCATION,A,10625,6.92,1,0.35,N,2,2024-09-07
24,37000,MORTGAGE,3.0,MEDICAL,A,6075,5.99,0,0.16,N,3,2024-02-26
24,33048,RENT,6.0,EDUCATION,C,10600,11.97,1,0.32,Y,3,2024-11-25
24,42000,RENT,4.0,PERSONAL,C,10600,13.16,0,0.25,Y,4,2024-04-04
25,57700,RENT,2.0,MEDICAL,D,10600,14.91,1,0.18,Y,4,2024-10-14
24,37000,MORTGAGE,4.0,MEDICAL,A,4000,11.013786929274843,0,0.11,N,4,2024-10-26
22,75000,RENT,3.0,EDUCATION,B,10600,10.99,0,0.14,N,3,2024-08-01
24,94000,RENT,3.0,PERSONAL,B,10600,12.18,0,0.11,N,4,2024-10-17
22,37000,MORTGAGE,6.0,MEDICAL,B,2500,10.37,0,0.07,N,4,2024-08-08
25,30000,RENT,3.0,VENTURE,D,10500,16.29,1,0.35,N,2,2024-04-18
22,37000,MORTGAGE,3.0,DEBTCONSOLIDATION,A,15000,6.54,0,0.41,N,3,2024-05-24
22,29000,RENT,2.0,EDUCATION,B,10500,9.99,1,0.36,N,3,2024-12-19
25,35220,RENT,2.0,DEBTCONSOLIDATION,A,10500,7.29,0,0.3,N,3,2024-09-07
22,37000,MORTGAGE,2.0,DEBTCONSOLIDATION,A,13000,7.88,0,0.35,N,4,2024-04-03
22,36000,RENT,6.0,DEBTCONSOLIDATION,B,10500,10.74,0,0.29,N,2,2024-03-06
24,37000,RENT,8.0,MEDICAL,D,10500,11.013786929274843,0,0.28,N,2,2024-07-16
25,39204,RENT,3.0,PERSONAL,F,10500,11.013786929274843,0,0.27,Y,4,2024-04-06
22,41900,RENT,3.0,EDUCATION,A,10500,8.49,0,0.25,N,2,2024-08-12
24,37000,MORTGAGE,8.0,VENTURE,B,10000,10.99,0,0.27,N,4,2024-03-27
22,49000,RENT,1.0,HOMEIMPROVEMENT,A,10500,9.38,1,0.21,N,2,2024-09-05
26,58000,RENT,9.0,PERSONAL,B,10500,11.48,0,0.18,N,2,2024-06-01
24,85000,RENT,1.0,VENTURE,A,10500,6.92,0,0.12,N,3,2024-04-28
26,37000,MORTGAGE,4.0,VENTURE,A,10400,8.94,0,0.28,N,3,2024-09-27
23,37000,MORTGAGE,2.0,EDUCATION,A,10000,7.74,0,0.27,N,3,2024-03-27
24,37000,OTHER,2.0,EDUCATION,B,5000,11.58,0,0.14,N,3,2024-02-10
24,35004,RENT,9.0,PERSONAL,E,10400,11.013786929274843,0,0.3,N,2,2024-11-17
23,37000,RENT,1.0,EDUCATION,A,10400,7.66,0,0.28,N,4,2024-09-30
22,32400,RENT,2.0,MEDICAL,D,10400,14.84,1,0.32,N,2,2024-06-14
25,40000,RENT,6.0,EDUCATION,B,10400,9.91,0,0.26,N,4,2024-04-25
22,37000,MORTGAGE,6.0,EDUCATION,B,7500,10.95,0,0.2,N,2,2024-11-08
23,41004,RENT,2.0,PERSONAL,B,10400,12.53,0,0.25,N,4,2024-12-30
24,37000,MORTGAGE,4.0,MEDICAL,B,25000,10.08,0,0.68,N,2,2024-02-13
23,43500,RENT,2.0,PERSONAL,C,10400,13.49,0,0.24,N,4,2024-02-02
24,44000,RENT,4.0,DEBTCONSOLIDATION,B,10400,12.69,0,0.24,N,4,2024-10-14
23,51000,RENT,4.0,DEBTCONSOLIDATION,A,10400,11.013786929274843,0,0.2,N,2,2024-10-13
25,57300,RENT,2.0,PERSONAL,C,10400,11.66,0,0.18,N,4,2024-12-28
22,57460,RENT,1.0,EDUCATION,C,10400,13.49,0,0.18,Y,3,2024-12-14
23,60000,RENT,3.0,VENTURE,D,10400,14.91,0,0.17,Y,4,2024-11-03
25,59000,RENT,9.0,MEDICAL,D,10400,16.29,1,0.18,N,4,2024-03-27
22,83252,RENT,4.0,VENTURE,B,10400,12.21,0,0.12,N,3,2024-09-19
25,35280,RENT,3.0,DEBTCONSOLIDATION,C,10375,14.27,1,0.29,Y,4,2024-12-19
23,64000,RENT,7.0,EDUCATION,D,10325,12.92,1,0.16,Y,2,2024-06-15
26,165000,RENT,10.0,PERSONAL,B,10300,9.91,0,0.06,N,3,2024-01-05
26,54996,RENT,1.0,HOMEIMPROVEMENT,A,10250,7.29,0,0.19,N,2,2024-01-20
25,60000,RENT,3.0,HOMEIMPROVEMENT,A,10250,6.62,0,0.17,N,4,2024-01-28
23,66000,RENT,4.0,DEBTCONSOLIDATION,E,10250,14.38,1,0.16,N,4,2024-02-04
24,37200,MORTGAGE,5.0,PERSONAL,A,13000,6.91,0,0.35,N,2,2024-09-13
26,37200,MORTGAGE,1.0,PERSONAL,B,6000,10.36,0,0.16,N,2,2024-11-13
22,35496,RENT,6.0,VENTURE,D,10200,11.013786929274843,0,0.29,Y,3,2024-04-20
26,36000,RENT,1.0,PERSONAL,B,10200,12.69,0,0.28,N,4,2024-01-02
22,44094,RENT,1.0,VENTURE,A,3600,7.37,0,0.08,N,3,2024-06-02
23,45000,RENT,2.0,VENTURE,A,3600,6.03,0,0.08,N,3,2024-05-16
23,45000,RENT,3.0,EDUCATION,B,3600,11.49,0,0.08,N,3,2024-01-01
22,39600,RENT,4.0,DEBTCONSOLIDATION,D,3600,17.49,1,0.09,Y,3,2024-01-21
22,41000,RENT,2.0,DEBTCONSOLIDATION,D,3600,16.77,1,0.09,Y,3,2024-12-11
23,48000,RENT,8.0,VENTURE,D,3600,16.02,0,0.07,N,2,2024-09-08
22,42492,RENT,6.0,DEBTCONSOLIDATION,B,3600,11.013786929274843,1,0.08,N,3,2024-12-08
25,31417,MORTGAGE,4.0,EDUCATION,B,7000,10.36,1,0.22,N,3,2024-07-17
22,44000,RENT,3.0,HOMEIMPROVEMENT,C,3600,13.43,1,0.08,Y,2,2024-05-07
24,50000,RENT,4.0,DEBTCONSOLIDATION,B,3600,11.36,0,0.07,N,3,2024-11-16
25,51300,RENT,9.0,DEBTCONSOLIDATION,A,3600,7.49,0,0.07,N,3,2024-11-07
23,54804,RENT,4.0,EDUCATION,D,3600,16.77,0,0.07,Y,4,2024-06-17
23,37460,MORTGAGE,2.0,EDUCATION,C,7125,13.99,0,0.19,N,4,2024-09-22
25,55000,RENT,9.0,DEBTCONSOLIDATION,A,3600,8.9,0,0.07,N,3,2024-12-01
23,55000,RENT,5.0,PERSONAL,A,3600,5.99,0,0.07,N,3,2024-07-21
25,54000,RENT,1.0,PERSONAL,A,3600,11.013786929274843,1,0.07,N,3,2024-02-01
23,60000,RENT,4.0,VENTURE,A,3600,7.9,0,0.06,N,2,2024-03-06
23,60000,RENT,8.0,EDUCATION,B,3600,9.99,0,0.06,N,2,2024-07-30
26,37500,MORTGAGE,4.0,DEBTCONSOLIDATION,A,7000,6.54,0,0.19,N,4,2024-06-25
25,60900,RENT,2.0,PERSONAL,A,3600,6.91,0,0.06,N,3,2024-11-22
26,63000,RENT,10.0,HOMEIMPROVEMENT,A,3600,6.76,0,0.06,N,4,2024-12-02
24,37500,MORTGAGE,2.0,DEBTCONSOLIDATION,A,5600,8.94,0,0.15,N,4,2024-06-26
23,65000,RENT,2.0,DEBTCONSOLIDATION,B,3600,11.49,0,0.06,N,2,2024-08-15
23,65000,RENT,7.0,MEDICAL,B,3600,10.59,0,0.06,N,3,2024-01-08
25,67000,RENT,2.0,VENTURE,B,3600,9.99,0,0.05,N,4,2024-12-19
25,51850,RENT,2.0,MEDICAL,C,3600,13.99,1,0.06,N,2,2024-05-18
25,37560,OWN,4.0,HOMEIMPROVEMENT,B,5000,10.99,0,0.13,N,3,2024-12-28
26,72000,RENT,2.0,VENTURE,B,3600,10.74,0,0.05,N,4,2024-05-15
25,37596,MORTGAGE,3.0,PERSONAL,B,12000,11.99,0,0.32,N,4,2024-05-02
22,80000,RENT,5.0,DEBTCONSOLIDATION,B,3600,12.69,0,0.04,N,3,2024-09-23
23,37700,MORTGAGE,4.0,EDUCATION,D,8000,15.62,0,0.21,Y,3,2024-08-25
26,84996,RENT,4.0,EDUCATION,B,3600,11.99,0,0.04,N,2,2024-08-17
23,31785,MORTGAGE,7.0,MEDICAL,D,6000,14.96,1,0.19,N,2,2024-08-22
22,37800,MORTGAGE,7.0,EDUCATION,B,7200,10.99,0,0.19,N,2,2024-05-08
22,93000,RENT,1.0,HOMEIMPROVEMENT,D,3600,16.77,1,0.04,Y,3,2024-03-15
25,31800,OTHER,1.0,HOMEIMPROVEMENT,C,10000,12.53,1,0.31,N,3,2024-10-27
25,19800,RENT,9.0,MEDICAL,D,3625,16.29,1,0.18,N,2,2024-09-26
26,37820,MORTGAGE,3.0,HOMEIMPROVEMENT,A,6300,11.013786929274843,0,0.17,N,4,2024-05-24
26,24000,RENT,1.0,HOMEIMPROVEMENT,B,3625,11.11,1,0.15,N,4,2024-12-21
23,52000,RENT,2.0,PERSONAL,B,3625,10.59,1,0.07,N,2,2024-08-07
25,37980,MORTGAGE,7.0,PERSONAL,A,3500,6.03,0,0.09,N,2,2024-03-12
26,38000,MORTGAGE,1.0,HOMEIMPROVEMENT,A,8875,7.51,0,0.23,N,2,2024-06-08
23,38000,MORTGAGE,5.0,VENTURE,B,4000,12.42,0,0.11,N,3,2024-11-24
23,36000,RENT,4.0,DEBTCONSOLIDATION,B,3700,9.25,0,0.1,N,2,2024-12-22
23,38000,MORTGAGE,5.0,PERSONAL,A,5400,7.9,0,0.14,N,3,2024-11-14
23,75000,RENT,2.0,DEBTCONSOLIDATION,A,3700,6.03,0,0.05,N,2,2024-11-11
23,38000,MORTGAGE,5.0,EDUCATION,B,8000,12.69,0,0.21,N,3,2024-06-16
23,120000,RENT,3.0,VENTURE,A,3725,8.49,0,0.03,N,2,2024-07-27
23,21000,RENT,3.0,DEBTCONSOLIDATION,D,3750,15.65,1,0.18,N,2,2024-10-15
22,38000,MORTGAGE,3.0,DEBTCONSOLIDATION,A,6000,7.51,0,0.16,N,4,2024-09-03
22,27804,RENT,2.0,MEDICAL,C,3750,13.85,0,0.13,Y,4,2024-03-17
24,38000,OWN,2.0,EDUCATION,A,9600,11.013786929274843,0,0.25,N,2,2024-06-28
25,38000,MORTGAGE,9.0,HOMEIMPROVEMENT,A,5400,8.9,0,0.14,N,2,2024-06-10
22,38000,MORTGAGE,4.0,MEDICAL,A,18000,8.9,0,0.47,N,2,2024-10-08
22,11000,RENT,3.0,HOMEIMPROVEMENT,B,3800,8.88,1,0.35,N,4,2024-02-29
26,38000,MORTGAGE,1.0,HOMEIMPROVEMENT,A,4000,11.013786929274843,0,0.11,N,3,2024-05-15
23,26400,RENT,7.0,DEBTCONSOLIDATION,A,3800,7.9,0,0.14,N,4,2024-11-24
25,30004,RENT,3.0,DEBTCONSOLIDATION,D,3800,14.84,1,0.13,N,2,2024-07-04
22,34000,RENT,4.0,MEDICAL,D,3800,18.25,1,0.11,Y,4,2024-01-11
22,43000,RENT,4.0,EDUCATION,A,3800,6.99,0,0.09,N,4,2024-12-10
26,47000,RENT,8.0,PERSONAL,C,3800,13.49,0,0.08,N,3,2024-01-31
23,55000,RENT,1.0,MEDICAL,A,3800,6.76,0,0.07,N,4,2024-11-01
26,38000,MORTGAGE,5.0,HOMEIMPROVEMENT,B,5000,11.013786929274843,0,0.13,N,2,2024-10-08
23,69000,RENT,4.0,EDUCATION,D,3800,15.28,1,0.06,Y,3,2024-05-21
23,108000,RENT,1.0,MEDICAL,C,3800,14.26,0,0.04,Y,4,2024-12-25
26,26000,RENT,2.0,DEBTCONSOLIDATION,C,3825,14.27,0,0.15,N,4,2024-02-03
22,38000,MORTGAGE,6.0,DEBTCONSOLIDATION,A,8500,5.42,0,0.22,N,2,2024-09-03
22,28500,RENT,3.0,VENTURE,C,3825,15.96,1,0.13,N,3,2024-07-22
22,38000,MORTGAGE,2.0,MEDICAL,B,8000,9.99,0,0.21,N,3,2024-04-27
24,40000,RENT,1.0,VENTURE,B,3825,10.0,0,0.1,N,4,2024-02-15
25,38000,MORTGAGE,9.0,HOMEIMPROVEMENT,A,9000,6.99,0,0.24,N,4,2024-07-26
23,38000,OWN,2.0,VENTURE,C,5000,12.99,0,0.13,N,4,2024-10-03
24,32000,RENT,2.0,EDUCATION,C,3850,12.68,0,0.12,Y,4,2024-08-26
22,38000,MORTGAGE,6.0,EDUCATION,A,4500,5.79,0,0.12,N,2,2024-05-10
23,48500,RENT,5.0,DEBTCONSOLIDATION,A,3850,8.49,0,0.08,N,4,2024-07-27
24,38000,MORTGAGE,8.0,PERSONAL,B,5000,10.0,0,0.13,N,3,2024-12-19
22,26000,RENT,2.0,MEDICAL,A,3900,7.51,0,0.15,N,3,2024-05-03
25,38000,MORTGAGE,4.0,PERSONAL,A,6000,5.42,0,0.16,N,2,2024-12-25
24,40000,RENT,1.0,EDUCATION,C,3900,12.23,0,0.1,Y,3,2024-03-03
22,45000,RENT,1.0,EDUCATION,A,3950,6.92,0,0.09,N,4,2024-02-01
22,12000,RENT,1.0,VENTURE,B,4000,9.76,1,0.33,N,3,2024-05-14
22,12600,RENT,2.0,PERSONAL,B,4000,10.37,1,0.32,N,4,2024-08-01
22,38000,MORTGAGE,5.0,EDUCATION,B,4200,9.25,0,0.11,N,2,2024-12-26
25,32000,MORTGAGE,4.0,DEBTCONSOLIDATION,B,8000,10.36,1,0.25,N,2,2024-11-03
24,13000,RENT,4.0,PERSONAL,B,4000,9.88,1,0.31,N,2,2024-11-30
22,38000,MORTGAGE,5.0,EDUCATION,B,4800,9.99,0,0.13,N,3,2024-02-09
25,13000,RENT,2.0,PERSONAL,D,4000,15.65,1,0.31,Y,3,2024-12-18
24,13200,RENT,6.0,VENTURE,D,4000,15.65,1,0.3,Y,3,2024-03-25
24,13200,RENT,1.0,EDUCATION,A,4000,5.79,1,0.3,N,3,2024-02-01
26,14000,RENT,2.0,VENTURE,B,4000,11.013786929274843,1,0.29,N,3,2024-03-31
22,14400,RENT,4.0,HOMEIMPROVEMENT,A,4000,7.29,1,0.28,N,4,2024-01-24
22,38000,MORTGAGE,6.0,MEDICAL,A,4000,6.76,0,0.11,N,2,2024-04-09
24,38000,MORTGAGE,4.0,HOMEIMPROVEMENT,A,8000,7.14,0,0.21,N,3,2024-04-20
25,38000,MORTGAGE,3.0,MEDICAL,B,1500,10.62,0,0.04,N,3,2024-02-02
22,15000,RENT,3.0,EDUCATION,B,4000,10.08,1,0.27,N,2,2024-12-10
26,32000,MORTGAGE,10.0,MEDICAL,D,15000,15.33,1,0.47,N,3,2024-02-28
24,15600,RENT,3.0,MEDICAL,E,4000,16.32,1,0.26,N,2,2024-04-23
22,15996,RENT,3.0,EDUCATION,C,4000,13.35,1,0.25,Y,2,2024-08-06
22,16800,RENT,2.0,DEBTCONSOLIDATION,C,4000,14.27,1,0.24,N,4,2024-07-10
22,16800,RENT,2.0,PERSONAL,B,4000,10.25,1,0.24,N,4,2024-06-08
24,38000,MORTGAGE,3.0,HOMEIMPROVEMENT,B,16000,10.99,0,0.42,N,3,2024-11-22
22,18000,RENT,6.0,MEDICAL,B,4000,11.49,1,0.22,N,4,2024-11-29
23,18000,RENT,5.0,PERSONAL,B,4000,10.99,1,0.22,N,2,2024-06-13
24,18000,RENT,2.0,EDUCATION,C,4000,12.87,1,0.22,Y,4,2024-10-23
22,18000,RENT,1.0,EDUCATION,C,4000,10.91,1,0.22,Y,4,2024-03-29
23,18720,RENT,2.0,EDUCATION,D,4000,15.62,1,0.21,N,4,2024-12-10
25,19200,RENT,6.0,EDUCATION,E,4000,19.03,1,0.21,Y,4,2024-02-28
24,19200,RENT,1.0,MEDICAL,C,4000,14.35,1,0.21,Y,4,2024-07-20
22,38000,MORTGAGE,5.0,DEBTCONSOLIDATION,B,10000,12.21,0,0.26,N,3,2024-11-25
25,19200,RENT,5.0,DEBTCONSOLIDATION,B,4000,11.013786929274843,1,0.21,N,3,2024-10-08
22,38000,MORTGAGE,4.0,VENTURE,D,4000,14.42,0,0.11,Y,2,2024-08-08
22,38000,MORTGAGE,4.0,MEDICAL,A,1950,7.37,0,0.05,N,3,2024-12-17
25,38000,MORTGAGE,1.0,VENTURE,B,18800,11.013786929274843,0,0.49,N,3,2024-10-07
25,20000,RENT,2.0,VENTURE,A,4000,7.29,0,0.2,N,3,2024-09-20
23,20000,RENT,6.0,PERSONAL,C,4000,12.23,0,0.2,Y,2,2024-08-05
22,20000,RENT,1.0,EDUCATION,B,4000,11.89,0,0.2,N,3,2024-02-23
22,20000,RENT,2.0,EDUCATION,B,4000,9.45,0,0.2,N,4,2024-07-10
26,20004,RENT,2.0,DEBTCONSOLIDATION,B,4000,12.18,0,0.2,N,4,2024-07-30
23,20400,RENT,3.0,DEBTCONSOLIDATION,A,4000,8.94,0,0.2,N,4,2024-02-01
26,38004,MORTGAGE,3.0,VENTURE,C,10000,13.35,0,0.26,N,2,2024-04-25
24,22000,RENT,3.0,MEDICAL,C,4000,13.92,0,0.18,N,3,2024-08-09
25,23400,RENT,3.0,MEDICAL,B,4000,12.42,0,0.17,N,3,2024-05-17
23,24000,RENT,2.0,DEBTCONSOLIDATION,B,4000,11.013786929274843,0,0.17,N,4,2024-10-26
25,38014,MORTGAGE,4.0,HOMEIMPROVEMENT,A,10000,8.49,0,0.26,N,3,2024-05-28
24,24000,RENT,2.0,VENTURE,A,4000,8.59,0,0.17,N,3,2024-01-22
26,38100,MORTGAGE,6.0,VENTURE,A,3900,7.9,0,0.1,N,3,2024-12-27
23,24000,RENT,4.0,MEDICAL,C,4000,11.66,0,0.17,N,4,2024-01-15
25,24000,RENT,2.0,VENTURE,A,4000,7.75,0,0.17,N,3,2024-01-02
23,38160,MORTGAGE,5.0,MEDICAL,B,12000,10.38,0,0.31,N,4,2024-11-20
22,25000,RENT,2.0,VENTURE,B,4000,12.69,0,0.16,N,3,2024-07-16
22,32213,MORTGAGE,3.0,MEDICAL,C,8000,13.47,1,0.25,Y,4,2024-07-18
22,25200,RENT,1.0,MEDICAL,B,4000,11.013786929274843,0,0.16,N,2,2024-10-06
26,38244,MORTGAGE,6.0,DEBTCONSOLIDATION,A,18000,9.63,0,0.47,N,3,2024-09-03
22,25440,RENT,6.0,EDUCATION,A,4000,5.42,0,0.16,N,4,2024-11-27
23,26000,RENT,1.0,EDUCATION,B,4000,11.013786929274843,0,0.15,N,4,2024-12-27
23,26000,RENT,1.0,PERSONAL,C,4000,12.87,1,0.15,Y,3,2024-03-26
26,38376,MORTGAGE,3.0,EDUCATION,A,14500,7.88,0,0.38,N,3,2024-02-26
24,26400,RENT,3.0,DEBTCONSOLIDATION,B,4000,11.013786929274843,1,0.15,N,3,2024-08-18
23,26400,RENT,8.0,EDUCATION,C,4000,14.17,1,0.15,N,2,2024-01-07
24,26400,RENT,4.0,MEDICAL,C,4000,13.72,0,0.15,N,2,2024-12-07
24,27000,RENT,8.0,MEDICAL,B,4000,10.75,0,0.15,N,4,2024-12-30
23,38400,MORTGAGE,6.0,EDUCATION,A,8000,6.62,0,0.21,N,4,2024-05-11
22,27000,RENT,6.0,EDUCATION,A,4000,7.14,0,0.15,N,2,2024-11-19
23,27040,RENT,2.0,VENTURE,C,4000,12.29,0,0.15,Y,4,2024-04-11
22,27600,RENT,3.0,MEDICAL,A,4000,5.42,0,0.14,N,4,2024-03-24
25,38400,OWN,9.0,EDUCATION,A,1000,6.62,0,0.03,N,2,2024-11-18
25,27993,RENT,2.0,MEDICAL,C,4000,12.99,0,0.14,N,2,2024-03-17
25,28000,RENT,6.0,VENTURE,A,4000,6.39,0,0.14,N,3,2024-07-18
24,28000,RENT,8.0,MEDICAL,A,4000,11.013786929274843,0,0.14,N,2,2024-12-04
23,38400,MORTGAGE,7.0,VENTURE,A,2000,11.013786929274843,0,0.05,N,2,2024-11-05
25,28008,RENT,5.0,MEDICAL,B,4000,10.0,0,0.14,N,2,2024-01-07
24,28704,RENT,3.0,DEBTCONSOLIDATION,B,4000,9.63,0,0.14,N,3,2024-01-29
22,38400,OWN,5.0,EDUCATION,C,10000,13.99,0,0.26,N,2,2024-04-15
22,28800,RENT,2.0,DEBTCONSOLIDATION,C,4000,13.48,0,0.14,N,2,2024-01-07
26,38400,OWN,2.0,EDUCATION,B,5550,9.99,0,0.14,N,2,2024-07-30
24,38400,MORTGAGE,7.0,MEDICAL,C,15000,15.23,0,0.39,N,2,2024-03-29
26,38400,OWN,1.0,PERSONAL,B,15500,11.99,0,0.4,N,3,2024-08-28
23,29700,RENT,2.0,VENTURE,B,4000,10.74,0,0.13,N,4,2024-04-25
22,30000,RENT,3.0,EDUCATION,A,4000,7.9,0,0.13,N,3,2024-08-11
24,30000,RENT,2.0,VENTURE,A,4000,5.99,0,0.13,N,2,2024-01-25
24,30000,RENT,1.0,VENTURE,A,4000,7.49,0,0.13,N,4,2024-10-25
24,38400,MORTGAGE,8.0,HOMEIMPROVEMENT,B,10000,10.99,0,0.26,N,2,2024-12-01
25,30000,RENT,6.0,EDUCATION,D,4000,16.49,0,0.13,Y,3,2024-08-13
25,38400,OWN,4.0,VENTURE,C,12500,13.06,0,0.33,Y,2,2024-01-04
25,30000,RENT,4.0,EDUCATION,C,4000,13.49,0,0.13,Y,4,2024-02-19
22,30000,RENT,3.0,PERSONAL,B,4000,11.49,0,0.13,N,3,2024-03-10
22,38400,MORTGAGE,4.0,DEBTCONSOLIDATION,A,10000,5.42,0,0.26,N,2,2024-03-31
23,38400,OWN,5.0,EDUCATION,B,7675,10.0,0,0.2,N,4,2024-12-02
22,30000,RENT,1.0,EDUCATION,C,4000,11.013786929274843,0,0.13,N,3,2024-06-20
25,38400,MORTGAGE,2.0,DEBTCONSOLIDATION,A,10000,7.29,0,0.26,N,2,2024-06-09
23,38400,MORTGAGE,7.0,VENTURE,B,5000,10.37,0,0.13,N,4,2024-06-26
26,30000,RENT,4.0,VENTURE,B,4000,10.75,0,0.13,N,3,2024-02-11
25,38400,MORTGAGE,5.0,MEDICAL,A,5700,6.17,0,0.15,N,2,2024-02-10
26,32400,MORTGAGE,10.0,MEDICAL,D,10000,11.013786929274843,1,0.31,Y,4,2024-06-07
22,30000,RENT,1.0,PERSONAL,C,4000,11.013786929274843,0,0.13,N,4,2024-12-09
26,38400,MORTGAGE,5.0,DEBTCONSOLIDATION,A,6000,7.51,0,0.16,N,3,2024-09-27
26,30000,RENT,1.0,PERSONAL,B,4000,11.83,1,0.13,N,4,2024-11-01
25,30000,RENT,6.0,EDUCATION,B,4000,9.76,0,0.13,N,3,2024-07-16
24,30000,RENT,1.0,EDUCATION,C,4000,11.34,0,0.13,N,3,2024-01-05
25,30900,RENT,1.0,VENTURE,D,4000,12.61,1,0.13,N,3,2024-07-26
24,38400,MORTGAGE,7.0,EDUCATION,C,10000,14.72,0,0.26,N,2,2024-08-22
26,31104,RENT,1.0,DEBTCONSOLIDATION,B,4000,9.99,0,0.13,N,3,2024-07-10
24,31200,RENT,3.0,DEBTCONSOLIDATION,B,4000,12.42,0,0.13,N,4,2024-07-07
25,38400,MORTGAGE,9.0,VENTURE,B,12000,10.38,0,0.31,N,3,2024-12-04
22,38400,OWN,6.0,PERSONAL,C,10000,14.72,0,0.26,N,3,2024-10-11
22,38400,MORTGAGE,6.0,PERSONAL,A,8500,7.14,0,0.22,N,3,2024-09-12
23,31200,RENT,2.0,DEBTCONSOLIDATION,A,4000,8.59,0,0.13,N,3,2024-09-15
24,31609,RENT,4.0,MEDICAL,C,4000,13.92,0,0.13,Y,4,2024-02-16
23,38400,MORTGAGE,5.0,EDUCATION,A,10000,7.14,0,0.26,N,3,2024-10-11
25,32000,RENT,1.0,MEDICAL,B,4000,11.49,0,0.13,N,4,2024-11-07
24,32000,RENT,2.0,HOMEIMPROVEMENT,E,4000,17.93,1,0.13,N,3,2024-10-26
26,32400,RENT,9.0,MEDICAL,C,4000,14.27,0,0.12,N,2,2024-08-08
25,32400,RENT,6.0,MEDICAL,B,4000,10.08,0,0.12,N,2,2024-09-11
24,32500,RENT,5.0,MEDICAL,D,4000,16.29,0,0.12,Y,3,2024-10-15
23,32535,RENT,6.0,PERSONAL,B,4000,11.013786929274843,0,0.12,N,2,2024-09-04
23,38400,OWN,7.0,PERSONAL,D,6000,13.24,0,0.16,Y,3,2024-04-30
25,32640,RENT,4.0,DEBTCONSOLIDATION,C,4000,12.73,0,0.12,Y,4,2024-10-18
23,32993,RENT,6.0,MEDICAL,B,4000,11.71,1,0.12,N,4,2024-08-15
22,38423,MORTGAGE,6.0,EDUCATION,A,2000,8.49,0,0.05,N,3,2024-05-03
24,38450,MORTGAGE,6.0,PERSONAL,A,5500,7.49,0,0.14,N,4,2024-01-24
22,32484,MORTGAGE,6.0,HOMEIMPROVEMENT,A,6250,7.51,1,0.19,N,4,2024-06-22
23,38492,MORTGAGE,7.0,MEDICAL,B,6500,11.013786929274843,0,0.17,N,4,2024-01-18
25,38496,MORTGAGE,7.0,EDUCATION,A,8000,6.03,0,0.21,N,4,2024-10-13
26,32496,MORTGAGE,8.0,DEBTCONSOLIDATION,D,4200,16.02,1,0.13,N,3,2024-02-20
22,33000,RENT,5.0,DEBTCONSOLIDATION,A,4000,7.88,0,0.12,N,4,2024-10-29
23,33000,RENT,3.0,DEBTCONSOLIDATION,B,4000,10.96,0,0.12,N,4,2024-11-24
26,33227,RENT,2.0,EDUCATION,B,4000,9.88,0,0.12,N,3,2024-07-20
23,34000,RENT,4.0,MEDICAL,B,4000,12.69,0,0.12,N,2,2024-06-23
24,38500,MORTGAGE,5.0,PERSONAL,C,2500,11.013786929274843,0,0.06,N,4,2024-01-29
23,38500,MORTGAGE,2.0,DEBTCONSOLIDATION,A,3000,11.013786929274843,0,0.08,N,2,2024-11-04
25,34200,RENT,1.0,EDUCATION,B,4000,11.013786929274843,0,0.12,N,2,2024-12-08
23,34500,RENT,3.0,DEBTCONSOLIDATION,B,4000,11.49,0,0.12,N,4,2024-07-03
22,38628,MORTGAGE,6.0,DEBTCONSOLIDATION,B,4800,9.99,0,0.12,N,4,2024-01-08
22,32644,MORTGAGE,6.0,VENTURE,E,13750,16.45,1,0.42,Y,4,2024-07-02
23,38667,MORTGAGE,2.0,MEDICAL,C,4800,11.91,0,0.12,N,4,2024-04-01
25,35000,RENT,4.0,VENTURE,D,4000,16.29,0,0.11,Y,2,2024-10-15
25,29000,RENT,1.0,HOMEIMPROVEMENT,D,4000,14.54,1,0.14,Y,3,2024-07-03
25,35000,RENT,4.0,EDUCATION,A,4000,7.51,0,0.11,N,3,2024-10-20
25,38880,MORTGAGE,1.0,PERSONAL,A,9500,7.51,0,0.24,N,4,2024-12-29
22,29000,RENT,5.0,EDUCATION,D,4000,15.33,1,0.14,Y,4,2024-07-13
24,29000,RENT,1.0,MEDICAL,B,4000,9.96,1,0.14,N,3,2024-10-18
26,38904,MORTGAGE,1.0,HOMEIMPROVEMENT,B,10000,12.21,0,0.26,N,2,2024-03-31
25,35500,RENT,5.0,MEDICAL,B,4000,10.99,0,0.11,N,3,2024-10-08
24,39000,MORTGAGE,8.0,VENTURE,A,1200,11.013786929274843,0,0.03,N,2,2024-01-17
26,30000,RENT,3.0,MEDICAL,C,4000,14.27,1,0.13,Y,2,2024-11-03
22,36000,RENT,6.0,VENTURE,B,4000,11.013786929274843,0,0.11,N,4,2024-04-21
22,36000,RENT,3.0,EDUCATION,A,4000,5.42,0,0.11,N,2,2024-01-24
25,36000,RENT,2.0,PERSONAL,C,4000,13.61,0,0.11,Y,3,2024-10-17
22,30000,RENT,1.0,EDUCATION,D,4000,14.96,1,0.13,Y,2,2024-12-18
22,37000,RENT,2.0,EDUCATION,B,4000,10.95,0,0.11,N,2,2024-01-04
23,38000,RENT,3.0,MEDICAL,C,4000,14.26,0,0.11,N,4,2024-04-01
22,39000,MORTGAGE,4.0,PERSONAL,B,3250,10.99,0,0.08,N,2,2024-12-24
25,39000,MORTGAGE,9.0,HOMEIMPROVEMENT,C,3000,13.99,0,0.08,Y,3,2024-03-08
22,38400,RENT,5.0,EDUCATION,B,4000,10.59,0,0.1,N,3,2024-04-20
23,38400,RENT,7.0,PERSONAL,B,4000,10.59,0,0.1,N,2,2024-12-11
22,38400,RENT,4.0,EDUCATION,C,4000,12.99,0,0.1,N,2,2024-02-23
24,38400,RENT,4.0,DEBTCONSOLIDATION,A,4000,7.29,0,0.1,N,3,2024-08-12
22,32400,RENT,4.0,VENTURE,D,4000,11.013786929274843,1,0.12,Y,2,2024-07-26
25,38400,RENT,2.0,EDUCATION,B,4000,12.53,0,0.1,N,4,2024-09-13
25,39000,RENT,4.0,MEDICAL,A,4000,7.88,0,0.1,N,4,2024-10-08
24,39000,RENT,3.0,MEDICAL,D,4000,14.61,0,0.1,Y,4,2024-12-25
24,39000,MORTGAGE,3.0,HOMEIMPROVEMENT,A,5600,5.42,0,0.14,N,4,2024-05-27
23,39000,MORTGAGE,3.0,EDUCATION,C,5000,12.98,0,0.13,N,4,2024-12-24
26,39000,MORTGAGE,10.0,VENTURE,A,9500,6.91,0,0.24,N,3,2024-04-04
25,39000,MORTGAGE,9.0,MEDICAL,A,4500,6.54,0,0.12,N,4,2024-11-25
25,39000,MORTGAGE,6.0,DEBTCONSOLIDATION,A,6000,7.51,0,0.15,N,2,2024-03-03
22,40000,RENT,1.0,EDUCATION,B,4000,12.69,0,0.1,N,3,2024-02-29
23,40000,RENT,3.0,EDUCATION,C,4000,13.8,0,0.1,Y,3,2024-01-05
24,40000,RENT,3.0,DEBTCONSOLIDATION,A,4000,5.42,0,0.1,N,2,2024-10-20
23,39000,MORTGAGE,8.0,EDUCATION,A,10000,7.51,0,0.26,N,2,2024-05-09
22,39000,MORTGAGE,6.0,PERSONAL,A,10750,11.013786929274843,0,0.28,N,3,2024-07-23
22,40000,RENT,2.0,EDUCATION,A,4000,11.013786929274843,0,0.1,N,2,2024-08-03
22,40000,RENT,2.0,PERSONAL,B,4000,11.49,0,0.1,N,4,2024-02-01
26,40200,RENT,1.0,EDUCATION,A,4000,6.76,0,0.1,N,4,2024-01-02
23,35000,RENT,2.0,HOMEIMPROVEMENT,B,4000,12.18,1,0.11,N,4,2024-04-28
23,41004,RENT,1.0,MEDICAL,A,4000,7.68,0,0.1,N,4,2024-01-01
24,41160,RENT,2.0,MEDICAL,A,4000,11.013786929274843,0,0.1,N,4,2024-03-28
24,35200,RENT,1.0,MEDICAL,D,4000,16.0,1,0.11,Y,3,2024-07-16
26,33000,MORTGAGE,1.0,DEBTCONSOLIDATION,C,12000,10.91,1,0.36,Y,3,2024-12-27
23,36000,RENT,7.0,MEDICAL,B,4000,10.99,1,0.11,N,4,2024-01-03
23,39120,OWN,4.0,MEDICAL,B,7000,11.71,0,0.18,N,3,2024-10-18
22,39124,OWN,6.0,VENTURE,A,5000,7.74,0,0.13,N,4,2024-01-27
25,33168,MORTGAGE,9.0,PERSONAL,C,6000,15.96,1,0.18,N,4,2024-05-26
26,36000,RENT,2.0,PERSONAL,D,4000,14.54,1,0.11,N,2,2024-10-19
22,42000,RENT,4.0,VENTURE,D,4000,14.09,0,0.1,N,4,2024-11-03
22,42000,RENT,3.0,MEDICAL,B,4000,8.88,0,0.1,N,4,2024-06-12
23,39216,MORTGAGE,5.0,VENTURE,C,10000,13.49,0,0.25,N,3,2024-12-17
23,42000,RENT,2.0,VENTURE,A,4000,5.79,0,0.1,N,4,2024-08-15
22,39300,MORTGAGE,6.0,MEDICAL,B,7000,9.62,0,0.18,N,4,2024-10-29
22,39300,MORTGAGE,5.0,EDUCATION,D,5325,14.59,0,0.14,Y,3,2024-10-22
22,42996,RENT,3.0,EDUCATION,C,4000,11.013786929274843,0,0.09,N,4,2024-06-20
22,39396,MORTGAGE,1.0,EDUCATION,A,5000,6.62,0,0.13,N,4,2024-06-13
24,43000,RENT,8.0,VENTURE,B,4000,12.69,0,0.09,N,2,2024-09-28
24,39456,OWN,8.0,PERSONAL,A,1325,6.62,0,0.03,N,2,2024-09-06
23,39456,OWN,7.0,EDUCATION,A,14000,7.29,0,0.35,N,3,2024-12-02
25,43000,RENT,9.0,MEDICAL,C,4000,12.99,0,0.09,N,4,2024-01-11
26,39600,RENT,3.0,EDUCATION,A,4000,5.79,1,0.1,N,4,2024-07-13
25,45600,RENT,2.0,MEDICAL,A,4000,6.54,0,0.09,N,3,2024-03-26
23,39500,MORTGAGE,3.0,DEBTCONSOLIDATION,C,10000,14.22,0,0.25,Y,2,2024-02-04
22,41000,RENT,7.0,PERSONAL,A,4000,7.51,1,0.1,N,3,2024-04-08
23,47000,RENT,3.0,DEBTCONSOLIDATION,A,4000,11.013786929274843,0,0.09,N,4,2024-01-12
25,41000,RENT,1.0,PERSONAL,D,4000,14.84,1,0.1,Y,4,2024-12-10
22,47004,RENT,2.0,PERSONAL,A,4000,11.013786929274843,0,0.09,N,3,2024-05-28
23,47004,RENT,3.0,EDUCATION,C,4000,12.53,0,0.09,Y,4,2024-09-01
24,47088,RENT,8.0,DEBTCONSOLIDATION,A,4000,6.62,0,0.08,N,4,2024-08-13
22,48000,RENT,6.0,EDUCATION,B,4000,9.91,0,0.08,N,3,2024-06-28
22,48000,RENT,3.0,EDUCATION,A,4000,11.013786929274843,0,0.08,N,4,2024-11-13
26,48000,RENT,3.0,VENTURE,A,4000,5.79,0,0.08,N,2,2024-04-26
25,39600,MORTGAGE,5.0,HOMEIMPROVEMENT,B,4800,12.42,0,0.12,N,4,2024-05-06
24,42000,RENT,8.0,HOMEIMPROVEMENT,B,4000,11.86,1,0.1,N,2,2024-06-12
24,42000,RENT,2.0,HOMEIMPROVEMENT,C,4000,12.73,1,0.1,Y,3,2024-11-01
25,39600,MORTGAGE,9.0,PERSONAL,B,5000,8.88,0,0.13,N,3,2024-10-15
23,39600,MORTGAGE,7.0,MEDICAL,A,6000,7.88,0,0.15,N,3,2024-04-11
23,39600,MORTGAGE,8.0,EDUCATION,A,8250,9.32,0,0.21,N,2,2024-08-10
24,44000,RENT,1.0,DEBTCONSOLIDATION,D,4000,17.58,1,0.09,N,2,2024-09-23
24,50000,RENT,1.0,HOMEIMPROVEMENT,A,4000,5.42,0,0.08,N,2,2024-12-11
26,39672,MORTGAGE,10.0,PERSONAL,D,11500,15.7,0,0.29,N,4,2024-07-08
23,39689,OWN,1.0,VENTURE,C,13000,13.57,0,0.33,Y,2,2024-02-27
23,39700,MORTGAGE,8.0,EDUCATION,A,8400,7.51,0,0.21,N,4,2024-12-26
24,50000,RENT,6.0,PERSONAL,A,4000,7.66,0,0.08,N,4,2024-08-19
25,50000,RENT,2.0,DEBTCONSOLIDATION,B,4000,10.37,0,0.08,N,2,2024-09-24
23,50000,RENT,1.0,MEDICAL,A,4000,5.42,0,0.08,N,2,2024-05-06
23,39800,MORTGAGE,5.0,MEDICAL,B,9750,10.99,0,0.24,N,3,2024-09-13
25,50000,RENT,6.0,MEDICAL,A,4000,6.92,0,0.08,N,4,2024-12-17
23,50000,RENT,3.0,EDUCATION,C,4000,12.61,0,0.08,Y,2,2024-12-19
24,50000,RENT,1.0,VENTURE,A,4000,7.88,0,0.08,N,3,2024-09-28
22,39875,MORTGAGE,5.0,VENTURE,B,10000,11.013786929274843,0,0.25,N,3,2024-01-12
23,50000,RENT,4.0,VENTURE,D,4000,14.96,0,0.08,N,3,2024-04-15
22,50000,RENT,7.0,MEDICAL,A,4000,7.4,0,0.08,N,2,2024-04-06
25,50000,RENT,3.0,EDUCATION,D,4000,14.61,0,0.08,N,2,2024-05-20
22,50004,RENT,2.0,DEBTCONSOLIDATION,A,4000,6.92,0,0.08,N,2,2024-06-06
24,50004,RENT,5.0,EDUCATION,A,4000,7.88,0,0.08,N,2,2024-07-12
22,44582,RENT,6.0,HOMEIMPROVEMENT,A,4000,5.99,1,0.09,N,4,2024-10-10
26,39990,MORTGAGE,3.0,HOMEIMPROVEMENT,C,2400,14.27,0,0.06,Y,2,2024-06-10
22,39996,MORTGAGE,7.0,MEDICAL,B,6000,12.42,0,0.15,N,4,2024-07-23
24,39996,MORTGAGE,1.0,PERSONAL,B,3000,9.91,0,0.08,N,4,2024-02-12
23,51600,RENT,6.0,PERSONAL,B,4000,9.91,0,0.08,N,3,2024-11-10
24,39996,MORTGAGE,4.0,EDUCATION,C,5000,14.82,0,0.13,Y,3,2024-04-21
23,51996,RENT,7.0,DEBTCONSOLIDATION,C,4000,13.98,0,0.08,Y,2,2024-06-06
24,52000,RENT,3.0,DEBTCONSOLIDATION,B,4000,10.37,0,0.08,N,3,2024-04-22
23,39996,OWN,1.0,MEDICAL,B,11000,9.63,0,0.28,N,3,2024-03-03
24,52000,RENT,3.0,MEDICAL,B,4000,9.88,0,0.08,N,2,2024-06-13
25,46392,RENT,9.0,DEBTCONSOLIDATION,D,4000,16.32,1,0.09,Y,3,2024-03-30
26,52800,RENT,1.0,PERSONAL,A,4000,11.013786929274843,0,0.08,N,3,2024-03-11
24,53636,RENT,8.0,EDUCATION,B,4000,10.62,0,0.07,N,2,2024-12-22
23,48000,RENT,8.0,PERSONAL,B,4000,10.37,1,0.08,N,3,2024-07-12
25,54000,RENT,2.0,EDUCATION,B,4000,11.89,0,0.07,N,2,2024-07-23
22,39996,OWN,5.0,EDUCATION,C,3500,11.013786929274843,0,0.09,N,2,2024-08-24
23,55000,RENT,8.0,MEDICAL,B,4000,10.99,0,0.07,N,2,2024-05-26
23,55000,RENT,5.0,PERSONAL,B,4000,11.86,0,0.07,N,4,2024-01-03
23,55000,RENT,4.0,MEDICAL,B,4000,12.53,0,0.07,N,2,2024-10-15
23,56000,RENT,7.0,VENTURE,C,4000,15.23,0,0.07,Y,4,2024-02-16
23,39996,MORTGAGE,5.0,EDUCATION,A,10000,7.51,0,0.25,N,3,2024-07-02
22,57000,RENT,6.0,VENTURE,B,4000,11.013786929274843,0,0.07,N,2,2024-04-21
23,57500,RENT,1.0,VENTURE,B,4000,8.88,0,0.07,N,2,2024-05-05
23,39996,MORTGAGE,3.0,EDUCATION,A,3600,7.51,0,0.09,N,4,2024-06-22
23,57600,RENT,1.0,DEBTCONSOLIDATION,A,4000,7.75,0,0.07,N,2,2024-10-14
26,39996,OWN,10.0,VENTURE,C,7000,13.57,0,0.18,Y,3,2024-02-13
23,58000,RENT,1.0,VENTURE,B,4000,10.74,0,0.07,N,2,2024-11-29
22,58000,RENT,5.0,EDUCATION,B,4000,10.0,0,0.07,N,4,2024-08-25
23,58320,RENT,4.0,MEDICAL,B,4000,10.37,0,0.07,N,2,2024-07-12
22,39996,MORTGAGE,6.0,DEBTCONSOLIDATION,A,6000,8.0,0,0.15,N,3,2024-09-09
26,52800,RENT,4.0,PERSONAL,B,4000,9.99,1,0.08,N,3,2024-04-14
25,39996,MORTGAGE,7.0,VENTURE,B,3200,11.013786929274843,0,0.08,N,4,2024-12-31
22,60000,RENT,6.0,EDUCATION,A,4000,7.51,0,0.07,N,3,2024-05-03
23,60000,RENT,7.0,EDUCATION,D,4000,15.33,0,0.07,Y,2,2024-05-20
23,60000,RENT,1.0,EDUCATION,B,4000,11.83,0,0.07,N,3,2024-08-01
22,60000,RENT,6.0,PERSONAL,B,4000,12.21,0,0.07,N,3,2024-12-17
24,39996,MORTGAGE,8.0,DEBTCONSOLIDATION,C,7500,12.22,0,0.19,N,4,2024-04-27
26,62000,RENT,1.0,EDUCATION,C,4000,13.06,0,0.06,Y,2,2024-02-12
26,39996,MORTGAGE,10.0,VENTURE,A,6500,8.32,0,0.16,N,3,2024-12-22
23,62000,RENT,3.0,PERSONAL,C,4000,10.59,0,0.06,Y,3,2024-09-30
25,62500,RENT,9.0,EDUCATION,A,4000,8.9,0,0.06,N,3,2024-06-12
25,62500,RENT,6.0,DEBTCONSOLIDATION,B,4000,10.37,0,0.06,N,3,2024-05-05
22,63000,RENT,5.0,EDUCATION,B,4000,11.013786929274843,0,0.06,N,4,2024-12-23
22,40000,MORTGAGE,6.0,PERSONAL,B,14400,12.69,0,0.36,N,3,2024-08-19
22,40000,MORTGAGE,6.0,MEDICAL,A,9875,7.9,0,0.25,N,4,2024-07-27
25,65000,RENT,3.0,PERSONAL,A,4000,6.62,0,0.06,N,2,2024-10-29
26,40000,MORTGAGE,10.0,HOMEIMPROVEMENT,C,12000,13.49,0,0.3,N,2,2024-07-22
24,65000,RENT,1.0,MEDICAL,A,4000,5.42,0,0.06,N,2,2024-11-09
23,65000,RENT,1.0,PERSONAL,A,4000,7.49,0,0.06,N,4,2024-08-11
25,65499,RENT,9.0,VENTURE,C,4000,12.23,0,0.06,N,4,2024-03-22
23,40000,MORTGAGE,5.0,EDUCATION,B,18000,9.91,0,0.45,N,2,2024-01-29
23,61000,RENT,2.0,DEBTCONSOLIDATION,D,4000,16.0,1,0.07,Y,4,2024-10-10
24,67200,RENT,5.0,HOMEIMPROVEMENT,D,4000,11.013786929274843,0,0.06,Y,2,2024-12-26
23,67450,RENT,8.0,EDUCATION,A,4000,6.76,0,0.06,N,3,2024-03-07
22,40000,MORTGAGE,5.0,DEBTCONSOLIDATION,C,12000,13.49,0,0.3,N,2,2024-07-07
22,63000,RENT,6.0,HOMEIMPROVEMENT,B,4000,11.12,1,0.06,N,2,2024-04-05
23,69360,RENT,5.0,DEBTCONSOLIDATION,A,4000,7.74,0,0.06,N,3,2024-08-07
23,63996,RENT,2.0,HOMEIMPROVEMENT,D,4000,11.013786929274843,1,0.06,Y,2,2024-04-07
26,70000,RENT,4.0,DEBTCONSOLIDATION,A,4000,5.99,0,0.06,N,4,2024-09-22
24,70000,RENT,8.0,VENTURE,C,4000,13.49,0,0.06,Y,4,2024-08-12
26,70000,RENT,4.0,VENTURE,C,4000,13.06,0,0.06,Y,4,2024-03-26
26,70000,RENT,5.0,PERSONAL,C,4000,13.85,0,0.06,N,4,2024-03-04
23,34000,MORTGAGE,3.0,VENTURE,C,12000,14.27,1,0.35,N,4,2024-10-12
25,40000,MORTGAGE,9.0,DEBTCONSOLIDATION,C,7100,11.013786929274843,0,0.18,N,2,2024-10-03
24,72000,RENT,4.0,DEBTCONSOLIDATION,A,4000,7.88,0,0.06,N,3,2024-06-02
25,75000,RENT,4.0,PERSONAL,B,4000,11.49,0,0.05,N,2,2024-03-17
22,40000,MORTGAGE,6.0,MEDICAL,A,5000,6.03,0,0.13,N,2,2024-01-21
22,34000,MORTGAGE,6.0,MEDICAL,B,4500,11.71,1,0.13,N,2,2024-03-09
25,40000,MORTGAGE,7.0,EDUCATION,A,2100,6.03,0,0.05,N,2,2024-03-01
23,40000,MORTGAGE,7.0,VENTURE,A,5000,6.62,0,0.13,N,4,2024-05-30
24,40000,MORTGAGE,1.0,MEDICAL,B,7500,12.42,0,0.19,N,4,2024-02-12
23,40000,MORTGAGE,4.0,PERSONAL,B,6000,11.013786929274843,0,0.15,N,2,2024-06-26
22,77250,RENT,3.0,PERSONAL,B,4000,11.71,0,0.05,N,3,2024-10-19
22,78972,RENT,5.0,MEDICAL,C,4000,11.013786929274843,0,0.05,Y,2,2024-07-11
24,40000,MORTGAGE,6.0,EDUCATION,B,5400,12.42,0,0.14,N,3,2024-12-07
25,80000,RENT,2.0,DEBTCONSOLIDATION,B,4000,10.59,0,0.05,N,3,2024-10-17
22,40000,MORTGAGE,2.0,EDUCATION,A,10000,6.03,0,0.25,N,3,2024-02-17
23,80000,RENT,3.0,EDUCATION,D,4000,14.46,0,0.05,Y,4,2024-11-28
22,80000,RENT,6.0,EDUCATION,B,4000,11.12,0,0.05,N,4,2024-07-19
22,40000,MORTGAGE,3.0,MEDICAL,B,6700,10.65,0,0.17,N,4,2024-06-26
24,81996,RENT,1.0,DEBTCONSOLIDATION,C,4000,12.53,0,0.05,N,4,2024-10-25
26,82000,RENT,2.0,EDUCATION,C,4000,13.48,0,0.05,N,2,2024-01-19
26,34000,MORTGAGE,5.0,EDUCATION,B,5500,10.65,1,0.16,N,3,2024-09-14
23,92000,RENT,2.0,EDUCATION,A,4000,5.42,0,0.04,N,2,2024-11-07
24,93000,RENT,8.0,MEDICAL,A,4000,5.42,0,0.04,N,2,2024-03-31
23,95000,RENT,7.0,EDUCATION,B,4000,11.49,0,0.04,N,3,2024-08-17
23,40000,OWN,1.0,VENTURE,B,15000,12.42,0,0.38,N,4,2024-02-06
24,40000,MORTGAGE,3.0,EDUCATION,B,6400,9.91,0,0.16,N,4,2024-03-14
26,98000,RENT,3.0,VENTURE,A,4000,9.32,0,0.04,N,2,2024-02-25
22,40000,MORTGAGE,6.0,MEDICAL,A,7500,7.51,0,0.19,N,3,2024-11-07
23,88000,RENT,4.0,HOMEIMPROVEMENT,A,4000,7.14,1,0.05,N,4,2024-08-15
24,40000,MORTGAGE,8.0,DEBTCONSOLIDATION,A,4500,6.62,0,0.11,N,3,2024-07-12
22,40000,MORTGAGE,3.0,DEBTCONSOLIDATION,A,2000,7.9,0,0.05,N,2,2024-02-01
26,34000,MORTGAGE,3.0,MEDICAL,D,4000,17.58,1,0.12,N,3,2024-02-04
26,131000,RENT,10.0,HOMEIMPROVEMENT,C,4000,12.84,0,0.03,Y,3,2024-08-12
24,15000,RENT,8.0,DEBTCONSOLIDATION,C,4200,13.11,1,0.28,Y,2,2024-05-31
24,16000,RENT,2.0,DEBTCONSOLIDATION,D,4200,11.013786929274843,1,0.26,N,4,2024-10-02
23,21000,RENT,3.0,EDUCATION,A,4200,11.013786929274843,0,0.2,N,3,2024-07-08
24,40000,MORTGAGE,6.0,VENTURE,B,10000,9.91,0,0.25,N,3,2024-06-08
22,22560,RENT,3.0,PERSONAL,D,4200,15.2,1,0.19,Y,4,2024-08-08
23,40000,MORTGAGE,7.0,MEDICAL,A,4000,7.51,0,0.1,N,2,2024-07-13
23,23520,RENT,8.0,MEDICAL,A,4200,11.013786929274843,0,0.18,N,3,2024-11-25
25,24996,RENT,1.0,PERSONAL,C,4200,14.26,0,0.17,Y,2,2024-12-05
25,40000,MORTGAGE,9.0,HOMEIMPROVEMENT,B,8000,11.013786929274843,0,0.2,N,4,2024-06-10
26,29000,RENT,10.0,DEBTCONSOLIDATION,B,4200,11.013786929274843,0,0.14,N,3,2024-01-13
26,30000,RENT,3.0,PERSONAL,B,4200,9.91,0,0.14,N,4,2024-09-09
26,30000,RENT,1.0,EDUCATION,D,4200,16.49,1,0.14,N,3,2024-09-21
25,30000,RENT,3.0,MEDICAL,D,4200,15.99,0,0.14,N,3,2024-01-01
25,12000,RENT,3.0,DEBTCONSOLIDATION,C,4350,12.98,1,0.36,Y,4,2024-06-10
22,22000,RENT,6.0,MEDICAL,C,4350,11.54,0,0.2,N,3,2024-03-09
23,40000,OWN,7.0,MEDICAL,A,5000,8.49,0,0.13,N,4,2024-10-08
23,40000,MORTGAGE,3.0,VENTURE,B,4000,9.99,0,0.1,N,4,2024-02-24
26,40000,MORTGAGE,3.0,MEDICAL,A,2200,8.49,0,0.06,N,3,2024-08-17
23,40000,MORTGAGE,7.0,PERSONAL,B,4000,10.99,0,0.1,N,4,2024-08-06
26,40000,MORTGAGE,6.0,HOMEIMPROVEMENT,B,6000,11.99,0,0.15,N,2,2024-02-13
24,22044,RENT,3.0,HOMEIMPROVEMENT,E,4375,16.4,1,0.2,Y,3,2024-04-26
23,50000,RENT,5.0,DEBTCONSOLIDATION,A,4375,8.49,0,0.09,N,2,2024-10-29
22,19200,RENT,6.0,PERSONAL,B,4400,11.49,1,0.23,N,2,2024-06-23
22,32496,RENT,5.0,PERSONAL,A,4400,8.49,0,0.14,N,4,2024-05-09
23,40000,MORTGAGE,3.0,MEDICAL,A,5000,5.42,0,0.13,N,3,2024-07-03
23,40000,MORTGAGE,7.0,EDUCATION,C,6000,14.79,0,0.15,N,2,2024-06-06
26,40000,MORTGAGE,5.0,EDUCATION,A,7200,7.49,0,0.18,N,2,2024-12-06
22,34000,MORTGAGE,6.0,VENTURE,D,15000,15.99,1,0.44,Y,2,2024-07-09
23,38000,RENT,5.0,VENTURE,B,4400,11.71,0,0.12,N,2,2024-02-03
23,43000,RENT,7.0,MEDICAL,B,4400,11.99,1,0.1,N,4,2024-09-24
22,40000,MORTGAGE,6.0,DEBTCONSOLIDATION,C,5000,12.99,0,0.13,Y,2,2024-01-01
24,49000,RENT,8.0,DEBTCONSOLIDATION,D,4400,16.77,1,0.09,Y,3,2024-03-01
24,72000,RENT,6.0,PERSONAL,A,4400,11.013786929274843,0,0.06,N,4,2024-12-26
24,80000,RENT,7.0,EDUCATION,E,4400,19.03,0,0.06,Y,2,2024-08-27
23,40000,MORTGAGE,7.0,VENTURE,B,13000,9.99,0,0.33,N,3,2024-01-07
26,95459,RENT,10.0,DEBTCONSOLIDATION,C,4400,13.8,0,0.05,N,4,2024-08-21
24,33600,RENT,5.0,PERSONAL,B,4450,11.49,0,0.13,N,4,2024-11-27
24,42200,RENT,5.0,DEBTCONSOLIDATION,A,4450,9.32,0,0.11,N,4,2024-01-05
22,40000,MORTGAGE,5.0,PERSONAL,A,5400,7.42,0,0.14,N,2,2024-08-12
22,40000,MORTGAGE,7.0,EDUCATION,A,14000,7.49,0,0.35,N,3,2024-10-27
25,40000,MORTGAGE,2.0,PERSONAL,B,4500,10.99,0,0.11,N,3,2024-10-01
25,40000,MORTGAGE,9.0,DEBTCONSOLIDATION,C,3500,13.49,0,0.09,N,3,2024-02-05
24,40000,MORTGAGE,3.0,VENTURE,B,3200,10.99,0,0.08,N,2,2024-11-08
23,15600,RENT,1.0,VENTURE,A,4500,5.99,1,0.29,N,4,2024-11-22
25,15600,RENT,3.0,PERSONAL,A,4500,7.51,1,0.29,N,3,2024-03-05
22,40000,MORTGAGE,3.0,DEBTCONSOLIDATION,B,7500,11.49,0,0.19,N,3,2024-07-24
24,40000,OWN,6.0,EDUCATION,A,2800,8.49,0,0.07,N,4,2024-01-17
24,40000,MORTGAGE,5.0,HOMEIMPROVEMENT,A,15000,7.49,0,0.38,N,2,2024-06-24
24,40000,MORTGAGE,5.0,DEBTCONSOLIDATION,B,3000,11.99,0,0.07,N,4,2024-11-13
23,40000,MORTGAGE,6.0,MEDICAL,B,13200,11.013786929274843,0,0.33,N,4,2024-03-26
23,40000,MORTGAGE,2.0,MEDICAL,B,2000,10.99,0,0.05,N,4,2024-07-22
24,40000,MORTGAGE,2.0,HOMEIMPROVEMENT,B,2500,9.99,0,0.06,N,2,2024-09-11
24,18200,RENT,8.0,EDUCATION,A,4500,8.94,1,0.25,N,2,2024-10-06
24,40000,MORTGAGE,6.0,DEBTCONSOLIDATION,A,10000,5.79,0,0.25,N,4,2024-05-17
24,40000,MORTGAGE,9.0,MEDICAL,B,2125,11.11,0,0.05,N,4,2024-09-21
25,21000,RENT,2.0,EDUCATION,E,4500,16.45,1,0.21,Y,4,2024-06-27
22,40000,MORTGAGE,7.0,PERSONAL,A,10850,7.66,0,0.27,N,4,2024-12-22
23,21600,RENT,1.0,EDUCATION,D,4500,15.65,1,0.21,N,2,2024-01-11
23,23421,RENT,3.0,MEDICAL,E,4500,17.99,1,0.19,Y,3,2024-11-21
23,40000,MORTGAGE,6.0,PERSONAL,B,7200,11.11,0,0.18,N,2,2024-06-13
26,24000,RENT,10.0,MEDICAL,B,4500,12.42,0,0.19,N,4,2024-03-27
24,40000,MORTGAGE,6.0,DEBTCONSOLIDATION,B,5000,11.11,0,0.13,N,2,2024-06-04
26,24000,RENT,5.0,VENTURE,A,4500,5.79,0,0.19,N,3,2024-02-27
25,40000,MORTGAGE,1.0,HOMEIMPROVEMENT,A,4000,7.29,0,0.1,N,2,2024-12-02
22,24500,RENT,3.0,DEBTCONSOLIDATION,A,4500,8.94,0,0.18,N,2,2024-08-03
23,25596,RENT,2.0,MEDICAL,B,4500,9.99,0,0.18,N,4,2024-08-30
23,26000,RENT,3.0,MEDICAL,A,4500,8.49,1,0.17,N,2,2024-01-16
25,30996,RENT,9.0,VENTURE,A,4500,6.92,0,0.15,N,3,2024-02-01
23,32400,RENT,4.0,EDUCATION,A,4500,7.49,0,0.14,N,4,2024-11-08
22,40000,MORTGAGE,1.0,EDUCATION,A,4800,5.42,0,0.12,N,2,2024-01-01
22,33000,RENT,2.0,PERSONAL,A,4500,7.88,0,0.14,N,3,2024-08-17
23,33000,RENT,1.0,DEBTCONSOLIDATION,D,4500,15.05,1,0.14,N,4,2024-01-01
22,35000,RENT,2.0,VENTURE,C,4500,14.27,0,0.13,Y,2,2024-03-02
23,35000,RENT,5.0,PERSONAL,B,4500,10.59,0,0.13,N,2,2024-09-14
24,35000,RENT,1.0,MEDICAL,C,4500,12.87,0,0.13,Y,3,2024-07-25
22,40000,MORTGAGE,5.0,MEDICAL,B,8000,10.74,0,0.2,N,3,2024-05-07
23,40000,MORTGAGE,7.0,VENTURE,B,14000,11.013786929274843,0,0.35,N,3,2024-04-12
26,40000,MORTGAGE,5.0,MEDICAL,A,16000,11.013786929274843,0,0.4,N,3,2024-01-03
26,34000,MORTGAGE,4.0,PERSONAL,A,12250,6.91,1,0.36,N,4,2024-03-31
22,36000,RENT,5.0,EDUCATION,A,4500,6.17,0,0.13,N,3,2024-07-06
24,36000,RENT,5.0,VENTURE,A,4500,7.14,0,0.13,N,4,2024-08-27
22,40000,OWN,5.0,MEDICAL,B,6000,9.25,0,0.15,N,3,2024-06-24
22,37342,RENT,3.0,VENTURE,C,4500,11.03,0,0.12,Y,2,2024-09-07
23,40000,MORTGAGE,2.0,MEDICAL,B,7000,8.88,0,0.17,N,3,2024-10-09
22,32000,RENT,5.0,MEDICAL,A,4500,9.63,1,0.14,N,2,2024-03-24
24,38000,RENT,8.0,MEDICAL,B,4500,10.83,0,0.12,N,2,2024-10-28
23,38004,RENT,2.0,EDUCATION,A,4500,7.88,0,0.12,N,2,2024-11-04
24,34000,MORTGAGE,1.0,DEBTCONSOLIDATION,D,7000,14.09,1,0.21,N,2,2024-05-02
24,39000,RENT,2.0,VENTURE,B,4500,10.99,0,0.12,N,4,2024-08-16
22,39996,RENT,2.0,EDUCATION,C,4500,13.43,0,0.11,N,4,2024-12-18
22,40000,RENT,6.0,EDUCATION,A,4500,7.66,0,0.11,N,3,2024-10-08
25,40000,OWN,3.0,EDUCATION,D,12000,14.83,0,0.3,N,4,2024-09-13
24,40000,RENT,8.0,MEDICAL,C,4500,12.84,0,0.11,N,3,2024-05-03
22,40000,MORTGAGE,6.0,VENTURE,B,4000,10.36,0,0.1,N,4,2024-11-11
24,34068,RENT,2.0,EDUCATION,D,4500,14.84,1,0.13,N,3,2024-01-13
23,41000,RENT,6.0,PERSONAL,C,4500,12.99,0,0.11,N,4,2024-09-27
25,40000,MORTGAGE,6.0,MEDICAL,C,5000,12.61,0,0.13,Y,4,2024-08-09
24,40000,MORTGAGE,4.0,MEDICAL,B,3500,8.88,0,0.09,N,2,2024-03-04
26,40000,MORTGAGE,10.0,HOMEIMPROVEMENT,A,5300,5.42,0,0.13,N,2,2024-10-15
22,42000,RENT,2.0,DEBTCONSOLIDATION,B,4500,11.49,0,0.11,N,4,2024-04-03
26,42000,RENT,3.0,PERSONAL,A,4500,7.66,0,0.11,N,2,2024-07-14
26,44004,RENT,2.0,MEDICAL,A,4500,7.74,0,0.1,N,3,2024-08-26
22,40000,MORTGAGE,6.0,PERSONAL,A,4800,11.013786929274843,0,0.12,N,2,2024-02-04
26,48000,RENT,10.0,DEBTCONSOLIDATION,B,4500,11.11,0,0.09,N,4,2024-10-03
22,44000,RENT,3.0,PERSONAL,A,4500,5.79,1,0.1,N,3,2024-03-06
24,40000,OWN,6.0,VENTURE,A,1000,6.76,0,0.03,N,3,2024-06-28
23,52800,RENT,3.0,EDUCATION,A,4500,6.76,0,0.09,N,4,2024-12-27
24,54100,RENT,5.0,PERSONAL,A,4500,7.14,0,0.08,N,4,2024-06-08
22,34000,MORTGAGE,4.0,PERSONAL,D,7750,15.21,1,0.23,N,2,2024-04-10
26,54396,RENT,10.0,MEDICAL,C,4500,11.013786929274843,0,0.08,N,3,2024-06-11
23,40000,MORTGAGE,1.0,PERSONAL,A,4000,7.14,0,0.1,N,3,2024-08-09
24,40000,OWN,4.0,PERSONAL,C,2000,14.35,0,0.05,N,2,2024-05-04
24,55000,RENT,2.0,DEBTCONSOLIDATION,A,4500,7.9,0,0.08,N,2,2024-04-19
23,55000,RENT,4.0,VENTURE,A,4500,8.49,0,0.08,N,3,2024-11-28
22,55000,RENT,4.0,DEBTCONSOLIDATION,A,4500,6.76,0,0.08,N,4,2024-08-26
24,40000,MORTGAGE,2.0,VENTURE,C,15250,13.98,0,0.38,Y,2,2024-07-25
24,40000,MORTGAGE,5.0,VENTURE,A,8000,11.013786929274843,0,0.2,N,4,2024-02-25
26,58947,RENT,10.0,MEDICAL,A,4500,6.03,0,0.08,N,2,2024-04-20
23,59000,RENT,3.0,MEDICAL,C,4500,12.68,0,0.08,Y,3,2024-07-27
23,54000,RENT,5.0,HOMEIMPROVEMENT,A,4500,8.49,1,0.08,N,2,2024-07-13
23,54000,RENT,7.0,EDUCATION,B,4500,11.013786929274843,1,0.08,N,2,2024-11-10
23,62000,RENT,7.0,VENTURE,B,4500,12.42,0,0.07,N,2,2024-03-05
22,40000,MORTGAGE,2.0,PERSONAL,A,8100,7.14,0,0.2,N,3,2024-10-25
25,60000,RENT,9.0,HOMEIMPROVEMENT,B,4500,10.99,1,0.07,N,2,2024-05-06
25,78996,RENT,9.0,EDUCATION,A,4500,8.63,0,0.06,N,2,2024-12-28
25,80000,RENT,8.0,VENTURE,C,4500,13.06,0,0.06,N,2,2024-03-06
25,82560,RENT,6.0,DEBTCONSOLIDATION,A,4500,7.42,0,0.05,N,3,2024-03-15
24,86854,RENT,8.0,VENTURE,A,4500,11.013786929274843,0,0.05,N,4,2024-02-24
24,40000,MORTGAGE,3.0,VENTURE,B,10500,11.36,0,0.26,N,4,2024-05-29
24,40000,MORTGAGE,8.0,PERSONAL,B,10000,9.88,0,0.25,N,2,2024-11-30
25,138000,RENT,1.0,EDUCATION,C,4500,13.43,0,0.03,N,3,2024-06-28
23,20664,RENT,4.0,EDUCATION,C,4550,13.72,0,0.22,Y,3,2024-01-29
22,29976,RENT,6.0,DEBTCONSOLIDATION,C,4550,12.84,0,0.15,N,3,2024-12-31
23,42000,RENT,2.0,EDUCATION,C,4550,15.23,0,0.11,N,4,2024-01-09
26,40000,MORTGAGE,5.0,MEDICAL,B,6000,10.62,0,0.15,N,4,2024-07-13
22,40000,MORTGAGE,6.0,VENTURE,A,4750,11.013786929274843,0,0.12,N,2,2024-08-19
23,40000,RENT,1.0,VENTURE,B,4600,10.59,0,0.12,N,3,2024-07-19
25,40000,MORTGAGE,8.0,DEBTCONSOLIDATION,A,10000,7.14,0,0.25,N,4,2024-11-18
23,46500,RENT,3.0,EDUCATION,D,4600,11.013786929274843,0,0.1,Y,4,2024-10-03
25,40000,MORTGAGE,2.0,DEBTCONSOLIDATION,B,4750,11.013786929274843,0,0.12,N,3,2024-12-26
26,44000,RENT,5.0,DEBTCONSOLIDATION,C,4600,13.99,1,0.1,N,4,2024-08-21
23,52000,RENT,5.0,PERSONAL,D,4600,14.96,1,0.09,N,2,2024-11-05
26,52800,RENT,3.0,DEBTCONSOLIDATION,D,4600,15.62,1,0.09,Y,4,2024-01-13
24,40000,MORTGAGE,8.0,DEBTCONSOLIDATION,A,4000,7.14,0,0.1,N,4,2024-05-27
23,40000,MORTGAGE,3.0,EDUCATION,B,12000,9.88,0,0.3,N,2,2024-01-14
25,34000,MORTGAGE,2.0,HOMEIMPROVEMENT,C,5800,13.48,1,0.17,Y,3,2024-02-28
24,73000,RENT,2.0,MEDICAL,B,4600,9.99,0,0.06,N,2,2024-12-18
24,100000,RENT,1.0,EDUCATION,A,4600,8.49,0,0.05,N,2,2024-04-05
24,40000,MORTGAGE,8.0,DEBTCONSOLIDATION,B,15000,9.88,0,0.38,N,2,2024-12-22
24,40000,MORTGAGE,2.0,VENTURE,B,10000,11.83,0,0.25,N,3,2024-11-24
22,48000,RENT,2.0,MEDICAL,B,4650,10.99,0,0.1,N,4,2024-12-06
24,31776,RENT,6.0,VENTURE,A,4700,8.94,0,0.15,N,3,2024-09-04
24,40000,OWN,1.0,HOMEIMPROVEMENT,A,9000,8.94,0,0.23,N,3,2024-10-23
23,41000,RENT,7.0,PERSONAL,A,4700,7.9,0,0.11,N,2,2024-01-17
26,40000,MORTGAGE,3.0,VENTURE,B,1750,11.83,0,0.04,N,4,2024-05-16
24,45000,RENT,2.0,DEBTCONSOLIDATION,B,4700,10.96,0,0.1,N,2,2024-06-17
24,40000,OWN,8.0,HOMEIMPROVEMENT,C,7500,13.22,0,0.19,N,3,2024-05-02
22,14000,RENT,2.0,PERSONAL,D,4750,14.61,1,0.34,N,4,2024-06-30
26,14040,RENT,1.0,DEBTCONSOLIDATION,B,4750,10.25,1,0.34,N,2,2024-03-10
23,14400,RENT,1.0,EDUCATION,B,4750,11.11,1,0.33,N,2,2024-09-22
25,15600,RENT,1.0,PERSONAL,C,4750,13.85,1,0.3,N,4,2024-09-01
23,40000,OWN,6.0,VENTURE,B,12000,11.14,0,0.3,N,3,2024-07-16
22,20400,RENT,1.0,DEBTCONSOLIDATION,B,4750,11.49,0,0.23,N,2,2024-09-26
25,20400,RENT,3.0,VENTURE,C,4750,12.98,0,0.23,Y,4,2024-09-29
24,40000,MORTGAGE,2.0,DEBTCONSOLIDATION,A,3400,7.4,0,0.09,N,3,2024-10-04
22,21000,RENT,4.0,EDUCATION,D,4750,11.013786929274843,0,0.23,N,2,2024-12-26
25,24000,RENT,9.0,MEDICAL,B,4750,10.38,0,0.2,N,4,2024-06-24
24,24000,RENT,8.0,DEBTCONSOLIDATION,B,4750,10.62,0,0.2,N,3,2024-06-28
24,34000,MORTGAGE,3.0,PERSONAL,D,10000,15.31,1,0.29,Y,2,2024-05-08
24,40000,MORTGAGE,8.0,EDUCATION,D,3000,15.65,0,0.07,N,2,2024-06-25
23,40000,MORTGAGE,1.0,EDUCATION,B,4000,11.48,0,0.1,N,3,2024-04-14
22,13440,RENT,1.0,MEDICAL,B,4800,12.53,1,0.36,N,4,2024-05-23
24,15000,RENT,3.0,PERSONAL,E,4800,16.95,1,0.32,N,3,2024-04-09
24,20000,RENT,5.0,MEDICAL,B,4800,11.14,0,0.24,N,4,2024-02-29
24,40000,MORTGAGE,3.0,VENTURE,A,5000,8.59,0,0.13,N,3,2024-01-24
22,40000,MORTGAGE,6.0,DEBTCONSOLIDATION,A,7000,9.32,0,0.17,N,3,2024-02-29
26,40000,MORTGAGE,6.0,VENTURE,C,10750,12.84,0,0.27,Y,4,2024-04-28
23,40000,MORTGAGE,7.0,EDUCATION,B,3500,12.21,0,0.09,N,3,2024-11-07
22,21000,RENT,5.0,MEDICAL,B,4800,10.75,0,0.23,N,3,2024-04-09
26,40000,MORTGAGE,3.0,VENTURE,A,3250,8.0,0,0.08,N,4,2024-06-07
22,40000,MORTGAGE,6.0,PERSONAL,C,10000,11.013786929274843,0,0.25,Y,3,2024-11-04
22,24000,RENT,6.0,EDUCATION,A,4800,7.49,0,0.2,N,2,2024-09-11
22,24500,RENT,3.0,MEDICAL,B,4800,10.65,0,0.2,N,2,2024-04-21
25,26000,RENT,1.0,PERSONAL,B,4800,10.65,0,0.18,N,4,2024-08-19
22,26004,RENT,5.0,MEDICAL,B,4800,10.99,0,0.18,N,4,2024-08-09
24,26085,RENT,2.0,EDUCATION,C,4800,13.35,0,0.18,Y,3,2024-11-20
22,40000,MORTGAGE,1.0,PERSONAL,E,8000,16.0,0,0.2,Y,3,2024-12-04
26,27880,RENT,1.0,MEDICAL,B,4800,9.25,0,0.17,N,4,2024-03-26
22,29000,RENT,6.0,MEDICAL,C,4800,12.99,0,0.17,Y,4,2024-08-27
25,34000,MORTGAGE,8.0,HOMEIMPROVEMENT,B,3000,10.51,1,0.09,N,3,2024-05-13
22,29534,RENT,1.0,EDUCATION,B,4800,11.99,0,0.16,N,4,2024-06-06
23,40000,MORTGAGE,1.0,VENTURE,B,1200,10.83,0,0.03,N,2,2024-08-09
24,30000,RENT,5.0,EDUCATION,A,4800,6.99,0,0.16,N,4,2024-06-09
23,30000,RENT,6.0,EDUCATION,A,4800,7.49,0,0.16,N,3,2024-07-24
24,30000,RENT,8.0,VENTURE,B,4800,11.49,0,0.16,N,2,2024-12-08
26,40000,MORTGAGE,10.0,VENTURE,B,5200,10.08,0,0.13,N,3,2024-06-26
25,30000,RENT,5.0,DEBTCONSOLIDATION,C,4800,11.22,0,0.16,Y,3,2024-12-02
24,40000,OWN,4.0,MEDICAL,A,1000,7.37,0,0.03,N,2,2024-11-16
22,40000,MORTGAGE,5.0,MEDICAL,A,5000,7.68,0,0.13,N,4,2024-12-08
24,32000,RENT,6.0,MEDICAL,B,4800,10.59,0,0.15,N,2,2024-12-30
22,32000,RENT,3.0,DEBTCONSOLIDATION,D,4800,16.49,1,0.15,Y,2,2024-11-18
22,40000,MORTGAGE,5.0,DEBTCONSOLIDATION,B,8000,9.76,0,0.2,N,4,2024-02-24
22,32000,RENT,1.0,EDUCATION,C,4800,13.61,0,0.15,N,4,2024-01-19
23,32640,RENT,5.0,VENTURE,B,4800,11.99,0,0.15,N,2,2024-10-07
26,33000,RENT,6.0,EDUCATION,B,4800,12.69,0,0.15,N,4,2024-08-05
22,33000,RENT,3.0,MEDICAL,A,4800,7.49,0,0.15,N,4,2024-07-23
22,40000,MORTGAGE,1.0,EDUCATION,B,13025,10.14,0,0.33,N,3,2024-09-14
24,33000,RENT,4.0,MEDICAL,D,4800,14.91,1,0.15,Y,4,2024-01-02
24,40000,OWN,6.0,MEDICAL,D,5000,11.86,0,0.13,N,4,2024-06-19
23,33000,RENT,5.0,DEBTCONSOLIDATION,D,4800,14.54,1,0.15,Y,3,2024-08-13
25,34000,MORTGAGE,2.0,VENTURE,C,15450,11.22,1,0.45,N,4,2024-04-26
22,40058,MORTGAGE,5.0,VENTURE,B,6000,9.91,0,0.15,N,2,2024-04-19
22,35000,RENT,3.0,EDUCATION,A,4800,5.42,0,0.14,N,3,2024-10-05
25,35000,RENT,9.0,VENTURE,B,4800,11.14,0,0.14,N,2,2024-03-22
25,35000,RENT,1.0,MEDICAL,C,4800,10.28,0,0.14,N,2,2024-04-03
23,40104,OTHER,7.0,EDUCATION,C,10000,12.72,0,0.25,Y,2,2024-06-17
24,40113,MORTGAGE,6.0,HOMEIMPROVEMENT,A,5000,7.14,0,0.12,N,2,2024-03-04
22,30000,RENT,4.0,PERSONAL,C,4800,11.013786929274843,1,0.16,N,3,2024-11-28
22,40269,MORTGAGE,6.0,DEBTCONSOLIDATION,C,6625,15.23,0,0.16,Y,3,2024-10-18
26,40272,MORTGAGE,3.0,EDUCATION,B,10000,11.86,0,0.25,N,3,2024-04-30
23,40308,MORTGAGE,1.0,EDUCATION,A,5000,7.68,0,0.12,N,4,2024-09-11
25,38000,RENT,9.0,MEDICAL,B,4800,11.71,0,0.13,N,4,2024-06-01
22,32400,RENT,7.0,PERSONAL,C,4800,13.98,1,0.15,Y,2,2024-07-13
26,39996,RENT,5.0,EDUCATION,C,4800,12.99,0,0.12,N,4,2024-01-12
22,40499,MORTGAGE,7.0,MEDICAL,B,11500,11.83,0,0.28,N,4,2024-12-25
24,40800,RENT,5.0,MEDICAL,C,4800,13.85,0,0.12,Y,3,2024-04-21
22,41300,RENT,6.0,EDUCATION,B,4800,11.89,0,0.12,N,3,2024-04-12
25,40500,MORTGAGE,5.0,HOMEIMPROVEMENT,B,6500,9.63,0,0.16,N,4,2024-03-20
22,41504,RENT,6.0,EDUCATION,C,4800,12.99,0,0.12,N,4,2024-05-28
22,42000,RENT,4.0,DEBTCONSOLIDATION,C,4800,14.35,0,0.11,N,4,2024-12-21
25,42000,RENT,2.0,DEBTCONSOLIDATION,C,4800,13.22,0,0.11,N,4,2024-07-24
22,42996,RENT,3.0,PERSONAL,C,4800,11.03,0,0.11,N,4,2024-08-14
22,40542,MORTGAGE,6.0,VENTURE,A,6250,11.013786929274843,0,0.15,N,2,2024-08-12
25,45000,RENT,9.0,EDUCATION,A,4800,7.51,0,0.11,N,3,2024-08-17
26,45000,RENT,1.0,MEDICAL,A,4800,5.42,0,0.11,N,2,2024-09-12
26,40610,MORTGAGE,7.0,HOMEIMPROVEMENT,A,3500,7.14,0,0.09,N,4,2024-11-21
26,40720,MORTGAGE,4.0,PERSONAL,C,10000,13.48,0,0.25,Y,3,2024-03-06
26,45000,RENT,2.0,PERSONAL,C,4800,13.06,0,0.11,Y,4,2024-03-02
22,40800,MORTGAGE,7.0,EDUCATION,C,17050,11.013786929274843,0,0.42,Y,2,2024-01-02
23,45000,RENT,4.0,PERSONAL,C,4800,13.98,0,0.11,Y,2,2024-08-28
23,45000,RENT,2.0,EDUCATION,C,4800,13.22,0,0.11,Y,4,2024-01-28
25,45000,RENT,2.0,PERSONAL,B,4800,9.45,0,0.11,N,4,2024-04-07
26,45243,RENT,3.0,VENTURE,B,4800,9.25,0,0.11,N,2,2024-04-18
24,45840,RENT,2.0,DEBTCONSOLIDATION,A,4800,7.49,0,0.1,N,2,2024-08-26
22,40800,MORTGAGE,6.0,PERSONAL,A,7975,5.79,0,0.2,N,3,2024-06-17
25,40800,MORTGAGE,9.0,MEDICAL,B,9700,9.63,0,0.24,N,4,2024-10-14
23,40800,MORTGAGE,4.0,MEDICAL,B,10400,10.0,0,0.25,N,2,2024-05-17
23,48000,RENT,6.0,VENTURE,A,4800,7.9,0,0.1,N,3,2024-05-25
24,40800,MORTGAGE,8.0,EDUCATION,A,1200,11.013786929274843,0,0.03,N,3,2024-01-12
26,42000,RENT,2.0,VENTURE,C,4800,14.27,1,0.11,N,2,2024-11-06
24,42000,RENT,2.0,EDUCATION,C,4800,15.23,1,0.11,Y,2,2024-12-15
22,40800,OWN,6.0,VENTURE,C,10000,12.61,0,0.25,Y,2,2024-02-16
23,48000,RENT,3.0,MEDICAL,A,4800,5.42,0,0.1,N,3,2024-06-09
25,48000,RENT,9.0,MEDICAL,B,4800,11.013786929274843,0,0.1,N,3,2024-01-29
26,40800,MORTGAGE,3.0,PERSONAL,A,7500,7.88,0,0.18,N,2,2024-03-14
23,48600,RENT,2.0,DEBTCONSOLIDATION,B,4800,10.36,0,0.1,N,3,2024-02-11
23,48756,RENT,5.0,MEDICAL,B,4800,11.36,0,0.1,N,4,2024-09-19
23,40800,MORTGAGE,3.0,MEDICAL,A,10000,7.14,0,0.25,N,2,2024-01-26
23,40800,MORTGAGE,1.0,EDUCATION,B,16000,11.013786929274843,0,0.39,N,4,2024-05-28
25,50000,RENT,8.0,EDUCATION,C,4800,15.96,0,0.1,N,2,2024-09-16
24,40800,MORTGAGE,1.0,EDUCATION,D,6000,12.92,0,0.15,N,3,2024-07-14
25,50000,RENT,5.0,VENTURE,B,4800,10.99,0,0.1,N,4,2024-08-21
22,40872,MORTGAGE,6.0,EDUCATION,B,13750,10.83,0,0.34,N,4,2024-07-28
23,40900,OWN,5.0,MEDICAL,B,12200,11.36,0,0.3,N,4,2024-12-07
22,34900,MORTGAGE,4.0,DEBTCONSOLIDATION,D,3600,15.7,1,0.1,N,4,2024-08-02
23,34900,MORTGAGE,2.0,MEDICAL,F,4000,11.013786929274843,1,0.11,Y,4,2024-10-28
23,50000,RENT,7.0,EDUCATION,B,4800,10.37,0,0.1,N,3,2024-12-26
22,50000,RENT,7.0,MEDICAL,C,4800,12.68,0,0.1,N,3,2024-05-15
24,50000,RENT,2.0,VENTURE,C,4800,13.22,0,0.1,N,4,2024-09-20
26,52000,RENT,2.0,EDUCATION,B,4800,9.99,0,0.09,N,2,2024-03-04
23,52000,RENT,3.0,EDUCATION,B,4800,9.88,0,0.09,N,2,2024-09-20
24,55000,RENT,8.0,PERSONAL,A,4800,6.92,0,0.09,N,3,2024-03-22
25,49000,RENT,3.0,MEDICAL,D,4800,14.96,1,0.1,Y,2,2024-06-30
23,41000,MORTGAGE,7.0,EDUCATION,A,6000,6.03,0,0.15,N,4,2024-09-17
25,55200,RENT,2.0,MEDICAL,A,4800,7.9,0,0.09,N,3,2024-02-12
22,41000,MORTGAGE,6.0,EDUCATION,A,12000,6.03,0,0.29,N,2,2024-11-22
23,56928,RENT,3.0,PERSONAL,B,4800,10.38,0,0.08,N,3,2024-08-09
26,52000,RENT,6.0,MEDICAL,E,4800,17.99,1,0.09,N,4,2024-02-21
26,41000,MORTGAGE,5.0,PERSONAL,A,8000,6.03,0,0.2,N,3,2024-03-05
26,53000,RENT,2.0,PERSONAL,D,4800,15.62,1,0.09,Y,3,2024-02-14
26,60000,RENT,1.0,HOMEIMPROVEMENT,A,4800,7.9,0,0.08,N,3,2024-01-06
24,60000,RENT,4.0,HOMEIMPROVEMENT,A,4800,6.54,0,0.08,N,4,2024-07-30
24,62000,RENT,4.0,PERSONAL,A,4800,7.14,0,0.08,N,3,2024-02-18
26,41000,OWN,7.0,HOMEIMPROVEMENT,D,9000,11.013786929274843,0,0.22,N,4,2024-05-19
24,41000,MORTGAGE,3.0,VENTURE,A,2500,7.29,0,0.06,N,2,2024-03-18
25,65004,RENT,1.0,HOMEIMPROVEMENT,C,4800,13.49,0,0.07,N,3,2024-08-15
23,35000,MORTGAGE,7.0,EDUCATION,C,5000,12.98,1,0.14,Y,3,2024-12-24
23,69000,RENT,7.0,MEDICAL,B,4800,10.75,0,0.07,N,2,2024-08-02
23,70000,RENT,2.0,PERSONAL,C,4800,11.013786929274843,0,0.07,N,2,2024-02-29
26,72000,RENT,4.0,HOMEIMPROVEMENT,B,4800,11.86,0,0.07,N,3,2024-07-08
24,72096,RENT,2.0,HOMEIMPROVEMENT,A,4800,7.14,0,0.07,N,2,2024-09-06
22,67200,RENT,6.0,DEBTCONSOLIDATION,E,4800,16.7,1,0.07,Y,2,2024-03-20
24,69000,RENT,2.0,DEBTCONSOLIDATION,D,4800,15.21,1,0.07,N,4,2024-10-24
24,41000,OWN,9.0,HOMEIMPROVEMENT,D,10000,15.33,0,0.24,N,4,2024-03-15
24,41000,MORTGAGE,3.0,DEBTCONSOLIDATION,B,9000,9.88,0,0.22,N,2,2024-09-25
23,41000,MORTGAGE,7.0,VENTURE,D,10000,14.96,0,0.24,Y,2,2024-03-08
23,92000,RENT,5.0,MEDICAL,B,4800,10.0,0,0.05,N,3,2024-06-06
22,41000,OWN,6.0,MEDICAL,D,2500,14.96,0,0.06,Y,4,2024-07-14
26,95000,RENT,4.0,DEBTCONSOLIDATION,A,4800,11.013786929274843,0,0.05,N,4,2024-03-09
22,41000,MORTGAGE,4.0,VENTURE,A,6000,8.59,0,0.15,N,4,2024-02-02
24,103641,RENT,8.0,VENTURE,B,4800,10.74,0,0.05,N,2,2024-12-11
24,105000,RENT,5.0,HOMEIMPROVEMENT,C,4800,11.013786929274843,0,0.05,Y,2,2024-04-28
22,41000,MORTGAGE,2.0,EDUCATION,B,3000,12.18,0,0.07,N,4,2024-01-27
22,115000,RENT,4.0,MEDICAL,A,4800,7.88,0,0.04,N,2,2024-01-26
25,120000,RENT,9.0,PERSONAL,C,4800,14.22,0,0.04,N,3,2024-08-03
23,41000,MORTGAGE,5.0,DEBTCONSOLIDATION,A,6000,9.32,0,0.15,N,3,2024-06-27
24,125000,RENT,6.0,PERSONAL,A,4800,6.76,0,0.04,N,3,2024-03-07
22,23000,RENT,6.0,VENTURE,C,4850,14.27,0,0.21,Y,4,2024-03-02
23,41000,MORTGAGE,4.0,MEDICAL,B,7500,10.71,0,0.18,N,2,2024-08-29
23,41000,MORTGAGE,7.0,DEBTCONSOLIDATION,B,5500,10.71,0,0.13,N,4,2024-01-09
25,41004,OWN,9.0,VENTURE,A,4000,6.76,0,0.1,N,3,2024-07-06
25,41004,OWN,1.0,PERSONAL,B,12000,11.013786929274843,0,0.29,N,2,2024-08-04
23,95000,RENT,4.0,PERSONAL,B,10000,10.99,0,0.11,N,4,2024-10-26
26,41004,MORTGAGE,5.0,VENTURE,B,16000,10.95,0,0.39,N,3,2024-02-04
23,41004,MORTGAGE,8.0,VENTURE,A,10000,9.32,0,0.24,N,4,2024-06-21
23,96000,RENT,7.0,PERSONAL,B,10000,10.65,0,0.1,N,3,2024-04-29
26,96000,RENT,11.0,HOMEIMPROVEMENT,E,10000,19.69,0,0.1,Y,3,2024-11-22
24,41100,OWN,2.0,VENTURE,B,9200,12.42,0,0.22,N,2,2024-03-18
23,97000,RENT,7.0,EDUCATION,C,10000,13.99,0,0.1,N,3,2024-11-17
24,97850,RENT,5.0,HOMEIMPROVEMENT,A,10000,7.51,0,0.1,N,4,2024-02-08
25,98000,RENT,9.0,DEBTCONSOLIDATION,B,10000,12.69,0,0.1,N,4,2024-04-12
23,41196,MORTGAGE,7.0,EDUCATION,B,16000,11.83,0,0.39,N,2,2024-12-30
26,99000,RENT,5.0,PERSONAL,A,10000,7.29,0,0.1,N,2,2024-02-28
25,99275,RENT,1.0,PERSONAL,C,10000,14.65,0,0.1,Y,3,2024-03-05
24,87996,RENT,8.0,DEBTCONSOLIDATION,D,10000,14.84,1,0.11,Y,2,2024-05-15
22,99996,RENT,1.0,EDUCATION,A,10000,9.32,0,0.1,N,4,2024-10-29
22,100000,RENT,3.0,EDUCATION,B,10000,10.65,0,0.1,N,3,2024-10-21
24,100000,RENT,5.0,PERSONAL,A,10000,7.51,0,0.1,N,3,2024-08-25
25,100000,RENT,3.0,VENTURE,A,10000,6.62,0,0.1,N,4,2024-02-01
25,88000,RENT,9.0,EDUCATION,E,10000,17.88,1,0.11,Y,4,2024-05-21
24,100000,RENT,4.0,HOMEIMPROVEMENT,E,10000,16.4,0,0.1,Y,2,2024-11-21
23,41496,OWN,4.0,VENTURE,E,7200,11.013786929274843,0,0.17,N,2,2024-02-23
26,102000,RENT,5.0,MEDICAL,A,10000,8.59,0,0.1,N,2,2024-03-06
24,41500,MORTGAGE,8.0,EDUCATION,A,8500,7.14,0,0.2,N,4,2024-08-17
23,107500,RENT,7.0,MEDICAL,A,10000,7.66,0,0.09,N,2,2024-06-02
26,96000,RENT,2.0,EDUCATION,D,10000,15.28,1,0.1,Y,2,2024-12-06
25,41508,MORTGAGE,9.0,EDUCATION,C,1600,13.11,0,0.04,Y,3,2024-09-11
25,41520,OWN,9.0,MEDICAL,A,4400,7.29,0,0.11,N,2,2024-02-20
23,110000,RENT,5.0,DEBTCONSOLIDATION,A,10000,7.88,0,0.09,N,2,2024-08-24
22,41600,OWN,4.0,EDUCATION,B,12000,12.42,0,0.29,N,2,2024-08-31
23,41600,MORTGAGE,7.0,EDUCATION,C,7000,13.43,0,0.17,N,3,2024-08-16
26,113000,RENT,3.0,HOMEIMPROVEMENT,C,10000,13.72,0,0.09,Y,3,2024-01-23
22,41600,MORTGAGE,2.0,EDUCATION,D,3000,15.05,0,0.07,N,3,2024-11-25
24,114800,RENT,6.0,PERSONAL,A,10000,8.94,0,0.09,N,4,2024-01-11
22,41604,OWN,1.0,PERSONAL,B,14400,11.013786929274843,0,0.35,N,4,2024-07-24
25,41664,MORTGAGE,6.0,HOMEIMPROVEMENT,A,4000,5.99,0,0.1,N,2,2024-06-11
25,115000,RENT,6.0,MEDICAL,A,10000,7.29,0,0.09,N,4,2024-11-10
22,41717,OWN,5.0,VENTURE,B,20000,11.12,0,0.48,N,4,2024-03-14
25,41718,OWN,3.0,VENTURE,A,5000,7.51,0,0.12,N,2,2024-08-17
25,115000,RENT,3.0,MEDICAL,B,10000,10.37,0,0.09,N,2,2024-06-02
25,116000,RENT,5.0,DEBTCONSOLIDATION,C,10000,14.26,0,0.09,Y,4,2024-11-04
22,41784,MORTGAGE,6.0,DEBTCONSOLIDATION,A,5000,6.03,0,0.12,N,2,2024-08-24
22,41800,MORTGAGE,3.0,VENTURE,A,3100,6.76,0,0.07,N,4,2024-06-25
22,41820,MORTGAGE,4.0,PERSONAL,A,2500,6.91,0,0.06,N,3,2024-04-14
26,120000,RENT,11.0,HOMEIMPROVEMENT,C,10000,12.68,0,0.08,N,2,2024-04-13
23,35941,MORTGAGE,7.0,HOMEIMPROVEMENT,C,3500,13.35,1,0.1,N,2,2024-09-23
24,120000,RENT,3.0,MEDICAL,A,10000,7.88,0,0.08,N,2,2024-06-24
24,120000,RENT,4.0,HOMEIMPROVEMENT,C,10000,13.61,0,0.08,Y,4,2024-06-30
23,91800,RENT,7.0,MEDICAL,B,10000,11.013786929274843,1,0.09,N,4,2024-06-19
25,120000,RENT,3.0,DEBTCONSOLIDATION,A,10000,9.32,0,0.08,N,2,2024-10-09
24,42000,MORTGAGE,5.0,DEBTCONSOLIDATION,A,19200,7.9,0,0.46,N,2,2024-08-18
26,122500,RENT,1.0,MEDICAL,B,10000,10.65,0,0.08,N,3,2024-05-18
23,124000,RENT,2.0,PERSONAL,C,10000,14.27,0,0.08,N,3,2024-06-09
22,42000,MORTGAGE,1.0,PERSONAL,C,10500,14.65,0,0.25,N,2,2024-04-03
26,125000,RENT,6.0,VENTURE,A,10000,7.49,0,0.08,N,2,2024-12-04
25,130000,RENT,7.0,HOMEIMPROVEMENT,A,10000,7.49,0,0.08,N,2,2024-06-19
22,36000,MORTGAGE,6.0,DEBTCONSOLIDATION,B,4000,12.69,1,0.11,N,4,2024-12-21
25,42000,MORTGAGE,9.0,HOMEIMPROVEMENT,B,12000,9.91,0,0.29,N,2,2024-08-02
25,42000,MORTGAGE,1.0,VENTURE,A,13975,8.9,0,0.33,N,4,2024-08-01
25,132000,RENT,4.0,HOMEIMPROVEMENT,C,10000,12.84,0,0.08,Y,3,2024-04-17
22,42000,MORTGAGE,6.0,EDUCATION,C,15000,13.49,0,0.36,Y,4,2024-03-17
24,42000,MORTGAGE,5.0,EDUCATION,A,4900,6.03,0,0.12,N,4,2024-03-26
24,42000,OWN,8.0,EDUCATION,A,8000,6.62,0,0.19,N,4,2024-08-09
22,42000,MORTGAGE,5.0,VENTURE,A,5400,6.03,0,0.13,N,3,2024-12-19
22,42000,OWN,6.0,VENTURE,A,4800,11.013786929274843,0,0.11,N,3,2024-07-23
26,145000,RENT,1.0,HOMEIMPROVEMENT,B,10000,10.99,0,0.07,N,3,2024-03-08
24,42000,MORTGAGE,3.0,EDUCATION,A,8675,7.51,0,0.21,N,4,2024-11-08
23,157500,RENT,1.0,EDUCATION,B,10000,12.69,0,0.06,N,2,2024-05-10
25,42000,OWN,6.0,EDUCATION,A,18000,11.013786929274843,0,0.43,N,2,2024-10-13
25,153000,RENT,9.0,DEBTCONSOLIDATION,D,10000,14.96,1,0.07,Y,4,2024-07-17
24,165000,RENT,2.0,PERSONAL,B,10000,9.2,0,0.06,N,3,2024-08-02
24,42000,MORTGAGE,6.0,MEDICAL,A,3125,8.9,0,0.07,N,3,2024-03-02
25,175000,RENT,4.0,HOMEIMPROVEMENT,D,10000,15.05,0,0.06,Y,4,2024-04-24
24,238000,RENT,2.0,VENTURE,D,10000,13.67,1,0.04,N,2,2024-02-15
22,42000,MORTGAGE,7.0,DEBTCONSOLIDATION,B,9350,12.69,0,0.22,N,2,2024-10-10
24,24148,RENT,1.0,EDUCATION,B,9975,11.48,1,0.41,N,4,2024-02-06
24,46000,RENT,2.0,VENTURE,C,9975,13.11,0,0.22,Y,3,2024-03-10
22,60000,RENT,6.0,VENTURE,B,9975,11.48,0,0.17,N,4,2024-08-15
22,42000,MORTGAGE,6.0,MEDICAL,A,3000,6.03,0,0.07,N,2,2024-10-12
23,42000,OWN,5.0,VENTURE,A,6500,6.03,0,0.15,N,2,2024-05-27
22,42000,OWN,6.0,PERSONAL,A,10000,6.03,0,0.24,N,2,2024-12-13
25,42000,MORTGAGE,9.0,EDUCATION,A,9100,11.013786929274843,0,0.22,N,3,2024-07-12
22,83200,RENT,6.0,DEBTCONSOLIDATION,C,9975,11.013786929274843,0,0.12,N,3,2024-03-13
25,26880,RENT,1.0,VENTURE,C,4900,14.26,0,0.18,Y,4,2024-06-27
22,26400,RENT,6.0,EDUCATION,B,9900,11.71,1,0.38,N,4,2024-05-25
22,30000,RENT,4.0,VENTURE,A,9875,7.29,1,0.33,N,3,2024-02-09
23,42000,MORTGAGE,7.0,EDUCATION,B,8000,10.99,0,0.19,N,4,2024-03-31
26,28000,RENT,5.0,VENTURE,A,9800,7.29,1,0.35,N,4,2024-08-05
25,36000,RENT,3.0,EDUCATION,B,9800,10.36,0,0.27,N,4,2024-03-27
23,48000,RENT,7.0,DEBTCONSOLIDATION,A,9800,7.88,0,0.2,N,4,2024-08-11
23,44000,RENT,7.0,EDUCATION,A,9800,7.51,1,0.22,N,2,2024-02-25
24,42000,MORTGAGE,4.0,HOMEIMPROVEMENT,A,12000,6.99,0,0.29,N,3,2024-05-27
23,44000,RENT,7.0,MEDICAL,C,9800,13.11,1,0.22,N,2,2024-11-15
24,42000,MORTGAGE,8.0,PERSONAL,B,1000,11.49,0,0.02,N,4,2024-06-02
26,36000,MORTGAGE,3.0,EDUCATION,B,11000,10.59,1,0.31,N,4,2024-07-17
23,60000,RENT,4.0,EDUCATION,C,9800,13.49,0,0.16,N,2,2024-10-10
22,60000,RENT,4.0,PERSONAL,B,9800,11.013786929274843,0,0.16,N,3,2024-12-05
25,60000,RENT,4.0,PERSONAL,A,9800,11.013786929274843,0,0.16,N,3,2024-05-12
24,82500,RENT,8.0,MEDICAL,A,9800,7.51,0,0.12,N,4,2024-07-06
23,66300,RENT,7.0,MEDICAL,D,9800,15.7,1,0.13,Y,2,2024-12-09
22,42000,OWN,3.0,VENTURE,A,7000,11.013786929274843,0,0.17,N,3,2024-08-27
26,93000,RENT,7.0,HOMEIMPROVEMENT,B,9800,10.25,0,0.11,N,4,2024-07-18
25,42000,MORTGAGE,2.0,EDUCATION,C,7200,14.79,0,0.17,Y,2,2024-08-15
26,107000,RENT,2.0,MEDICAL,A,9800,8.9,0,0.09,N,3,2024-08-12
23,36000,MORTGAGE,7.0,HOMEIMPROVEMENT,B,6725,11.49,1,0.19,N,2,2024-04-11
25,32400,RENT,2.0,MEDICAL,B,4900,11.49,1,0.15,N,2,2024-03-19
23,42000,RENT,2.0,EDUCATION,C,4900,14.72,0,0.12,Y,4,2024-11-02
22,42000,MORTGAGE,6.0,EDUCATION,C,14750,12.99,0,0.35,N,4,2024-10-04
22,42000,MORTGAGE,6.0,EDUCATION,C,6000,12.99,0,0.14,Y,2,2024-08-19
22,42000,MORTGAGE,5.0,VENTURE,A,5000,6.99,0,0.12,N,4,2024-11-19
26,36000,MORTGAGE,1.0,HOMEIMPROVEMENT,B,4500,10.59,1,0.13,N,2,2024-07-25
23,54096,RENT,2.0,PERSONAL,B,4900,11.013786929274843,0,0.09,N,2,2024-06-27
23,42000,MORTGAGE,7.0,VENTURE,A,8000,5.42,0,0.19,N,3,2024-06-01
24,69600,RENT,8.0,PERSONAL,B,4900,9.99,0,0.07,N,2,2024-08-22
23,42000,MORTGAGE,7.0,PERSONAL,C,12000,15.23,0,0.29,Y,3,2024-05-04
24,74000,RENT,1.0,PERSONAL,C,4900,12.87,0,0.07,N,3,2024-12-03
23,107000,RENT,2.0,DEBTCONSOLIDATION,A,4900,8.94,0,0.05,N,2,2024-04-24
22,15000,RENT,3.0,PERSONAL,A,4950,8.9,1,0.33,N,4,2024-08-14
24,42000,MORTGAGE,9.0,PERSONAL,A,11000,5.42,0,0.26,N,4,2024-04-16
24,42000,MORTGAGE,2.0,PERSONAL,A,10000,7.49,0,0.24,N,4,2024-02-20
24,36000,MORTGAGE,5.0,MEDICAL,C,4000,15.23,1,0.11,Y,3,2024-10-12
22,34000,RENT,3.0,DEBTCONSOLIDATION,A,4975,7.51,1,0.15,N,2,2024-07-23
23,27972,RENT,6.0,VENTURE,A,5000,8.94,0,0.18,N,3,2024-02-08
22,27996,RENT,1.0,VENTURE,E,5000,17.51,1,0.18,N,4,2024-08-28
24,42000,MORTGAGE,4.0,VENTURE,B,1200,11.49,0,0.03,N,3,2024-01-25
22,27996,RENT,4.0,MEDICAL,C,5000,11.013786929274843,0,0.18,Y,3,2024-06-10
24,42000,MORTGAGE,8.0,HOMEIMPROVEMENT,D,2500,15.28,0,0.06,N,2,2024-05-11
23,28000,RENT,4.0,DEBTCONSOLIDATION,C,5000,13.72,1,0.18,N,4,2024-04-27
22,28800,RENT,6.0,EDUCATION,A,5000,6.91,0,0.17,N,2,2024-05-05
23,42000,MORTGAGE,8.0,MEDICAL,B,7600,6.0,0,0.18,N,2,2024-02-10
22,42000,MORTGAGE,4.0,PERSONAL,A,7050,11.013786929274843,0,0.17,N,4,2024-10-19
23,28800,RENT,2.0,VENTURE,C,5000,13.11,0,0.17,N,3,2024-08-20
23,29100,RENT,3.0,EDUCATION,D,5000,14.84,0,0.17,N,2,2024-08-18
23,29730,RENT,2.0,DEBTCONSOLIDATION,A,5000,7.66,0,0.17,N,4,2024-10-09
22,29865,RENT,6.0,EDUCATION,B,5000,11.12,1,0.17,N,3,2024-08-16
26,30000,RENT,2.0,EDUCATION,B,5000,12.42,1,0.17,N,2,2024-05-21
24,42000,MORTGAGE,8.0,DEBTCONSOLIDATION,B,22250,11.11,0,0.53,N,3,2024-05-25
24,30000,RENT,6.0,DEBTCONSOLIDATION,B,5000,12.69,1,0.17,N,4,2024-02-17
26,30000,RENT,4.0,PERSONAL,C,5000,11.013786929274843,0,0.17,Y,2,2024-07-26
23,36000,MORTGAGE,7.0,HOMEIMPROVEMENT,A,10750,11.013786929274843,1,0.3,N,3,2024-04-19
22,30000,RENT,2.0,EDUCATION,C,5000,11.013786929274843,0,0.17,Y,2,2024-12-21
22,42000,OWN,2.0,VENTURE,A,9000,7.66,0,0.21,N,2,2024-07-05
26,30000,RENT,11.0,MEDICAL,B,5000,11.013786929274843,0,0.17,N,2,2024-01-06
25,30000,RENT,4.0,EDUCATION,B,5000,11.86,0,0.17,N,2,2024-04-02
24,42000,OWN,7.0,VENTURE,A,12000,7.66,0,0.29,N,3,2024-07-28
25,42000,MORTGAGE,9.0,HOMEIMPROVEMENT,B,3250,10.0,0,0.08,N,3,2024-05-24
26,30000,RENT,7.0,DEBTCONSOLIDATION,D,5000,14.42,1,0.17,N,4,2024-05-04
25,42000,MORTGAGE,3.0,HOMEIMPROVEMENT,A,10000,5.42,0,0.24,N,2,2024-05-11
22,30900,RENT,3.0,VENTURE,B,5000,10.0,0,0.16,N,2,2024-03-07
23,42000,MORTGAGE,2.0,VENTURE,A,1500,6.17,0,0.04,N,3,2024-09-23
26,31000,RENT,4.0,EDUCATION,D,5000,14.96,0,0.16,Y,3,2024-11-11
22,31000,RENT,2.0,MEDICAL,B,5000,10.62,0,0.16,N,4,2024-09-05
26,31200,RENT,8.0,EDUCATION,A,5000,8.63,0,0.16,N,2,2024-10-21
23,42000,MORTGAGE,3.0,EDUCATION,A,11000,6.54,0,0.26,N,3,2024-10-16
25,32000,RENT,9.0,VENTURE,C,5000,14.27,1,0.16,Y,4,2024-05-17
23,32000,RENT,4.0,HOMEIMPROVEMENT,B,5000,12.69,1,0.16,N,4,2024-02-17
26,32000,RENT,3.0,VENTURE,A,5000,6.03,0,0.16,N,2,2024-08-22
22,36000,MORTGAGE,3.0,DEBTCONSOLIDATION,D,7000,14.84,1,0.19,N,3,2024-07-21
23,32000,RENT,3.0,DEBTCONSOLIDATION,C,5000,14.79,0,0.16,N,2,2024-09-24
24,42000,MORTGAGE,6.0,VENTURE,B,9250,11.12,0,0.22,N,4,2024-03-26
26,32000,RENT,3.0,DEBTCONSOLIDATION,A,5000,7.49,0,0.16,N,2,2024-09-25
24,32000,RENT,1.0,MEDICAL,A,5000,11.013786929274843,0,0.16,N,3,2024-05-18
26,32000,RENT,10.0,PERSONAL,C,5000,12.53,0,0.16,Y,3,2024-10-23
24,32004,RENT,3.0,DEBTCONSOLIDATION,C,5000,13.23,0,0.16,N,2,2024-06-07
25,32004,RENT,5.0,DEBTCONSOLIDATION,C,5000,14.35,0,0.16,N,3,2024-11-24
24,42000,MORTGAGE,8.0,PERSONAL,B,12000,10.38,0,0.29,N,4,2024-09-16
24,42000,MORTGAGE,7.0,MEDICAL,C,4200,13.23,0,0.1,N,2,2024-05-09
24,36000,MORTGAGE,8.0,HOMEIMPROVEMENT,A,6000,7.14,1,0.17,N,4,2024-08-11
22,32760,RENT,3.0,PERSONAL,C,5000,13.48,0,0.15,Y,3,2024-01-25
22,32968,RENT,2.0,DEBTCONSOLIDATION,D,5000,14.61,1,0.15,N,3,2024-12-17
26,33000,RENT,2.0,MEDICAL,B,5000,12.69,0,0.15,N,4,2024-01-19
26,36000,MORTGAGE,2.0,HOMEIMPROVEMENT,B,6000,11.49,1,0.17,N,2,2024-11-11
23,33000,RENT,5.0,PERSONAL,B,5000,10.62,0,0.15,N,2,2024-06-27
22,33000,RENT,1.0,DEBTCONSOLIDATION,B,5000,10.25,0,0.15,N,4,2024-10-01
24,33000,RENT,8.0,MEDICAL,C,5000,11.013786929274843,0,0.15,N,3,2024-11-07
24,42000,OWN,7.0,MEDICAL,A,3000,7.51,0,0.07,N,2,2024-03-15
23,33017,RENT,1.0,PERSONAL,B,5000,11.013786929274843,0,0.15,N,4,2024-04-24
26,33280,RENT,11.0,DEBTCONSOLIDATION,D,5000,14.11,1,0.15,N,4,2024-03-07
23,33600,RENT,3.0,VENTURE,C,5000,13.49,0,0.15,Y,4,2024-01-10
24,42000,MORTGAGE,3.0,MEDICAL,A,8500,7.51,0,0.2,N,4,2024-07-17
25,34000,RENT,6.0,VENTURE,A,5000,11.013786929274843,0,0.15,N,2,2024-06-13
23,34000,RENT,4.0,VENTURE,A,5000,7.88,0,0.15,N,4,2024-08-25
22,34000,RENT,3.0,DEBTCONSOLIDATION,A,5000,8.0,0,0.15,N,4,2024-09-09
25,34400,RENT,9.0,VENTURE,C,5000,13.49,0,0.15,N,4,2024-03-21
22,34500,RENT,1.0,VENTURE,C,5000,11.013786929274843,0,0.14,N,4,2024-07-05
23,34800,RENT,1.0,HOMEIMPROVEMENT,B,5000,10.99,1,0.14,N,2,2024-06-27
23,42000,MORTGAGE,7.0,EDUCATION,D,10000,14.59,0,0.24,Y,2,2024-10-11
24,34900,RENT,3.0,DEBTCONSOLIDATION,B,5000,11.49,0,0.14,N,3,2024-01-08
22,34992,RENT,1.0,PERSONAL,B,5000,11.013786929274843,0,0.14,N,3,2024-02-06
24,35000,RENT,4.0,MEDICAL,B,5000,11.71,0,0.14,N,3,2024-08-02
22,35000,RENT,2.0,MEDICAL,B,5000,11.71,0,0.14,N,2,2024-04-08
23,35000,RENT,5.0,PERSONAL,A,5000,6.99,0,0.14,N,2,2024-07-17
26,29000,RENT,6.0,MEDICAL,C,5000,12.99,1,0.17,Y,2,2024-09-13
25,36000,MORTGAGE,6.0,MEDICAL,D,10000,11.013786929274843,1,0.28,N,2,2024-02-01
23,42000,MORTGAGE,2.0,EDUCATION,B,5200,10.25,0,0.12,N,4,2024-03-12
22,35000,RENT,6.0,MEDICAL,B,5000,11.013786929274843,0,0.14,N,4,2024-04-03
23,35000,RENT,3.0,MEDICAL,B,5000,11.013786929274843,0,0.14,N,2,2024-01-28
25,35000,RENT,3.0,MEDICAL,B,5000,10.36,0,0.14,N,3,2024-10-08
22,35000,RENT,3.0,DEBTCONSOLIDATION,A,5000,7.88,0,0.14,N,3,2024-06-05
24,35000,RENT,8.0,DEBTCONSOLIDATION,A,5000,7.88,0,0.14,N,4,2024-06-22
22,35000,RENT,4.0,PERSONAL,C,5000,13.23,0,0.14,N,2,2024-07-02
25,42000,MORTGAGE,5.0,DEBTCONSOLIDATION,A,7000,8.59,0,0.17,N,3,2024-11-23
25,36000,MORTGAGE,2.0,DEBTCONSOLIDATION,C,13750,13.22,1,0.38,N,4,2024-10-25
25,29000,RENT,3.0,DEBTCONSOLIDATION,D,5000,15.7,1,0.17,Y,3,2024-03-30
22,42000,MORTGAGE,6.0,MEDICAL,A,5000,8.94,0,0.12,N,2,2024-10-15
23,29000,RENT,1.0,MEDICAL,F,5000,11.013786929274843,1,0.17,Y,3,2024-03-23
24,29004,RENT,4.0,EDUCATION,A,5000,6.92,1,0.17,N,3,2024-09-28
23,35004,RENT,4.0,MEDICAL,C,5000,14.72,0,0.14,Y,3,2024-04-19
25,42000,MORTGAGE,2.0,PERSONAL,A,6000,8.94,0,0.14,N,2,2024-08-12
24,42000,MORTGAGE,2.0,HOMEIMPROVEMENT,A,7000,8.59,0,0.17,N,2,2024-11-17
25,35004,RENT,3.0,PERSONAL,A,5000,8.94,0,0.14,N,2,2024-05-02
23,35520,RENT,3.0,EDUCATION,C,5000,13.57,0,0.14,N,3,2024-08-22
26,35880,RENT,2.0,VENTURE,A,5000,7.68,0,0.14,N,4,2024-01-21
22,30000,RENT,3.0,MEDICAL,D,5000,18.25,1,0.17,N,2,2024-01-26
23,36000,RENT,1.0,EDUCATION,C,5000,14.79,0,0.14,N,2,2024-07-13
23,30000,RENT,7.0,PERSONAL,C,5000,14.17,1,0.17,Y,3,2024-07-28
26,36000,RENT,4.0,VENTURE,B,5000,10.37,0,0.14,N,4,2024-04-28
23,42000,MORTGAGE,1.0,PERSONAL,C,5750,13.57,0,0.14,N,3,2024-11-23
22,30000,RENT,2.0,DEBTCONSOLIDATION,D,5000,14.54,1,0.17,N,4,2024-11-01
22,30000,RENT,6.0,MEDICAL,E,5000,17.43,1,0.17,N,2,2024-01-27
26,42000,MORTGAGE,4.0,MEDICAL,B,15000,11.26,0,0.36,N,4,2024-10-14
23,42000,OWN,7.0,PERSONAL,B,4400,11.89,0,0.1,N,4,2024-05-24
22,30000,RENT,4.0,VENTURE,D,5000,15.21,1,0.17,Y,3,2024-07-20
24,30000,RENT,1.0,HOMEIMPROVEMENT,D,5000,15.7,1,0.17,Y,4,2024-07-29
23,36000,RENT,1.0,MEDICAL,C,5000,13.22,0,0.14,N,4,2024-01-06
23,36100,RENT,2.0,EDUCATION,A,5000,7.49,0,0.14,N,4,2024-08-13
22,42000,MORTGAGE,1.0,EDUCATION,A,13000,11.013786929274843,0,0.31,N,4,2024-04-20
25,42000,OWN,9.0,HOMEIMPROVEMENT,A,8000,9.63,0,0.19,N,2,2024-09-16
26,36225,RENT,2.0,VENTURE,C,5000,12.84,0,0.14,N,4,2024-04-13
24,36396,RENT,8.0,DEBTCONSOLIDATION,A,5000,6.03,0,0.14,N,3,2024-01-09
26,36400,RENT,3.0,MEDICAL,A,5000,8.9,0,0.14,N,4,2024-04-04
25,36480,RENT,4.0,DEBTCONSOLIDATION,A,5000,6.54,0,0.14,N,2,2024-09-23
22,36996,RENT,3.0,VENTURE,B,5000,9.99,0,0.14,N,3,2024-12-07
23,42000,MORTGAGE,3.0,EDUCATION,C,5400,11.78,0,0.13,N,4,2024-04-16
24,42000,OWN,1.0,VENTURE,B,7500,10.51,0,0.18,N,3,2024-03-21
24,42000,MORTGAGE,2.0,PERSONAL,C,2000,11.28,0,0.05,N,2,2024-04-10
22,37000,RENT,4.0,PERSONAL,B,5000,10.65,0,0.14,N,4,2024-06-25
26,36000,MORTGAGE,10.0,HOMEIMPROVEMENT,C,5000,12.29,1,0.14,Y,3,2024-12-04
22,37500,RENT,4.0,PERSONAL,C,5000,11.03,0,0.13,Y,3,2024-03-18
26,42000,MORTGAGE,11.0,EDUCATION,D,15075,12.92,0,0.36,N,2,2024-01-21
23,42000,OWN,1.0,PERSONAL,B,5400,11.013786929274843,0,0.13,N,2,2024-07-19
23,42048,MORTGAGE,7.0,EDUCATION,A,8500,7.74,0,0.2,N,3,2024-01-24
24,38000,RENT,8.0,MEDICAL,C,5000,13.99,0,0.13,N,4,2024-01-12
23,32000,RENT,5.0,HOMEIMPROVEMENT,B,5000,11.013786929274843,1,0.16,N,4,2024-05-12
23,42179,MORTGAGE,1.0,EDUCATION,A,10000,5.42,0,0.24,N,4,2024-11-01
25,32000,RENT,1.0,EDUCATION,D,5000,15.37,1,0.16,Y,3,2024-02-26
23,32000,RENT,2.0,VENTURE,E,5000,13.93,1,0.16,N,4,2024-12-05
23,38004,RENT,5.0,VENTURE,A,5000,6.91,0,0.13,N,2,2024-09-16
25,42240,OWN,10.0,HOMEIMPROVEMENT,A,8000,6.62,0,0.19,N,4,2024-03-26
23,42240,MORTGAGE,3.0,EDUCATION,C,5500,12.73,0,0.13,N,3,2024-11-18
24,42252,MORTGAGE,3.0,PERSONAL,C,8000,12.84,0,0.19,N,2,2024-02-02
25,42348,MORTGAGE,9.0,DEBTCONSOLIDATION,A,8000,11.013786929274843,0,0.19,N,2,2024-03-20
24,38400,RENT,3.0,MEDICAL,B,5000,10.99,0,0.13,N,2,2024-03-18
24,38400,RENT,3.0,DEBTCONSOLIDATION,B,5000,11.14,0,0.13,N,3,2024-03-29
23,39000,RENT,6.0,EDUCATION,B,5000,12.69,0,0.13,N,3,2024-07-17
22,39000,RENT,4.0,MEDICAL,A,5000,6.99,0,0.13,N,2,2024-03-06
25,39000,RENT,9.0,MEDICAL,A,5000,7.49,0,0.13,N,4,2024-09-28
24,33000,RENT,1.0,MEDICAL,F,5000,21.36,1,0.15,N,2,2024-04-28
24,42500,MORTGAGE,5.0,PERSONAL,A,4800,7.51,0,0.11,N,2,2024-11-08
23,42500,MORTGAGE,7.0,EDUCATION,A,7500,8.49,0,0.18,N,3,2024-04-03
23,42500,MORTGAGE,2.0,EDUCATION,B,12600,11.013786929274843,0,0.3,N,4,2024-04-27
25,42500,MORTGAGE,9.0,EDUCATION,A,2000,5.42,0,0.05,N,3,2024-01-08
24,42500,MORTGAGE,8.0,DEBTCONSOLIDATION,C,10000,13.8,0,0.24,N,2,2024-09-23
24,39862,RENT,8.0,MEDICAL,C,5000,14.22,0,0.13,N,4,2024-11-11
25,39996,RENT,3.0,MEDICAL,A,5000,6.92,0,0.13,N,3,2024-09-17
25,39996,RENT,2.0,DEBTCONSOLIDATION,C,5000,13.72,0,0.13,N,2,2024-09-15
24,33996,RENT,2.0,HOMEIMPROVEMENT,D,5000,14.96,1,0.15,N,2,2024-01-24
25,39996,RENT,1.0,DEBTCONSOLIDATION,B,5000,11.89,0,0.13,N,4,2024-12-06
23,39996,RENT,6.0,PERSONAL,B,5000,10.2,0,0.13,N,2,2024-03-30
24,33996,RENT,2.0,VENTURE,D,5000,12.92,1,0.15,N,4,2024-11-22
26,40000,RENT,11.0,EDUCATION,B,5000,9.91,0,0.13,N,3,2024-06-08
24,40000,RENT,5.0,DEBTCONSOLIDATION,B,5000,12.42,0,0.13,N,3,2024-04-28
25,42504,MORTGAGE,9.0,MEDICAL,A,10000,7.29,0,0.24,N,2,2024-04-18
22,34000,RENT,6.0,PERSONAL,B,5000,11.013786929274843,1,0.15,N,4,2024-07-31
24,40000,RENT,6.0,MEDICAL,A,5000,6.17,0,0.13,N,3,2024-08-05
24,34000,RENT,2.0,EDUCATION,C,5000,12.23,1,0.15,N,2,2024-07-30
25,42642,OWN,8.0,EDUCATION,F,10000,15.76,0,0.23,Y,3,2024-05-11
23,40000,RENT,2.0,MEDICAL,C,5000,11.013786929274843,0,0.13,N,3,2024-06-03
23,42806,MORTGAGE,7.0,EDUCATION,A,1000,7.51,0,0.02,N,2,2024-10-29
22,34000,RENT,4.0,DEBTCONSOLIDATION,C,5000,12.73,1,0.15,Y,3,2024-12-04
26,40000,RENT,1.0,MEDICAL,C,5000,14.26,0,0.13,Y,2,2024-01-03
22,42900,OWN,7.0,EDUCATION,B,2000,10.74,0,0.05,N,4,2024-06-18
23,42900,OWN,6.0,MEDICAL,A,1000,6.76,0,0.02,N,3,2024-02-23
26,40000,RENT,3.0,DEBTCONSOLIDATION,B,5000,9.45,0,0.13,N,3,2024-10-12
22,40000,RENT,6.0,MEDICAL,A,5000,7.43,0,0.13,N,4,2024-12-07
25,42996,MORTGAGE,4.0,HOMEIMPROVEMENT,A,12000,6.17,0,0.28,N,4,2024-06-02
22,34500,RENT,2.0,MEDICAL,D,5000,16.89,1,0.14,N,3,2024-02-15
23,42996,MORTGAGE,2.0,VENTURE,D,8500,11.013786929274843,0,0.2,Y,4,2024-04-27
25,34800,RENT,2.0,PERSONAL,D,5000,16.02,1,0.14,Y,3,2024-08-05
23,40992,RENT,7.0,EDUCATION,B,5000,10.99,0,0.12,N,2,2024-08-15
22,35000,RENT,4.0,EDUCATION,C,5000,15.96,1,0.14,N,4,2024-09-29
25,41000,RENT,9.0,MEDICAL,B,5000,11.71,0,0.12,N,2,2024-08-30
25,42996,OWN,1.0,VENTURE,D,7200,14.11,0,0.17,N,4,2024-02-17
23,41000,RENT,2.0,EDUCATION,A,5000,7.51,0,0.12,N,2,2024-02-09
22,41000,RENT,6.0,VENTURE,A,5000,11.013786929274843,0,0.12,N,2,2024-06-27
23,41017,RENT,6.0,DEBTCONSOLIDATION,A,5000,11.013786929274843,0,0.12,N,2,2024-11-01
24,43000,MORTGAGE,8.0,DEBTCONSOLIDATION,A,9500,6.62,0,0.22,N,2,2024-09-30
23,43000,MORTGAGE,7.0,VENTURE,A,15600,11.013786929274843,0,0.36,N,4,2024-08-13
24,42000,RENT,7.0,VENTURE,B,5000,10.99,0,0.12,N,4,2024-07-24
26,42000,RENT,6.0,DEBTCONSOLIDATION,A,5000,7.29,0,0.12,N,4,2024-02-04
22,36000,RENT,1.0,EDUCATION,C,5000,12.68,1,0.14,N,4,2024-03-29
22,43000,MORTGAGE,4.0,PERSONAL,C,6600,14.27,0,0.15,Y,2,2024-02-18
22,43000,MORTGAGE,3.0,VENTURE,A,2600,11.013786929274843,0,0.06,N,4,2024-02-02
22,43000,MORTGAGE,6.0,EDUCATION,B,9000,11.71,0,0.21,N,4,2024-09-19
24,42000,RENT,8.0,MEDICAL,A,5000,5.42,0,0.12,N,2,2024-11-23
22,43000,OWN,2.0,VENTURE,B,22800,12.69,0,0.53,N,2,2024-12-14
24,43000,MORTGAGE,6.0,MEDICAL,B,6000,10.65,0,0.14,N,3,2024-02-05
22,36000,RENT,5.0,MEDICAL,D,5000,16.32,1,0.14,N,4,2024-01-26
24,43000,MORTGAGE,7.0,MEDICAL,C,6000,13.49,0,0.14,Y,3,2024-02-04
26,43000,MORTGAGE,6.0,MEDICAL,B,15000,11.99,0,0.35,N,2,2024-09-04
25,42000,RENT,3.0,MEDICAL,A,5000,7.51,0,0.12,N,3,2024-04-11
24,36000,RENT,2.0,DEBTCONSOLIDATION,D,5000,14.59,1,0.14,N,2,2024-04-19
22,42000,RENT,2.0,MEDICAL,C,5000,12.87,0,0.12,N,4,2024-03-25
24,43000,MORTGAGE,5.0,HOMEIMPROVEMENT,C,2500,13.49,0,0.06,Y,4,2024-05-27
23,43000,MORTGAGE,7.0,DEBTCONSOLIDATION,B,7200,10.59,0,0.17,N,3,2024-07-24
24,37000,MORTGAGE,8.0,HOMEIMPROVEMENT,B,10000,11.013786929274843,1,0.27,N,2,2024-10-15
26,43000,MORTGAGE,9.0,PERSONAL,A,8800,5.42,0,0.2,N,3,2024-06-13
26,42000,RENT,2.0,VENTURE,C,5000,11.91,0,0.12,Y,4,2024-08-28
23,43000,MORTGAGE,3.0,VENTURE,D,3600,15.62,0,0.08,N,3,2024-09-14
22,43000,OWN,5.0,VENTURE,B,3500,11.49,0,0.08,N,3,2024-12-01
24,36100,RENT,4.0,DEBTCONSOLIDATION,D,5000,12.92,1,0.14,Y,3,2024-07-09
25,42288,RENT,2.0,EDUCATION,B,5000,10.99,0,0.12,N,2,2024-09-06
22,42500,RENT,2.0,DEBTCONSOLIDATION,B,5000,12.42,0,0.12,N,4,2024-11-18
24,42996,RENT,5.0,MEDICAL,A,5000,7.14,0,0.12,N,4,2024-12-03
25,42996,RENT,6.0,DEBTCONSOLIDATION,B,5000,10.38,0,0.12,N,2,2024-08-19
25,43000,RENT,6.0,PERSONAL,A,5000,7.51,0,0.12,N,3,2024-12-22
24,37000,RENT,3.0,MEDICAL,E,5000,16.45,1,0.14,N,3,2024-04-22
22,43000,OWN,6.0,EDUCATION,A,7750,7.66,0,0.18,N,2,2024-09-28
22,43200,RENT,6.0,EDUCATION,B,5000,12.69,0,0.12,N,2,2024-06-25
24,43000,MORTGAGE,1.0,MEDICAL,A,7000,6.92,0,0.16,N,3,2024-08-02
24,43200,RENT,3.0,EDUCATION,C,5000,14.17,0,0.12,Y,4,2024-10-06
23,43200,RENT,7.0,MEDICAL,C,5000,12.87,0,0.12,Y,3,2024-02-19
26,43680,RENT,5.0,MEDICAL,B,5000,10.65,0,0.11,N,4,2024-02-07
22,37900,RENT,2.0,MEDICAL,B,5000,12.18,1,0.13,N,2,2024-05-25
22,43000,MORTGAGE,1.0,DEBTCONSOLIDATION,A,4000,7.88,0,0.09,N,4,2024-01-29
26,44000,RENT,4.0,MEDICAL,A,5000,8.9,0,0.11,N,3,2024-03-31
22,44004,RENT,2.0,EDUCATION,A,5000,8.9,0,0.11,N,3,2024-12-29
24,37000,MORTGAGE,7.0,DEBTCONSOLIDATION,A,6250,7.14,1,0.17,N,4,2024-12-12
22,45000,RENT,3.0,VENTURE,B,5000,12.42,0,0.11,N,2,2024-08-06
22,43000,MORTGAGE,3.0,EDUCATION,A,2000,11.013786929274843,0,0.05,N,3,2024-02-15
22,45000,RENT,3.0,MEDICAL,B,5000,9.91,0,0.11,N,3,2024-03-15
25,43000,MORTGAGE,5.0,DEBTCONSOLIDATION,A,10000,7.88,0,0.23,N,3,2024-04-15
25,45000,RENT,2.0,MEDICAL,C,5000,11.013786929274843,0,0.11,N,4,2024-09-18
25,43000,OWN,5.0,VENTURE,A,8000,7.14,0,0.19,N,4,2024-01-12
22,43000,MORTGAGE,5.0,MEDICAL,B,7000,10.62,0,0.16,N,4,2024-08-27
24,43000,MORTGAGE,3.0,PERSONAL,A,11500,7.88,0,0.27,N,2,2024-03-31
24,43000,MORTGAGE,6.0,DEBTCONSOLIDATION,C,9250,13.11,0,0.22,N,2,2024-07-31
24,39000,RENT,1.0,DEBTCONSOLIDATION,E,5000,16.77,1,0.13,Y,3,2024-06-22
22,45000,RENT,3.0,PERSONAL,B,5000,11.11,0,0.11,N,3,2024-11-14
23,43000,MORTGAGE,3.0,DEBTCONSOLIDATION,A,9800,8.59,0,0.23,N,2,2024-01-19
22,39000,RENT,2.0,MEDICAL,C,5000,12.23,1,0.13,Y,3,2024-07-02
22,45000,RENT,6.0,EDUCATION,B,5000,11.36,0,0.11,N,4,2024-03-28
22,43000,OWN,7.0,PERSONAL,A,6000,7.74,0,0.14,N,4,2024-02-16
23,45000,RENT,3.0,DEBTCONSOLIDATION,A,5000,9.32,0,0.11,N,4,2024-10-23
23,39000,RENT,3.0,DEBTCONSOLIDATION,D,5000,15.37,1,0.13,Y,4,2024-02-24
25,45600,RENT,6.0,DEBTCONSOLIDATION,C,5000,11.013786929274843,0,0.11,N,2,2024-12-29
23,39600,RENT,4.0,MEDICAL,D,5000,14.84,1,0.13,Y,2,2024-09-17
23,45600,RENT,4.0,VENTURE,C,5000,14.22,0,0.11,N,4,2024-06-15
23,45984,RENT,7.0,VENTURE,A,5000,7.14,0,0.11,N,4,2024-02-28
22,46000,RENT,4.0,EDUCATION,A,5000,7.88,0,0.11,N,2,2024-06-14
23,43000,MORTGAGE,1.0,PERSONAL,A,9000,9.63,0,0.21,N,2,2024-07-07
22,43000,MORTGAGE,2.0,DEBTCONSOLIDATION,C,8500,12.09,0,0.2,Y,4,2024-04-22
22,46500,RENT,4.0,VENTURE,B,5000,10.37,0,0.11,N,4,2024-07-20
25,46800,RENT,9.0,MEDICAL,A,5000,6.76,0,0.11,N,3,2024-08-30
24,46809,RENT,4.0,DEBTCONSOLIDATION,B,5000,12.18,0,0.11,N,4,2024-07-16
23,47000,RENT,4.0,EDUCATION,B,5000,9.99,0,0.11,N,3,2024-08-11
26,47000,RENT,1.0,EDUCATION,A,5000,7.14,0,0.11,N,4,2024-09-05
26,43200,OWN,1.0,EDUCATION,C,17000,13.49,0,0.39,Y,2,2024-09-28
22,43200,MORTGAGE,1.0,PERSONAL,D,8400,16.77,0,0.19,N,4,2024-10-12
23,43200,MORTGAGE,5.0,VENTURE,B,10000,12.69,0,0.23,N,3,2024-08-13
23,47233,RENT,7.0,MEDICAL,B,5000,11.36,0,0.11,N,3,2024-10-20
24,43200,MORTGAGE,4.0,VENTURE,A,6350,7.49,0,0.15,N,4,2024-06-09
25,41496,RENT,7.0,EDUCATION,B,5000,10.83,1,0.12,N,3,2024-11-20
25,43200,MORTGAGE,6.0,EDUCATION,C,3600,14.79,0,0.08,Y,2,2024-09-03
26,43200,MORTGAGE,11.0,VENTURE,C,6000,12.87,0,0.14,N,3,2024-04-18
26,42000,RENT,3.0,PERSONAL,C,5000,13.99,1,0.12,N,3,2024-10-26
22,48000,RENT,7.0,VENTURE,A,5000,6.99,0,0.1,N,2,2024-02-07
23,37200,MORTGAGE,7.0,HOMEIMPROVEMENT,B,7000,10.59,1,0.19,N,2,2024-10-05
23,37200,MORTGAGE,7.0,DEBTCONSOLIDATION,A,4000,7.66,1,0.11,N,2,2024-03-08
23,48000,RENT,5.0,DEBTCONSOLIDATION,B,5000,9.25,0,0.1,N,2,2024-02-13
24,48000,RENT,8.0,DEBTCONSOLIDATION,B,5000,9.99,0,0.1,N,4,2024-12-09
23,48000,RENT,2.0,DEBTCONSOLIDATION,A,5000,6.17,0,0.1,N,4,2024-08-10
22,48000,RENT,7.0,PERSONAL,B,5000,11.12,0,0.1,N,2,2024-11-18
24,48000,RENT,6.0,EDUCATION,C,5000,13.11,0,0.1,Y,4,2024-02-12
22,43200,MORTGAGE,7.0,PERSONAL,A,11000,5.42,0,0.25,N,2,2024-06-25
24,43200,MORTGAGE,3.0,HOMEIMPROVEMENT,C,16000,11.013786929274843,0,0.37,Y,2,2024-10-27
22,48000,RENT,6.0,VENTURE,B,5000,11.013786929274843,0,0.1,N,2,2024-04-19
23,43200,OWN,6.0,VENTURE,E,13000,15.95,0,0.3,N,2,2024-11-10
23,43200,OWN,6.0,EDUCATION,C,2000,14.35,0,0.05,N,4,2024-07-09
24,37200,MORTGAGE,2.0,MEDICAL,A,8000,7.88,1,0.22,N,4,2024-04-27
24,48000,RENT,3.0,EDUCATION,B,5000,11.89,0,0.1,N,2,2024-01-02
22,43200,MORTGAGE,6.0,VENTURE,A,6000,7.51,0,0.14,N,3,2024-07-19
26,37200,MORTGAGE,10.0,DEBTCONSOLIDATION,C,16000,13.11,1,0.43,N,2,2024-01-12
22,48000,RENT,2.0,DEBTCONSOLIDATION,B,5000,11.89,0,0.1,N,4,2024-09-05
25,48000,RENT,3.0,PERSONAL,A,5000,9.63,0,0.1,N,3,2024-12-02
23,48000,RENT,7.0,VENTURE,B,5000,8.7,0,0.1,N,3,2024-04-21
22,48048,RENT,2.0,MEDICAL,B,5000,11.36,0,0.1,N,4,2024-03-10
26,43200,MORTGAGE,10.0,HOMEIMPROVEMENT,B,2500,9.88,0,0.06,N,4,2024-04-06
24,48200,RENT,3.0,MEDICAL,B,5000,10.38,0,0.1,N,2,2024-06-29
25,43200,OWN,9.0,VENTURE,B,13800,11.48,0,0.32,N,2,2024-05-30
22,43200,OWN,6.0,PERSONAL,A,10000,9.63,0,0.23,N,3,2024-01-13
22,43200,OWN,6.0,EDUCATION,A,6000,7.68,0,0.14,N,3,2024-09-05
26,48996,RENT,5.0,EDUCATION,A,5000,7.88,0,0.1,N,3,2024-09-29
24,48996,RENT,5.0,MEDICAL,C,5000,13.79,0,0.1,Y,4,2024-11-27
23,43236,OWN,1.0,VENTURE,C,18000,12.87,0,0.42,N,2,2024-09-15
24,49000,RENT,4.0,MEDICAL,B,5000,10.65,0,0.1,N,3,2024-12-07
22,49000,RENT,6.0,VENTURE,B,5000,11.86,0,0.1,N,2,2024-02-02
24,49296,RENT,8.0,EDUCATION,A,5000,7.88,0,0.1,N,4,2024-04-22
22,49560,RENT,5.0,EDUCATION,B,5000,10.36,0,0.1,N,4,2024-10-19
24,43300,MORTGAGE,2.0,DEBTCONSOLIDATION,B,24000,10.62,0,0.55,N,2,2024-10-27
23,44000,RENT,6.0,HOMEIMPROVEMENT,D,5000,16.77,1,0.11,N,2,2024-08-29
22,50000,RENT,6.0,DEBTCONSOLIDATION,A,5000,5.42,0,0.1,N,3,2024-02-03
24,44000,RENT,2.0,EDUCATION,C,5000,15.23,1,0.11,N,2,2024-09-05
23,50000,RENT,7.0,EDUCATION,B,5000,10.59,0,0.1,N,2,2024-11-06
24,50000,RENT,1.0,HOMEIMPROVEMENT,A,5000,7.49,0,0.1,N,2,2024-05-25
24,55000,RENT,6.0,DEBTCONSOLIDATION,C,9000,12.87,0,0.16,N,4,2024-02-06
25,43500,MORTGAGE,2.0,HOMEIMPROVEMENT,A,9000,9.63,0,0.21,N,4,2024-08-22
26,55000,RENT,10.0,EDUCATION,E,9000,16.7,0,0.16,N,3,2024-03-22
23,43600,MORTGAGE,4.0,EDUCATION,A,7000,7.49,0,0.16,N,4,2024-11-27
23,43600,OWN,7.0,EDUCATION,C,15000,11.013786929274843,0,0.34,N,3,2024-03-28
23,49029,RENT,1.0,MEDICAL,A,9000,11.013786929274843,1,0.18,N,2,2024-05-14
24,56000,RENT,8.0,HOMEIMPROVEMENT,D,9000,11.013786929274843,0,0.16,Y,2,2024-03-06
24,56000,RENT,6.0,PERSONAL,A,9000,7.29,0,0.16,N,2,2024-10-11
23,56000,RENT,7.0,EDUCATION,C,9000,13.35,0,0.16,N,3,2024-12-01
23,57000,RENT,1.0,PERSONAL,A,9000,7.14,0,0.16,N,2,2024-07-12
23,37700,MORTGAGE,7.0,DEBTCONSOLIDATION,A,10000,9.63,1,0.27,N,3,2024-01-15
25,37700,MORTGAGE,7.0,EDUCATION,B,9000,11.58,1,0.24,N,2,2024-10-15
26,57240,RENT,3.0,VENTURE,A,9000,7.51,0,0.16,N,3,2024-11-04
23,57500,RENT,2.0,MEDICAL,B,9000,10.37,0,0.16,N,3,2024-08-27
23,57500,RENT,5.0,EDUCATION,A,9000,6.91,0,0.16,N,2,2024-07-18
26,37800,MORTGAGE,10.0,HOMEIMPROVEMENT,D,7000,14.96,1,0.19,N,4,2024-12-18
25,57996,RENT,4.0,DEBTCONSOLIDATION,B,9000,11.83,0,0.16,N,4,2024-07-02
24,58000,RENT,6.0,EDUCATION,A,9000,7.29,0,0.16,N,4,2024-10-05
24,58800,RENT,4.0,EDUCATION,A,9000,11.013786929274843,0,0.15,N,2,2024-05-16
23,60000,RENT,1.0,DEBTCONSOLIDATION,A,9000,7.51,0,0.15,N,3,2024-10-22
22,44000,MORTGAGE,4.0,EDUCATION,B,10000,12.69,0,0.23,N,2,2024-12-02
23,44000,OWN,7.0,VENTURE,A,6400,7.51,0,0.15,N,3,2024-08-03
22,60000,RENT,5.0,PERSONAL,A,9000,5.99,0,0.15,N,4,2024-06-19
26,60000,RENT,4.0,EDUCATION,C,9000,12.68,0,0.15,N,4,2024-08-15
23,44000,MORTGAGE,4.0,EDUCATION,A,3200,7.51,0,0.07,N,4,2024-07-14
23,60000,RENT,2.0,MEDICAL,A,9000,6.17,0,0.15,N,2,2024-12-24
24,44000,OWN,9.0,VENTURE,C,6000,15.96,0,0.14,Y,4,2024-08-27
23,60000,RENT,2.0,VENTURE,A,9000,11.013786929274843,0,0.15,N,4,2024-08-31
23,44000,MORTGAGE,2.0,VENTURE,C,4000,15.27,0,0.09,N,2,2024-06-06
25,44000,MORTGAGE,6.0,HOMEIMPROVEMENT,A,7000,6.03,0,0.16,N,3,2024-10-31
24,44000,MORTGAGE,4.0,PERSONAL,B,11200,10.99,0,0.25,N,4,2024-12-11
22,60000,RENT,3.0,DEBTCONSOLIDATION,B,9000,11.86,0,0.15,N,4,2024-11-28
22,60000,RENT,6.0,EDUCATION,A,9000,7.14,0,0.15,N,4,2024-11-05
24,60000,RENT,1.0,VENTURE,B,9000,11.58,0,0.15,N,3,2024-07-09
22,44000,MORTGAGE,2.0,PERSONAL,A,3500,5.99,0,0.08,N,2,2024-02-20
24,44000,MORTGAGE,7.0,PERSONAL,B,10000,9.99,0,0.23,N,3,2024-02-21
23,61041,RENT,7.0,PERSONAL,B,9000,11.36,0,0.15,N,2,2024-09-17
22,62400,RENT,6.0,VENTURE,A,9000,8.49,0,0.14,N,3,2024-04-09
25,62604,RENT,2.0,PERSONAL,A,9000,11.013786929274843,0,0.14,N,3,2024-11-17
26,64000,RENT,3.0,DEBTCONSOLIDATION,A,9000,6.03,0,0.14,N,2,2024-05-17
25,44000,MORTGAGE,2.0,VENTURE,D,12000,14.54,0,0.27,N,2,2024-05-13
26,44000,MORTGAGE,7.0,PERSONAL,E,10000,17.14,0,0.23,N,4,2024-09-21
24,65000,RENT,5.0,HOMEIMPROVEMENT,A,9000,6.03,0,0.14,N,4,2024-03-27
25,44000,MORTGAGE,5.0,VENTURE,A,4000,5.79,0,0.09,N,4,2024-11-12
22,44000,MORTGAGE,5.0,DEBTCONSOLIDATION,A,7200,7.29,0,0.16,N,3,2024-04-04
24,44000,MORTGAGE,8.0,EDUCATION,A,2000,5.79,0,0.05,N,3,2024-08-26
22,65000,RENT,1.0,DEBTCONSOLIDATION,B,9000,9.91,0,0.14,N,4,2024-01-20
24,44000,OWN,8.0,VENTURE,A,14500,7.29,0,0.33,N,2,2024-05-19
26,65000,RENT,3.0,MEDICAL,B,9000,11.86,0,0.14,N,4,2024-05-16
24,44000,MORTGAGE,8.0,DEBTCONSOLIDATION,A,10750,6.17,0,0.24,N,3,2024-06-10
23,69000,RENT,7.0,PERSONAL,B,9000,11.49,0,0.13,N,2,2024-02-09
22,70000,RENT,3.0,VENTURE,C,9000,13.49,0,0.13,Y,2,2024-09-27
22,70000,RENT,4.0,EDUCATION,B,9000,11.013786929274843,0,0.13,N,2,2024-08-04
23,44000,OWN,7.0,VENTURE,C,5000,13.23,0,0.11,N,2,2024-11-08
26,44000,OWN,10.0,VENTURE,C,5000,11.013786929274843,0,0.11,N,2,2024-05-13
23,72000,RENT,2.0,VENTURE,C,9000,13.47,0,0.13,N,3,2024-12-16
25,72500,RENT,2.0,HOMEIMPROVEMENT,B,9000,10.59,0,0.12,N,2,2024-12-23
26,74000,RENT,3.0,PERSONAL,B,9000,10.0,0,0.12,N,3,2024-03-12
25,44000,MORTGAGE,1.0,VENTURE,C,10000,12.87,0,0.23,Y,2,2024-08-20
22,75000,RENT,2.0,DEBTCONSOLIDATION,B,9000,10.99,0,0.12,N,4,2024-05-29
25,44000,MORTGAGE,7.0,HOMEIMPROVEMENT,A,5000,7.4,0,0.11,N,3,2024-03-28
23,44000,MORTGAGE,2.0,VENTURE,A,2000,7.4,0,0.05,N,4,2024-03-27
23,69000,RENT,8.0,EDUCATION,B,9000,9.63,1,0.13,N,4,2024-10-16
23,69000,RENT,1.0,EDUCATION,D,9000,14.09,1,0.13,Y,3,2024-07-10
24,44000,OWN,8.0,PERSONAL,D,9000,15.31,0,0.2,Y,2,2024-07-29
24,77496,RENT,2.0,VENTURE,C,9000,12.84,0,0.12,N,4,2024-03-02
25,44000,MORTGAGE,3.0,VENTURE,A,3600,9.32,0,0.08,N,2,2024-05-18
26,80000,RENT,3.0,VENTURE,A,9000,8.9,0,0.11,N,2,2024-10-05
22,80000,RENT,3.0,DEBTCONSOLIDATION,A,9000,6.91,0,0.11,N,3,2024-11-22
23,80400,RENT,4.0,PERSONAL,A,9000,7.51,0,0.11,N,2,2024-06-05
23,83000,RENT,7.0,DEBTCONSOLIDATION,B,9000,10.59,0,0.11,N,4,2024-06-12
22,44000,MORTGAGE,1.0,DEBTCONSOLIDATION,B,18900,10.14,0,0.43,N,2,2024-02-07
25,84000,RENT,5.0,DEBTCONSOLIDATION,B,9000,11.36,0,0.11,N,2,2024-03-18
22,38004,MORTGAGE,7.0,DEBTCONSOLIDATION,D,3600,17.27,1,0.09,N,4,2024-11-22
23,44004,OWN,7.0,MEDICAL,A,17000,6.62,0,0.39,N,2,2024-08-18
24,85000,RENT,1.0,MEDICAL,C,9000,13.92,0,0.11,N,4,2024-01-30
24,86250,RENT,1.0,HOMEIMPROVEMENT,B,9000,12.69,0,0.1,N,2,2024-05-28
25,87000,RENT,7.0,MEDICAL,C,9000,13.49,0,0.1,N,4,2024-04-25
23,88000,RENT,5.0,MEDICAL,B,9000,11.013786929274843,0,0.1,N,2,2024-07-27
22,44160,MORTGAGE,5.0,VENTURE,C,3000,14.79,0,0.07,N,3,2024-10-14
24,44160,OTHER,7.0,MEDICAL,C,10000,13.22,0,0.23,N,4,2024-12-22
25,44196,MORTGAGE,8.0,HOMEIMPROVEMENT,A,4000,7.51,0,0.09,N,3,2024-12-29
25,90900,RENT,9.0,VENTURE,C,9000,13.22,0,0.1,Y,3,2024-08-27
24,44208,MORTGAGE,2.0,VENTURE,A,7000,7.51,0,0.16,N,3,2024-11-25
23,92000,RENT,7.0,EDUCATION,A,9000,6.92,0,0.1,N,2,2024-07-12
24,83000,RENT,8.0,PERSONAL,D,9000,15.05,1,0.11,Y,3,2024-09-08
26,38340,MORTGAGE,7.0,PERSONAL,B,2500,12.18,1,0.07,N,4,2024-07-10
23,44390,OWN,3.0,EDUCATION,B,14300,10.99,0,0.32,N,2,2024-12-05
23,38400,MORTGAGE,2.0,DEBTCONSOLIDATION,D,15000,17.27,1,0.39,N,3,2024-08-26
25,100000,RENT,7.0,MEDICAL,C,9000,11.34,0,0.09,Y,4,2024-08-17
25,100500,RENT,5.0,PERSONAL,B,9000,11.013786929274843,0,0.09,N,4,2024-02-01
25,44400,MORTGAGE,9.0,DEBTCONSOLIDATION,A,6000,6.03,0,0.14,N,2,2024-11-27
25,44400,MORTGAGE,6.0,VENTURE,C,14125,12.99,0,0.32,N,2,2024-07-19
22,110500,RENT,2.0,EDUCATION,A,9000,5.79,0,0.08,N,4,2024-01-25
25,115000,RENT,2.0,HOMEIMPROVEMENT,A,9000,7.51,0,0.08,N,3,2024-01-09
23,44400,MORTGAGE,8.0,EDUCATION,C,2500,12.68,0,0.06,N,3,2024-03-28
23,44400,MORTGAGE,3.0,EDUCATION,A,6500,7.51,0,0.15,N,4,2024-09-08
23,140000,RENT,7.0,EDUCATION,A,9000,7.14,0,0.06,N,3,2024-09-22
25,44400,OWN,1.0,PERSONAL,C,5000,12.72,0,0.11,Y,3,2024-10-14
24,143000,RENT,7.0,VENTURE,E,9000,16.45,1,0.06,Y,4,2024-09-29
24,24000,RENT,5.0,MEDICAL,B,8975,11.83,1,0.37,N,2,2024-09-03
26,33000,RENT,4.0,MEDICAL,D,8975,16.02,0,0.27,Y,3,2024-08-07
26,44470,MORTGAGE,2.0,DEBTCONSOLIDATION,A,4000,6.76,0,0.09,N,2,2024-04-07
24,44475,OWN,1.0,VENTURE,B,5000,10.65,0,0.11,N,3,2024-06-26
26,52800,RENT,4.0,VENTURE,B,8975,10.99,0,0.17,N,2,2024-11-18
23,44496,MORTGAGE,2.0,VENTURE,A,3500,11.013786929274843,0,0.08,N,4,2024-03-07
23,33000,RENT,1.0,EDUCATION,C,8950,13.22,1,0.27,Y,3,2024-09-16
23,44500,MORTGAGE,4.0,EDUCATION,B,9250,9.62,0,0.21,N,3,2024-01-30
25,63000,RENT,3.0,MEDICAL,A,8900,7.29,0,0.14,N,3,2024-02-27
22,44500,MORTGAGE,3.0,PERSONAL,C,15000,13.57,0,0.34,Y,4,2024-08-28
23,23000,RENT,2.0,EDUCATION,A,8875,8.9,1,0.39,N,2,2024-04-10
22,23000,RENT,1.0,DEBTCONSOLIDATION,B,8875,10.74,1,0.39,N,4,2024-11-25
24,44582,MORTGAGE,8.0,PERSONAL,A,5600,7.49,0,0.13,N,2,2024-05-26
24,44600,MORTGAGE,5.0,MEDICAL,B,20000,11.89,0,0.45,N,4,2024-08-22
26,24500,RENT,4.0,PERSONAL,B,8875,10.0,1,0.36,N,2,2024-11-16
24,26400,RENT,4.0,MEDICAL,A,8875,6.62,1,0.34,N,4,2024-10-22
24,28800,RENT,2.0,PERSONAL,B,8875,11.013786929274843,1,0.31,N,2,2024-12-07
25,30000,RENT,1.0,EDUCATION,A,8875,7.51,0,0.3,N,4,2024-12-18
24,44700,OWN,8.0,MEDICAL,D,14400,15.37,0,0.32,Y,4,2024-07-30
22,44720,MORTGAGE,6.0,PERSONAL,A,6000,7.9,0,0.13,N,2,2024-01-19
24,62000,RENT,8.0,PERSONAL,A,8850,6.62,0,0.14,N,3,2024-07-16
22,23800,RENT,2.0,VENTURE,A,8800,9.32,1,0.37,N,4,2024-10-30
26,44959,MORTGAGE,2.0,PERSONAL,B,10000,11.71,0,0.22,N,2,2024-09-14
23,46744,RENT,4.0,EDUCATION,D,8800,14.96,0,0.19,Y,3,2024-04-28
22,47000,RENT,6.0,EDUCATION,A,8800,7.49,0,0.19,N,4,2024-10-23
22,48000,RENT,7.0,PERSONAL,A,8800,6.62,0,0.18,N,4,2024-12-11
23,45000,MORTGAGE,4.0,EDUCATION,C,8650,14.27,0,0.19,N,2,2024-08-08
22,60000,RENT,3.0,MEDICAL,A,8800,8.9,0,0.15,N,3,2024-06-10
25,45000,MORTGAGE,3.0,EDUCATION,A,9000,6.62,0,0.2,N,3,2024-04-13
23,45000,MORTGAGE,4.0,DEBTCONSOLIDATION,B,10000,11.71,0,0.22,N,3,2024-08-12
22,73700,RENT,3.0,EDUCATION,F,8800,18.21,0,0.12,Y,3,2024-11-04
25,75000,RENT,7.0,VENTURE,D,8800,14.59,0,0.12,N,3,2024-06-04
24,108000,RENT,6.0,EDUCATION,B,8800,10.99,0,0.08,N,4,2024-02-27
25,45000,MORTGAGE,4.0,VENTURE,C,10400,14.27,0,0.23,Y,2,2024-11-05
23,44000,RENT,1.0,MEDICAL,C,5000,13.99,1,0.11,Y,2,2024-05-07
23,44000,RENT,3.0,MEDICAL,D,5000,14.91,1,0.11,Y,2,2024-12-29
24,50000,RENT,6.0,MEDICAL,A,5000,6.54,0,0.1,N,2,2024-05-29
22,45000,MORTGAGE,5.0,MEDICAL,B,6500,10.65,0,0.14,N,4,2024-06-03
24,50000,RENT,8.0,MEDICAL,B,5000,9.25,0,0.1,N,3,2024-02-20
23,45000,MORTGAGE,7.0,VENTURE,B,14550,11.71,0,0.32,N,4,2024-04-08
23,50000,RENT,7.0,EDUCATION,B,5000,11.86,0,0.1,N,4,2024-06-16
25,45000,MORTGAGE,9.0,EDUCATION,A,5000,11.013786929274843,0,0.11,N,3,2024-11-12
22,50000,RENT,2.0,DEBTCONSOLIDATION,A,5000,7.88,0,0.1,N,4,2024-09-28
24,50000,RENT,7.0,VENTURE,B,5000,11.36,0,0.1,N,4,2024-05-25
25,45000,MORTGAGE,1.0,VENTURE,A,3000,6.62,0,0.07,N,2,2024-03-28
23,50000,RENT,7.0,DEBTCONSOLIDATION,A,5000,7.4,0,0.1,N,2,2024-03-20
26,45000,MORTGAGE,4.0,PERSONAL,A,11000,8.9,0,0.24,N,3,2024-06-12
24,50000,RENT,3.0,PERSONAL,D,5000,14.74,0,0.1,Y,4,2024-09-10
24,45000,MORTGAGE,8.0,VENTURE,A,6000,7.51,0,0.13,N,4,2024-11-12
24,50000,RENT,2.0,EDUCATION,C,5000,11.03,0,0.1,Y,2,2024-12-05
24,50004,RENT,9.0,VENTURE,C,5000,11.013786929274843,0,0.1,N,4,2024-05-31
24,50004,RENT,5.0,PERSONAL,A,5000,7.14,0,0.1,N,3,2024-12-28
23,44400,RENT,4.0,VENTURE,D,5000,16.29,1,0.11,Y,4,2024-04-08
23,50400,RENT,3.0,VENTURE,B,5000,10.38,0,0.1,N,2,2024-04-14
24,39000,MORTGAGE,3.0,DEBTCONSOLIDATION,D,4150,17.58,1,0.11,Y,2,2024-03-08
22,50433,RENT,6.0,VENTURE,B,5000,10.71,0,0.1,N,4,2024-08-12
24,50793,RENT,6.0,PERSONAL,A,5000,6.62,0,0.1,N,4,2024-05-22
25,45996,RENT,2.0,DEBTCONSOLIDATION,G,5000,11.013786929274843,1,0.11,Y,4,2024-05-02
25,39000,MORTGAGE,5.0,PERSONAL,C,8500,14.65,1,0.22,N,4,2024-03-24
22,45000,OWN,4.0,PERSONAL,A,7000,6.62,0,0.16,N,3,2024-07-04
23,45000,MORTGAGE,6.0,MEDICAL,B,5600,11.71,0,0.12,N,3,2024-06-23
22,21000,RENT,1.0,PERSONAL,A,8500,7.51,1,0.4,N,4,2024-03-23
26,45000,MORTGAGE,6.0,MEDICAL,C,6000,14.27,0,0.13,Y,4,2024-03-02
24,24000,RENT,1.0,PERSONAL,A,8500,7.9,1,0.35,N,3,2024-02-21
25,45000,MORTGAGE,5.0,PERSONAL,B,3800,10.65,0,0.08,N,2,2024-01-12
25,24000,RENT,2.0,VENTURE,B,8500,9.88,1,0.35,N,4,2024-07-02
26,24996,RENT,3.0,VENTURE,A,8500,6.91,1,0.34,N,4,2024-01-14
23,25000,RENT,2.0,EDUCATION,A,8500,6.03,1,0.34,N,3,2024-05-31
26,25000,RENT,3.0,MEDICAL,B,8500,11.71,1,0.34,N,2,2024-04-07
24,45000,MORTGAGE,2.0,VENTURE,A,9050,6.62,0,0.2,N,4,2024-06-26
25,25000,RENT,4.0,DEBTCONSOLIDATION,B,8500,11.26,1,0.34,N,2,2024-07-19
25,45000,MORTGAGE,9.0,HOMEIMPROVEMENT,A,6800,6.03,0,0.15,N,2,2024-09-28
22,45000,MORTGAGE,6.0,PERSONAL,A,5000,6.99,0,0.11,N,3,2024-04-06
26,45000,MORTGAGE,10.0,HOMEIMPROVEMENT,A,8000,6.99,0,0.18,N,2,2024-07-11
22,27000,RENT,2.0,EDUCATION,B,8500,12.21,1,0.31,N,2,2024-12-13
22,45000,MORTGAGE,6.0,VENTURE,A,5000,7.49,0,0.11,N,4,2024-02-27
26,28700,RENT,6.0,MEDICAL,D,8500,13.55,1,0.3,Y,3,2024-01-23
24,28800,RENT,1.0,DEBTCONSOLIDATION,A,8500,11.013786929274843,0,0.3,N,2,2024-08-02
25,45000,MORTGAGE,4.0,MEDICAL,A,5800,6.99,0,0.13,N,2,2024-04-27
23,29520,RENT,7.0,EDUCATION,D,8500,15.37,0,0.29,Y,2,2024-01-09
23,30000,RENT,6.0,EDUCATION,C,8500,13.49,0,0.28,N,2,2024-06-19
22,45000,MORTGAGE,2.0,EDUCATION,D,8000,16.49,0,0.18,N,2,2024-06-19
23,45000,MORTGAGE,7.0,EDUCATION,B,14000,11.49,0,0.31,N,2,2024-07-20
25,30000,RENT,3.0,EDUCATION,C,8500,13.98,0,0.28,Y,4,2024-10-21
25,45000,MORTGAGE,4.0,VENTURE,D,2000,15.62,0,0.04,Y,3,2024-02-23
26,34000,RENT,1.0,MEDICAL,A,8500,7.88,0,0.25,N,3,2024-02-19
22,30000,RENT,4.0,HOMEIMPROVEMENT,D,8500,15.05,1,0.28,Y,4,2024-02-04
23,45000,MORTGAGE,4.0,VENTURE,B,4725,11.99,0,0.1,N,2,2024-10-26
25,38400,RENT,9.0,VENTURE,B,8500,10.99,0,0.22,N,2,2024-05-29
22,40000,RENT,1.0,PERSONAL,C,8500,14.35,0,0.21,Y,2,2024-05-02
24,45000,MORTGAGE,6.0,HOMEIMPROVEMENT,A,4075,5.42,0,0.09,N,3,2024-12-24
23,34000,RENT,5.0,VENTURE,C,8500,13.92,1,0.25,N,3,2024-08-03
26,45000,MORTGAGE,10.0,HOMEIMPROVEMENT,C,14125,13.99,0,0.31,Y,2,2024-12-14
25,45000,MORTGAGE,6.0,HOMEIMPROVEMENT,B,10000,9.99,0,0.22,N,4,2024-09-17
23,45000,MORTGAGE,8.0,VENTURE,B,13000,10.99,0,0.29,N,2,2024-03-02
24,39000,MORTGAGE,8.0,HOMEIMPROVEMENT,C,5000,11.013786929274843,1,0.13,N,3,2024-10-28
23,45000,MORTGAGE,2.0,DEBTCONSOLIDATION,A,6000,7.49,0,0.13,N,3,2024-12-12
22,42000,RENT,3.0,EDUCATION,B,8500,12.53,0,0.2,N,4,2024-02-19
26,42996,RENT,10.0,MEDICAL,B,8500,10.2,0,0.2,N,2,2024-02-13
26,45000,MORTGAGE,6.0,VENTURE,A,5000,6.99,0,0.11,N,2,2024-09-30
22,44000,RENT,4.0,VENTURE,A,8500,5.42,0,0.19,N,4,2024-06-05
25,39000,RENT,2.0,VENTURE,C,8500,13.23,1,0.22,Y,4,2024-03-12
25,45000,MORTGAGE,8.0,DEBTCONSOLIDATION,A,4000,6.62,0,0.09,N,4,2024-06-08
25,47000,RENT,1.0,EDUCATION,A,8500,8.9,0,0.18,N,4,2024-08-06
26,45000,MORTGAGE,9.0,VENTURE,D,10000,16.89,0,0.22,N,4,2024-05-09
25,47000,RENT,8.0,DEBTCONSOLIDATION,B,8500,10.37,0,0.18,N,4,2024-04-22
24,49232,RENT,8.0,EDUCATION,A,8500,6.54,0,0.17,N,4,2024-02-21
25,44000,RENT,9.0,MEDICAL,C,8500,14.27,1,0.19,N,4,2024-10-16
26,45000,MORTGAGE,5.0,PERSONAL,A,14650,7.49,0,0.33,N,2,2024-08-17
25,50000,RENT,7.0,EDUCATION,E,8500,15.7,0,0.17,N,4,2024-02-22
24,52582,RENT,5.0,MEDICAL,B,8500,10.62,0,0.16,N,2,2024-06-22
22,46968,RENT,1.0,PERSONAL,C,8500,11.013786929274843,1,0.18,N,4,2024-09-19
24,45000,MORTGAGE,8.0,PERSONAL,A,4000,11.013786929274843,0,0.09,N,2,2024-07-09
24,45000,OWN,4.0,VENTURE,A,11000,7.49,0,0.24,N,2,2024-01-23
24,55000,RENT,5.0,DEBTCONSOLIDATION,B,8500,9.88,0,0.15,N,2,2024-06-30
25,55000,RENT,7.0,MEDICAL,C,8500,14.22,0,0.15,N,2,2024-10-05
24,45000,MORTGAGE,2.0,PERSONAL,A,7200,7.29,0,0.16,N,4,2024-10-27
26,59000,RENT,2.0,PERSONAL,B,8500,11.83,0,0.14,N,4,2024-06-08
23,45000,MORTGAGE,7.0,DEBTCONSOLIDATION,A,7000,5.42,0,0.16,N,3,2024-07-28
25,62500,RENT,3.0,EDUCATION,A,8500,7.88,0,0.14,N,4,2024-08-16
25,63996,RENT,2.0,VENTURE,B,8500,11.89,0,0.13,N,4,2024-06-24
22,45000,MORTGAGE,3.0,EDUCATION,C,3000,11.013786929274843,0,0.07,N,4,2024-05-29
23,65000,RENT,6.0,DEBTCONSOLIDATION,C,8500,13.35,0,0.13,Y,2,2024-01-09
23,65000,RENT,3.0,MEDICAL,B,8500,12.21,0,0.13,N,2,2024-12-08
23,66200,RENT,5.0,PERSONAL,A,8500,11.013786929274843,0,0.13,N,2,2024-08-26
25,45000,MORTGAGE,2.0,MEDICAL,A,3000,6.92,0,0.07,N,3,2024-06-26
22,74000,RENT,6.0,VENTURE,B,8500,11.71,0,0.11,N,4,2024-01-19
25,69000,RENT,5.0,HOMEIMPROVEMENT,A,8500,6.92,1,0.12,N,4,2024-03-28
23,38500,RENT,1.0,EDUCATION,B,8450,10.62,0,0.22,N,4,2024-04-11
24,45000,MORTGAGE,8.0,EDUCATION,A,5000,5.79,0,0.11,N,2,2024-03-12
22,100000,RENT,2.0,EDUCATION,C,8450,12.99,0,0.08,Y,2,2024-12-23
24,45000,MORTGAGE,3.0,VENTURE,C,15000,13.06,0,0.33,N,3,2024-09-22
24,45000,MORTGAGE,8.0,MEDICAL,A,5000,5.79,0,0.11,N,3,2024-04-24
22,25000,RENT,2.0,EDUCATION,A,8400,6.62,1,0.34,N,2,2024-06-20
26,52000,RENT,5.0,PERSONAL,B,5000,10.59,0,0.1,N,3,2024-11-21
23,52000,RENT,1.0,PERSONAL,A,5000,7.49,0,0.1,N,3,2024-05-28
22,52000,RENT,1.0,VENTURE,A,5000,6.99,0,0.1,N,4,2024-01-23
23,45000,MORTGAGE,2.0,EDUCATION,B,10000,11.11,0,0.22,N,3,2024-01-24
24,52728,RENT,4.0,PERSONAL,A,5000,7.74,0,0.09,N,4,2024-11-22
22,53000,RENT,6.0,EDUCATION,B,5000,9.91,0,0.09,N,2,2024-07-30
24,45000,OWN,8.0,HOMEIMPROVEMENT,A,10000,11.013786929274843,0,0.22,N,3,2024-07-18
25,45000,MORTGAGE,9.0,HOMEIMPROVEMENT,B,3000,9.99,0,0.07,N,4,2024-05-21
25,45000,MORTGAGE,9.0,DEBTCONSOLIDATION,B,4000,9.25,0,0.09,N,3,2024-02-10
25,53000,RENT,3.0,HOMEIMPROVEMENT,C,5000,12.53,0,0.09,Y,3,2024-10-11
26,53500,RENT,1.0,PERSONAL,B,5000,12.18,0,0.09,N,3,2024-09-10
26,54000,RENT,10.0,EDUCATION,B,5000,10.0,0,0.09,N,2,2024-01-12
25,54000,RENT,5.0,PERSONAL,B,5000,12.21,0,0.09,N,4,2024-05-05
22,45000,MORTGAGE,5.0,DEBTCONSOLIDATION,C,5000,12.61,0,0.11,Y,2,2024-09-02
24,45000,MORTGAGE,5.0,PERSONAL,A,10000,5.79,0,0.22,N,4,2024-11-22
26,54996,RENT,3.0,HOMEIMPROVEMENT,B,5000,11.86,0,0.09,N,2,2024-08-19
26,45000,MORTGAGE,10.0,DEBTCONSOLIDATION,A,10000,6.91,0,0.22,N,4,2024-12-18
22,49000,RENT,1.0,EDUCATION,D,5000,15.62,1,0.1,Y,4,2024-07-09
25,45000,OWN,9.0,MEDICAL,A,3000,6.17,0,0.07,N,4,2024-06-09
22,55000,RENT,6.0,EDUCATION,A,5000,6.91,0,0.09,N,2,2024-07-09
26,55000,RENT,3.0,VENTURE,C,5000,13.48,0,0.09,Y,4,2024-04-21
25,55000,RENT,3.0,DEBTCONSOLIDATION,C,5000,11.013786929274843,0,0.09,Y,4,2024-03-24
22,55000,RENT,3.0,EDUCATION,C,5000,11.013786929274843,0,0.09,Y,3,2024-02-23
24,55000,RENT,4.0,VENTURE,A,5000,8.0,0,0.09,N,3,2024-12-12
24,56000,RENT,8.0,PERSONAL,C,5000,14.27,0,0.09,N,4,2024-01-30
26,56000,RENT,7.0,PERSONAL,A,5000,7.91,0,0.09,N,2,2024-03-15
22,45000,OWN,6.0,EDUCATION,A,4750,6.39,0,0.11,N,2,2024-02-16
24,50000,RENT,1.0,HOMEIMPROVEMENT,D,5000,15.62,1,0.1,N,4,2024-11-10
22,45000,OWN,7.0,EDUCATION,A,6000,6.76,0,0.13,N,2,2024-08-29
25,56000,RENT,2.0,DEBTCONSOLIDATION,B,5000,11.013786929274843,0,0.09,N,4,2024-05-11
22,45000,MORTGAGE,6.0,EDUCATION,A,10000,7.88,0,0.22,N,4,2024-01-21
23,56016,RENT,4.0,EDUCATION,E,5000,15.13,0,0.09,N,3,2024-08-24
26,51000,RENT,10.0,MEDICAL,B,5000,12.42,1,0.1,N,4,2024-11-10
24,51000,RENT,2.0,DEBTCONSOLIDATION,D,5000,14.74,1,0.1,Y,2,2024-11-16
26,51600,RENT,1.0,HOMEIMPROVEMENT,A,5000,8.94,1,0.1,N,2,2024-06-29
24,57692,RENT,2.0,HOMEIMPROVEMENT,C,5000,13.23,0,0.09,Y,3,2024-08-23
24,57996,RENT,1.0,HOMEIMPROVEMENT,A,5000,8.0,0,0.09,N,3,2024-12-07
24,57996,RENT,4.0,HOMEIMPROVEMENT,D,5000,13.24,0,0.09,N,4,2024-01-22
24,58000,RENT,5.0,MEDICAL,A,5000,7.49,0,0.09,N,2,2024-11-30
22,58000,RENT,4.0,PERSONAL,C,5000,13.85,0,0.09,N,2,2024-11-17
23,45000,MORTGAGE,1.0,MEDICAL,B,7200,11.86,0,0.16,N,2,2024-10-23
25,45000,MORTGAGE,4.0,MEDICAL,A,5000,7.88,0,0.11,N,3,2024-07-30
23,58000,RENT,4.0,PERSONAL,C,5000,13.16,0,0.09,N,3,2024-11-25
24,45000,MORTGAGE,5.0,EDUCATION,A,5000,11.013786929274843,0,0.11,N,4,2024-07-17
25,58296,RENT,9.0,DEBTCONSOLIDATION,A,5000,6.17,0,0.09,N,4,2024-06-14
22,58380,RENT,2.0,VENTURE,C,5000,12.29,0,0.09,N,3,2024-01-21
26,45000,MORTGAGE,3.0,EDUCATION,C,4000,14.35,0,0.09,Y,2,2024-07-12
24,58800,RENT,5.0,HOMEIMPROVEMENT,A,5000,7.29,0,0.09,N,3,2024-03-21
25,58800,RENT,4.0,EDUCATION,D,5000,14.84,0,0.09,N,2,2024-03-08
22,52880,RENT,6.0,MEDICAL,D,5000,14.59,1,0.09,N,4,2024-03-21
26,58979,RENT,2.0,DEBTCONSOLIDATION,A,5000,9.32,0,0.08,N,3,2024-12-10
26,53000,RENT,4.0,DEBTCONSOLIDATION,D,5000,15.95,1,0.09,Y,2,2024-02-27
22,59317,RENT,5.0,VENTURE,B,5000,11.48,0,0.08,N,4,2024-06-23
24,45000,MORTGAGE,4.0,MEDICAL,A,1500,11.013786929274843,0,0.03,N,2,2024-06-10
22,45000,MORTGAGE,3.0,EDUCATION,B,15000,11.36,0,0.33,N,2,2024-11-09
23,45000,MORTGAGE,7.0,VENTURE,A,5000,6.76,0,0.11,N,3,2024-01-18
26,45000,MORTGAGE,10.0,PERSONAL,A,1500,6.76,0,0.03,N,4,2024-08-30
23,60000,RENT,7.0,EDUCATION,C,5000,13.49,0,0.08,N,2,2024-03-03
22,54000,RENT,6.0,DEBTCONSOLIDATION,D,5000,17.27,1,0.09,Y,2,2024-08-09
23,60000,RENT,5.0,VENTURE,D,5000,16.49,0,0.08,Y,2,2024-03-29
24,60000,RENT,2.0,MEDICAL,C,5000,13.99,0,0.08,Y,2,2024-03-16
24,45000,MORTGAGE,8.0,HOMEIMPROVEMENT,A,4200,7.14,0,0.09,N,2,2024-06-17
23,60000,RENT,6.0,DEBTCONSOLIDATION,A,5000,6.99,0,0.08,N,3,2024-10-11
26,60000,RENT,10.0,VENTURE,B,5000,10.99,0,0.08,N,2,2024-05-08
23,60000,RENT,2.0,DEBTCONSOLIDATION,A,5000,11.013786929274843,0,0.08,N,3,2024-05-24
23,60000,RENT,2.0,VENTURE,A,5000,6.91,0,0.08,N,4,2024-03-15
25,60000,RENT,8.0,HOMEIMPROVEMENT,D,5000,15.57,0,0.08,N,4,2024-11-10
22,45000,MORTGAGE,1.0,EDUCATION,B,3300,10.99,0,0.07,N,3,2024-01-08
22,54000,RENT,1.0,DEBTCONSOLIDATION,A,5000,6.54,1,0.09,N,3,2024-08-03
23,60000,RENT,4.0,PERSONAL,C,5000,13.98,0,0.08,Y,2,2024-01-26
24,39000,MORTGAGE,2.0,HOMEIMPROVEMENT,C,16000,14.22,1,0.41,N,4,2024-07-21
23,45000,MORTGAGE,4.0,EDUCATION,C,14500,13.48,0,0.32,Y,2,2024-07-09
22,60000,RENT,3.0,PERSONAL,C,5000,14.22,0,0.08,N,4,2024-12-24
25,45000,OWN,5.0,VENTURE,B,10400,10.25,0,0.23,N,3,2024-10-21
22,54000,RENT,4.0,EDUCATION,E,5000,16.35,1,0.09,Y,3,2024-09-05
23,54000,RENT,7.0,EDUCATION,C,5000,12.84,1,0.09,Y,2,2024-08-20
22,45000,MORTGAGE,4.0,PERSONAL,C,5000,13.48,0,0.11,Y,4,2024-01-31
24,60996,RENT,8.0,HOMEIMPROVEMENT,A,5000,11.013786929274843,0,0.08,N,2,2024-03-06
22,61000,RENT,3.0,MEDICAL,B,5000,9.99,0,0.08,N,2,2024-05-13
24,45000,MORTGAGE,2.0,HOMEIMPROVEMENT,B,13000,10.62,0,0.29,N,2,2024-08-04
24,45000,MORTGAGE,3.0,EDUCATION,B,1275,11.36,0,0.03,N,4,2024-12-10
22,61000,RENT,2.0,VENTURE,A,5000,7.66,0,0.08,N,3,2024-07-05
25,62000,RENT,9.0,DEBTCONSOLIDATION,A,5000,11.013786929274843,0,0.08,N,2,2024-03-11
22,62400,RENT,2.0,VENTURE,B,5000,12.69,0,0.08,N,3,2024-12-18
25,62400,RENT,5.0,VENTURE,A,5000,7.51,0,0.08,N,2,2024-08-30
25,63000,RENT,9.0,HOMEIMPROVEMENT,B,5000,10.74,0,0.08,N,3,2024-04-15
23,63000,RENT,7.0,EDUCATION,C,5000,13.23,0,0.08,Y,4,2024-06-01
22,63000,RENT,2.0,DEBTCONSOLIDATION,A,5000,7.74,0,0.08,N,3,2024-06-30
23,45000,MORTGAGE,5.0,EDUCATION,B,14500,11.48,0,0.32,N,2,2024-05-02
24,63000,RENT,2.0,EDUCATION,A,5000,9.32,0,0.08,N,4,2024-04-13
23,63800,RENT,7.0,EDUCATION,B,5000,9.99,0,0.08,N,4,2024-02-27
25,64000,RENT,9.0,EDUCATION,D,5000,15.33,0,0.08,Y,4,2024-10-06
25,45000,MORTGAGE,3.0,EDUCATION,B,6000,11.83,0,0.13,N,2,2024-12-04
24,64600,RENT,2.0,DEBTCONSOLIDATION,A,5000,7.9,0,0.08,N,4,2024-08-24
25,45000,OWN,1.0,PERSONAL,C,10000,12.87,0,0.22,Y,2,2024-01-20
23,45000,MORTGAGE,2.0,PERSONAL,A,3000,7.05,0,0.07,N,3,2024-05-24
22,65000,RENT,3.0,EDUCATION,B,5000,11.49,0,0.08,N,3,2024-10-31
22,45000,MORTGAGE,3.0,EDUCATION,B,4000,11.83,0,0.09,N,3,2024-10-27
25,45000,MORTGAGE,3.0,DEBTCONSOLIDATION,A,4000,8.59,0,0.09,N,3,2024-02-07
22,45000,MORTGAGE,6.0,VENTURE,A,7000,8.94,0,0.16,N,3,2024-01-03
23,39000,MORTGAGE,7.0,VENTURE,C,16000,14.26,1,0.41,N,3,2024-07-01
23,65000,RENT,2.0,VENTURE,A,5000,5.42,0,0.08,N,2,2024-12-12
22,45000,MORTGAGE,1.0,EDUCATION,B,14550,11.83,0,0.32,N,4,2024-10-14
23,65000,RENT,3.0,MEDICAL,C,5000,13.98,0,0.08,Y,2,2024-07-19
22,45000,MORTGAGE,1.0,EDUCATION,B,8000,12.53,0,0.18,N,3,2024-07-30
25,45000,MORTGAGE,9.0,DEBTCONSOLIDATION,A,3200,7.74,0,0.07,N,3,2024-04-14
26,45000,MORTGAGE,1.0,DEBTCONSOLIDATION,A,1500,7.05,0,0.03,N,2,2024-08-21
23,45000,MORTGAGE,4.0,EDUCATION,B,9925,11.48,0,0.22,N,2,2024-11-13
24,65000,RENT,1.0,HOMEIMPROVEMENT,B,5000,10.25,0,0.08,N,2,2024-05-17
23,65000,RENT,3.0,EDUCATION,C,5000,13.47,0,0.08,Y,2,2024-01-12
22,59004,RENT,3.0,EDUCATION,B,5000,11.11,1,0.08,N,3,2024-03-02
25,45000,MORTGAGE,4.0,HOMEIMPROVEMENT,C,2700,11.013786929274843,0,0.06,Y,4,2024-05-17
23,45000,MORTGAGE,1.0,MEDICAL,B,10000,12.21,0,0.22,N,2,2024-01-17
23,45000,OWN,3.0,MEDICAL,A,7000,9.63,0,0.16,N,3,2024-12-02
22,45000,MORTGAGE,6.0,EDUCATION,A,5000,8.0,0,0.11,N,3,2024-05-17
23,66000,RENT,7.0,VENTURE,B,5000,10.39,0,0.08,N,3,2024-12-18
26,45000,MORTGAGE,2.0,VENTURE,B,12000,11.013786929274843,0,0.27,N,3,2024-04-15
24,45000,MORTGAGE,2.0,EDUCATION,B,9200,11.89,0,0.2,N,3,2024-07-04
26,45000,MORTGAGE,10.0,MEDICAL,B,4325,11.013786929274843,0,0.1,N,4,2024-05-17
24,39000,MORTGAGE,1.0,EDUCATION,D,12000,14.11,1,0.31,N,2,2024-12-14
24,67200,RENT,4.0,EDUCATION,B,5000,11.013786929274843,0,0.07,N,4,2024-11-08
22,67500,RENT,2.0,DEBTCONSOLIDATION,A,5000,7.74,0,0.07,N,4,2024-01-06
26,67500,RENT,1.0,MEDICAL,B,5000,12.18,0,0.07,N,3,2024-06-10
23,67596,RENT,2.0,PERSONAL,B,5000,11.86,0,0.07,N,4,2024-01-02
23,45000,MORTGAGE,3.0,EDUCATION,C,16750,12.53,0,0.37,Y,3,2024-10-01
22,68000,RENT,7.0,PERSONAL,B,5000,9.99,0,0.07,N,3,2024-04-04
24,68648,RENT,1.0,VENTURE,B,5000,10.99,0,0.07,N,2,2024-07-10
23,63900,RENT,7.0,DEBTCONSOLIDATION,D,5000,15.99,1,0.08,N,2,2024-12-04
24,69996,RENT,7.0,DEBTCONSOLIDATION,B,5000,10.38,0,0.07,N,4,2024-04-19
26,70000,RENT,3.0,PERSONAL,D,5000,11.013786929274843,0,0.07,Y,3,2024-10-30
23,54400,RENT,2.0,MEDICAL,D,5000,16.49,1,0.08,N,4,2024-10-30
23,45000,OWN,4.0,PERSONAL,D,6400,11.013786929274843,0,0.14,Y,3,2024-01-04
26,70000,RENT,3.0,EDUCATION,E,5000,17.39,0,0.07,N,2,2024-05-06
22,70500,RENT,1.0,VENTURE,B,5000,11.14,0,0.07,N,4,2024-09-08
22,71000,RENT,5.0,MEDICAL,B,5000,11.013786929274843,0,0.07,N,3,2024-02-10
23,55488,RENT,4.0,MEDICAL,D,5000,15.21,1,0.08,N,2,2024-10-11
22,71400,RENT,3.0,VENTURE,C,5000,12.99,0,0.07,Y,4,2024-08-13
22,39000,MORTGAGE,1.0,VENTURE,F,5000,18.21,1,0.13,Y,4,2024-11-09
22,45000,MORTGAGE,1.0,EDUCATION,A,7375,9.32,0,0.16,N,4,2024-01-26
22,72000,RENT,1.0,MEDICAL,B,5000,11.49,0,0.07,N,3,2024-08-03
26,39000,MORTGAGE,4.0,DEBTCONSOLIDATION,D,5000,13.67,1,0.13,N,3,2024-05-03
22,72000,RENT,6.0,PERSONAL,D,5000,11.013786929274843,0,0.07,N,3,2024-02-06
24,72000,RENT,6.0,MEDICAL,A,5000,11.013786929274843,0,0.07,N,3,2024-10-20
23,45000,MORTGAGE,1.0,EDUCATION,B,8000,10.51,0,0.18,N,4,2024-12-25
25,56950,RENT,9.0,MEDICAL,C,5000,13.92,1,0.07,N,4,2024-03-24
24,73000,RENT,1.0,DEBTCONSOLIDATION,B,5000,9.01,0,0.07,N,2,2024-08-27
24,73500,RENT,3.0,HOMEIMPROVEMENT,C,5000,12.99,0,0.07,N,4,2024-02-10
24,74000,RENT,2.0,MEDICAL,A,5000,11.013786929274843,0,0.07,N,4,2024-02-10
26,74500,RENT,8.0,VENTURE,B,5000,11.36,0,0.07,N,2,2024-05-20
23,75000,RENT,4.0,VENTURE,B,5000,11.013786929274843,0,0.07,N,3,2024-03-12
24,45000,OTHER,8.0,MEDICAL,A,7500,8.32,0,0.17,N,3,2024-09-01
25,45000,MORTGAGE,7.0,EDUCATION,A,7500,8.0,0,0.17,N,3,2024-06-07
23,69000,RENT,4.0,PERSONAL,A,5000,7.49,1,0.07,N,2,2024-10-05
23,75000,RENT,7.0,EDUCATION,A,5000,7.49,0,0.07,N,3,2024-06-04
22,75000,RENT,5.0,VENTURE,B,5000,11.49,0,0.07,N,3,2024-04-05
22,75000,RENT,2.0,VENTURE,B,5000,10.99,0,0.07,N,2,2024-08-31
26,45000,OWN,2.0,MEDICAL,C,7000,11.013786929274843,0,0.16,N,3,2024-08-17
22,75000,RENT,2.0,DEBTCONSOLIDATION,A,5000,5.79,0,0.07,N,2,2024-02-22
25,45000,OWN,1.0,HOMEIMPROVEMENT,C,9000,11.03,0,0.2,N,2,2024-10-27
24,75000,RENT,8.0,PERSONAL,C,5000,11.78,0,0.07,Y,2,2024-10-20
25,76000,RENT,1.0,DEBTCONSOLIDATION,A,5000,7.9,0,0.07,N,3,2024-10-14
25,76344,RENT,2.0,HOMEIMPROVEMENT,A,5000,9.63,0,0.07,N,2,2024-12-06
25,76500,RENT,4.0,DEBTCONSOLIDATION,C,5000,12.53,0,0.07,N,3,2024-03-28
25,78000,RENT,3.0,DEBTCONSOLIDATION,A,5000,7.66,0,0.06,N,3,2024-11-06
26,39200,MORTGAGE,2.0,MEDICAL,D,4000,15.05,1,0.1,N,3,2024-04-18
23,80000,RENT,5.0,VENTURE,B,5000,12.42,0,0.06,N,4,2024-08-11
24,74000,RENT,6.0,EDUCATION,C,5000,15.27,1,0.07,N,4,2024-07-25
22,74000,RENT,3.0,DEBTCONSOLIDATION,C,5000,13.49,1,0.07,Y,4,2024-10-24
23,45288,MORTGAGE,7.0,DEBTCONSOLIDATION,B,20500,9.25,0,0.45,N,2,2024-04-03
23,39292,MORTGAGE,3.0,PERSONAL,A,3250,11.013786929274843,1,0.08,N,4,2024-10-01
23,80000,RENT,6.0,PERSONAL,A,5000,5.42,0,0.06,N,2,2024-05-23
23,45300,MORTGAGE,3.0,EDUCATION,D,5550,15.37,0,0.12,Y,3,2024-06-02
23,62900,RENT,7.0,MEDICAL,D,5000,14.84,1,0.07,N,4,2024-06-10
23,39325,MORTGAGE,3.0,EDUCATION,C,2800,12.87,1,0.07,N,4,2024-10-17
24,45336,MORTGAGE,8.0,MEDICAL,A,10000,5.99,0,0.22,N,2,2024-01-06
24,81000,RENT,6.0,MEDICAL,A,5000,5.42,0,0.06,N,3,2024-10-17
23,45378,MORTGAGE,7.0,PERSONAL,A,6000,5.79,0,0.13,N,2,2024-01-22
24,83100,RENT,5.0,HOMEIMPROVEMENT,E,5000,16.35,0,0.06,N,3,2024-01-03
22,84996,RENT,6.0,VENTURE,C,5000,12.23,0,0.06,Y,3,2024-03-02
23,45500,OWN,5.0,EDUCATION,C,14000,14.72,0,0.31,Y,2,2024-10-22
26,39500,MORTGAGE,6.0,MEDICAL,D,15250,15.05,1,0.39,N,4,2024-07-02
23,85000,RENT,2.0,EDUCATION,B,5000,11.58,0,0.06,N,4,2024-04-21
23,45600,OWN,7.0,EDUCATION,A,14000,7.9,0,0.31,N,3,2024-01-16
23,85272,RENT,7.0,VENTURE,B,5000,11.11,0,0.06,N,4,2024-02-23
23,45600,MORTGAGE,3.0,VENTURE,C,12000,14.65,0,0.26,Y,2,2024-07-25
26,45600,MORTGAGE,9.0,EDUCATION,C,10000,15.27,0,0.22,Y,3,2024-09-24
23,88000,RENT,1.0,VENTURE,B,5000,10.99,0,0.06,N,4,2024-11-20
23,45600,MORTGAGE,7.0,VENTURE,C,10000,16.11,0,0.22,Y,4,2024-06-24
25,45600,MORTGAGE,7.0,MEDICAL,C,13000,12.99,0,0.29,N,4,2024-01-16
25,76000,RENT,2.0,DEBTCONSOLIDATION,E,5000,17.19,1,0.07,Y,3,2024-09-13
26,90000,RENT,4.0,PERSONAL,D,5000,16.77,0,0.06,Y,3,2024-03-17
23,90000,RENT,7.0,MEDICAL,C,5000,15.96,0,0.06,Y,3,2024-10-21
24,90000,RENT,5.0,VENTURE,B,5000,9.99,0,0.06,N,3,2024-10-12
25,45600,MORTGAGE,6.0,HOMEIMPROVEMENT,A,15000,5.79,0,0.33,N,2,2024-02-06
22,90000,RENT,4.0,EDUCATION,D,5000,14.96,0,0.06,Y,4,2024-05-15
22,45600,MORTGAGE,5.0,VENTURE,B,2000,10.36,0,0.04,N,2,2024-08-27
23,45600,OWN,7.0,MEDICAL,B,1000,9.62,0,0.02,N,4,2024-12-30
25,80000,RENT,8.0,DEBTCONSOLIDATION,D,5000,14.96,1,0.06,Y,4,2024-08-29
22,45600,MORTGAGE,5.0,VENTURE,B,9500,10.38,0,0.21,N,2,2024-09-12
23,95004,RENT,2.0,EDUCATION,A,5000,9.63,0,0.05,N,4,2024-06-01
22,45600,OWN,6.0,MEDICAL,C,1800,13.48,0,0.04,N,4,2024-07-14
26,97500,RENT,10.0,VENTURE,E,5000,18.39,0,0.05,N,4,2024-02-09
22,45600,MORTGAGE,3.0,VENTURE,A,1600,7.88,0,0.04,N,2,2024-07-07
22,39600,MORTGAGE,6.0,DEBTCONSOLIDATION,C,4650,10.28,1,0.12,N,4,2024-11-03
26,45608,OWN,8.0,HOMEIMPROVEMENT,A,11000,6.62,0,0.24,N,2,2024-03-30
22,45673,MORTGAGE,6.0,EDUCATION,A,7000,7.88,0,0.15,N,4,2024-01-05
22,45691,MORTGAGE,5.0,VENTURE,A,7000,7.14,0,0.15,N,2,2024-11-24
23,100000,RENT,5.0,EDUCATION,A,5000,6.03,0,0.05,N,2,2024-09-21
23,100000,RENT,5.0,PERSONAL,A,5000,8.49,0,0.05,N,3,2024-12-05
24,100000,RENT,1.0,DEBTCONSOLIDATION,A,5000,11.013786929274843,0,0.05,N,3,2024-03-25
23,45843,OWN,2.0,VENTURE,B,11000,11.71,0,0.24,N,3,2024-06-05
22,39868,MORTGAGE,2.0,DEBTCONSOLIDATION,D,2400,16.02,1,0.06,Y,4,2024-11-28
22,102240,RENT,6.0,PERSONAL,E,5000,19.03,0,0.05,N,3,2024-05-18
22,45900,MORTGAGE,1.0,DEBTCONSOLIDATION,A,6400,8.59,0,0.14,N,3,2024-05-24
26,103992,RENT,10.0,VENTURE,A,5000,7.88,0,0.05,N,3,2024-01-16
26,45900,MORTGAGE,10.0,PERSONAL,C,11500,13.79,0,0.25,N,4,2024-03-04
23,106000,RENT,7.0,EDUCATION,A,5000,7.88,0,0.05,N,2,2024-12-16
22,45975,MORTGAGE,6.0,MEDICAL,B,10375,11.013786929274843,0,0.23,N,4,2024-03-16
25,106000,RENT,4.0,PERSONAL,B,5000,11.013786929274843,0,0.05,N,4,2024-02-17
23,45992,MORTGAGE,7.0,VENTURE,A,10000,5.42,0,0.22,N,3,2024-08-23
25,39996,MORTGAGE,9.0,DEBTCONSOLIDATION,D,1500,11.013786929274843,1,0.04,Y,3,2024-08-30
24,80155,RENT,8.0,MEDICAL,F,5000,11.013786929274843,1,0.05,N,3,2024-06-06
24,108000,RENT,8.0,EDUCATION,B,5000,12.69,0,0.05,N,4,2024-12-13
23,108000,RENT,7.0,EDUCATION,A,5000,7.66,0,0.05,N,4,2024-12-15
26,45996,OWN,5.0,HOMEIMPROVEMENT,A,9225,11.013786929274843,0,0.2,N,2,2024-04-11
24,45996,MORTGAGE,6.0,EDUCATION,C,8500,11.013786929274843,0,0.18,N,3,2024-09-06
25,110000,RENT,2.0,VENTURE,B,5000,9.99,0,0.05,N,4,2024-09-14
22,111460,RENT,3.0,DEBTCONSOLIDATION,B,5000,11.71,0,0.04,N,4,2024-06-13
25,112000,RENT,7.0,DEBTCONSOLIDATION,B,5000,10.25,0,0.04,N,3,2024-08-07
25,45996,OWN,9.0,PERSONAL,B,25000,12.18,0,0.54,N,3,2024-04-13
24,115000,RENT,1.0,HOMEIMPROVEMENT,A,5000,8.9,0,0.04,N,3,2024-11-10
24,88400,RENT,8.0,MEDICAL,D,5000,11.013786929274843,1,0.05,N,4,2024-07-13
24,116300,RENT,6.0,HOMEIMPROVEMENT,D,5000,14.96,0,0.04,Y,4,2024-09-23
23,120000,RENT,2.0,EDUCATION,A,5000,11.013786929274843,0,0.04,N,4,2024-06-18
23,45996,OWN,7.0,EDUCATION,C,10000,13.16,0,0.22,N,3,2024-03-23
26,120000,RENT,3.0,HOMEIMPROVEMENT,A,5000,7.68,0,0.04,N,2,2024-06-24
25,120000,RENT,6.0,PERSONAL,C,5000,13.79,0,0.04,N,3,2024-09-24
22,114000,RENT,2.0,VENTURE,D,5000,15.31,1,0.04,N,3,2024-03-19
26,135000,RENT,10.0,MEDICAL,B,5000,11.36,0,0.04,N,4,2024-11-20
24,137481,RENT,8.0,VENTURE,B,5000,10.99,0,0.04,N,3,2024-12-26
24,46000,MORTGAGE,2.0,DEBTCONSOLIDATION,B,10075,12.42,0,0.22,N,2,2024-07-25
23,46000,MORTGAGE,7.0,PERSONAL,A,5000,6.62,0,0.11,N,3,2024-05-06
23,150000,RENT,3.0,VENTURE,B,5000,10.65,0,0.03,N,2,2024-02-09
24,150000,RENT,8.0,VENTURE,B,5000,11.013786929274843,0,0.03,N,4,2024-12-23
23,138000,RENT,1.0,DEBTCONSOLIDATION,D,5000,14.91,1,0.04,N,4,2024-04-28
24,117300,RENT,4.0,MEDICAL,C,5000,13.23,1,0.04,Y,3,2024-06-22
25,159996,RENT,4.0,PERSONAL,D,5000,14.11,0,0.03,Y,4,2024-07-21
26,46000,MORTGAGE,3.0,HOMEIMPROVEMENT,B,11000,12.69,0,0.24,N,2,2024-08-18
25,25000,RENT,1.0,EDUCATION,C,5200,12.53,0,0.21,Y,3,2024-08-22
25,46000,MORTGAGE,4.0,EDUCATION,C,2125,12.99,0,0.05,Y,2,2024-09-14
23,46000,MORTGAGE,1.0,VENTURE,A,3000,5.42,0,0.07,N,3,2024-05-23
23,30000,RENT,1.0,MEDICAL,C,5200,15.96,0,0.17,Y,3,2024-09-28
23,46000,MORTGAGE,6.0,PERSONAL,A,15000,6.99,0,0.33,N,3,2024-04-16
25,30000,RENT,2.0,DEBTCONSOLIDATION,E,5200,17.19,1,0.17,N,4,2024-11-05
25,32160,RENT,9.0,DEBTCONSOLIDATION,C,5200,14.65,0,0.16,N,4,2024-07-14
22,36850,RENT,3.0,EDUCATION,B,5200,12.42,0,0.14,N,4,2024-08-30
25,38000,RENT,5.0,DEBTCONSOLIDATION,B,5200,10.74,0,0.14,N,3,2024-09-08
23,38000,RENT,1.0,MEDICAL,A,5200,7.88,0,0.14,N,3,2024-03-25
22,46000,MORTGAGE,6.0,EDUCATION,C,6000,12.68,0,0.13,Y,4,2024-06-19
23,24000,RENT,3.0,EDUCATION,A,5250,7.66,1,0.22,N,3,2024-03-11
24,46000,MORTGAGE,8.0,MEDICAL,A,2000,7.66,0,0.04,N,2,2024-08-26
22,46000,MORTGAGE,6.0,PERSONAL,B,4000,10.37,0,0.09,N,2,2024-03-26
23,45000,RENT,3.0,MEDICAL,B,5275,10.39,0,0.12,N,2,2024-12-09
24,57600,RENT,3.0,PERSONAL,C,5275,13.49,0,0.09,Y,2,2024-06-18
23,46000,MORTGAGE,2.0,MEDICAL,B,10000,10.36,0,0.22,N,3,2024-01-13
23,23340,RENT,8.0,EDUCATION,A,5300,7.9,0,0.23,N,3,2024-12-19
22,24996,RENT,4.0,PERSONAL,C,5300,15.23,0,0.21,Y,4,2024-07-14
24,46000,MORTGAGE,5.0,EDUCATION,B,10000,9.99,0,0.22,N,2,2024-02-06
25,26400,RENT,5.0,EDUCATION,A,5300,8.49,0,0.2,N,3,2024-06-03
25,30000,RENT,1.0,EDUCATION,C,5300,15.27,0,0.18,N,3,2024-09-08
22,30000,RENT,2.0,EDUCATION,E,5300,17.99,1,0.18,Y,4,2024-07-22
24,30000,RENT,3.0,MEDICAL,D,5300,15.28,1,0.18,Y,3,2024-01-14
25,46000,MORTGAGE,5.0,EDUCATION,B,23500,10.25,0,0.51,N,4,2024-04-23
22,50004,RENT,5.0,PERSONAL,D,5300,14.42,0,0.11,Y,2,2024-07-23
22,65000,RENT,3.0,EDUCATION,A,5300,6.62,0,0.08,N,3,2024-09-15
25,40000,MORTGAGE,5.0,HOMEIMPROVEMENT,B,15000,11.36,1,0.38,N,2,2024-05-21
23,46000,OWN,6.0,EDUCATION,B,8000,11.48,0,0.17,N,4,2024-11-18
24,26000,RENT,1.0,MEDICAL,C,5375,13.47,0,0.21,Y,4,2024-05-23
24,18000,RENT,3.0,MEDICAL,D,5400,15.99,1,0.3,Y,3,2024-04-26
22,18000,RENT,2.0,DEBTCONSOLIDATION,C,5400,15.23,1,0.3,N,4,2024-01-26
25,46000,MORTGAGE,1.0,HOMEIMPROVEMENT,C,8600,11.013786929274843,0,0.19,N,2,2024-01-11
22,46000,MORTGAGE,3.0,DEBTCONSOLIDATION,A,6000,7.68,0,0.13,N,2,2024-05-01
26,24000,RENT,3.0,EDUCATION,B,5400,11.49,0,0.23,N,3,2024-09-07
26,25300,RENT,2.0,HOMEIMPROVEMENT,D,5400,16.02,1,0.21,Y,2,2024-07-09
23,26400,RENT,7.0,EDUCATION,B,5400,10.38,0,0.2,N,2,2024-09-09
26,30000,RENT,3.0,PERSONAL,B,5400,10.0,0,0.18,N,4,2024-08-31
22,32000,RENT,1.0,PERSONAL,D,5400,16.29,1,0.17,N,2,2024-10-18
23,35000,RENT,7.0,PERSONAL,B,5400,10.59,0,0.15,N,2,2024-10-06
23,46113,MORTGAGE,4.0,PERSONAL,D,9000,15.99,0,0.2,Y,4,2024-11-22
25,46116,MORTGAGE,9.0,DEBTCONSOLIDATION,C,10000,11.03,0,0.22,N,3,2024-09-15
25,46144,MORTGAGE,9.0,EDUCATION,A,1500,7.49,0,0.03,N,2,2024-04-08
23,35000,RENT,5.0,MEDICAL,C,5400,12.84,0,0.15,N,4,2024-05-13
22,45000,RENT,4.0,EDUCATION,A,5400,7.29,0,0.12,N,2,2024-07-04
25,54000,RENT,9.0,EDUCATION,A,5400,7.88,0,0.1,N,3,2024-09-25
23,55000,RENT,3.0,VENTURE,B,5400,11.99,0,0.1,N,2,2024-06-26
24,46325,MORTGAGE,6.0,MEDICAL,A,3600,7.68,0,0.08,N,4,2024-05-14
22,57500,RENT,4.0,MEDICAL,A,5400,5.42,0,0.09,N,4,2024-08-25
23,46394,MORTGAGE,7.0,MEDICAL,C,15000,13.47,0,0.32,N,2,2024-10-22
23,60000,RENT,4.0,MEDICAL,A,5400,7.49,0,0.09,N,3,2024-07-29
23,63000,RENT,3.0,VENTURE,D,5400,14.54,0,0.09,N,2,2024-10-26
23,46450,MORTGAGE,6.0,EDUCATION,A,10000,5.42,0,0.22,N,2,2024-05-08
26,46464,MORTGAGE,1.0,VENTURE,B,15000,12.21,0,0.32,N,3,2024-05-11
22,58617,RENT,6.0,MEDICAL,D,5400,15.21,1,0.09,N,2,2024-05-07
22,46500,MORTGAGE,3.0,VENTURE,A,13000,7.29,0,0.28,N,3,2024-10-26
22,69108,RENT,2.0,PERSONAL,E,5400,15.95,1,0.08,Y,2,2024-02-04
24,112000,RENT,5.0,DEBTCONSOLIDATION,C,5400,15.27,0,0.05,Y,4,2024-11-14
22,22718,RENT,3.0,EDUCATION,B,5425,11.99,0,0.24,N,2,2024-08-06
23,46500,OWN,2.0,DEBTCONSOLIDATION,D,6000,11.013786929274843,0,0.13,Y,2,2024-08-12
22,46500,MORTGAGE,1.0,EDUCATION,B,4000,10.62,0,0.09,N,3,2024-01-24
24,40500,MORTGAGE,8.0,DEBTCONSOLIDATION,B,8500,10.99,1,0.21,N,3,2024-03-06
26,83004,RENT,7.0,EDUCATION,A,5450,7.9,0,0.07,N,4,2024-05-16
22,46500,MORTGAGE,1.0,EDUCATION,B,12000,12.21,0,0.26,N,3,2024-08-10
23,46551,MORTGAGE,7.0,VENTURE,B,15000,10.62,0,0.32,N,4,2024-05-17
22,12000,RENT,5.0,EDUCATION,B,5500,10.36,1,0.46,N,4,2024-03-29
25,18000,RENT,1.0,PERSONAL,B,5500,11.71,1,0.31,N,2,2024-11-29
23,19136,RENT,4.0,EDUCATION,E,5500,17.93,1,0.29,Y,3,2024-11-05
23,46776,OWN,7.0,DEBTCONSOLIDATION,D,15000,13.24,0,0.32,N,4,2024-02-21
25,40800,OWN,5.0,HOMEIMPROVEMENT,E,7000,19.03,1,0.17,N,4,2024-05-09
26,46800,MORTGAGE,3.0,HOMEIMPROVEMENT,B,12725,12.42,0,0.27,N,2,2024-05-09
23,20400,RENT,5.0,VENTURE,D,5500,11.013786929274843,0,0.27,Y,2,2024-05-03
24,46800,MORTGAGE,6.0,DEBTCONSOLIDATION,A,12000,6.99,0,0.26,N,2,2024-06-30
23,21600,RENT,3.0,EDUCATION,B,5500,9.25,0,0.25,N,4,2024-07-27
23,46800,OWN,7.0,VENTURE,C,9000,11.013786929274843,0,0.19,Y,4,2024-09-27
22,46800,MORTGAGE,4.0,MEDICAL,A,3600,7.14,0,0.08,N,3,2024-07-25
23,22000,RENT,1.0,EDUCATION,C,5500,13.04,0,0.25,N,4,2024-11-04
24,23000,RENT,4.0,MEDICAL,A,5500,6.54,0,0.24,N,3,2024-12-18
22,23004,RENT,3.0,PERSONAL,A,5500,5.79,0,0.24,N,3,2024-01-24
22,46800,OWN,4.0,EDUCATION,A,11500,7.51,0,0.25,N,4,2024-04-17
24,24000,RENT,5.0,PERSONAL,C,5500,14.27,0,0.23,Y,3,2024-09-24
24,46800,MORTGAGE,8.0,VENTURE,C,6000,14.22,0,0.13,Y,4,2024-03-27
23,24000,RENT,1.0,VENTURE,B,5500,10.99,0,0.23,N,4,2024-12-09
23,46800,MORTGAGE,4.0,PERSONAL,A,13000,8.59,0,0.28,N,2,2024-10-25
23,25200,RENT,1.0,EDUCATION,A,5500,7.9,0,0.22,N,2,2024-10-06
22,46976,OWN,5.0,PERSONAL,C,11000,14.26,0,0.23,Y,2,2024-10-01
22,26784,RENT,6.0,DEBTCONSOLIDATION,D,5500,14.74,1,0.21,N,4,2024-12-22
23,27996,RENT,3.0,MEDICAL,C,5500,12.53,0,0.2,N,2,2024-03-27
24,47000,MORTGAGE,9.0,VENTURE,C,9600,15.96,0,0.2,N,2,2024-11-12
22,30000,RENT,2.0,PERSONAL,B,5500,11.86,0,0.18,N,3,2024-11-12
22,30000,RENT,1.0,PERSONAL,B,5500,12.53,0,0.18,N,4,2024-10-12
22,41000,MORTGAGE,6.0,DEBTCONSOLIDATION,A,7000,7.9,1,0.17,N,4,2024-08-01
25,30000,RENT,2.0,EDUCATION,A,5500,8.0,0,0.18,N,4,2024-08-23
25,47000,OWN,9.0,PERSONAL,A,7000,7.51,0,0.15,N,4,2024-07-18
24,33000,RENT,3.0,PERSONAL,B,5500,11.11,0,0.17,N,4,2024-06-09
24,47000,MORTGAGE,8.0,PERSONAL,B,3000,12.69,0,0.06,N,3,2024-10-12
26,47000,MORTGAGE,5.0,MEDICAL,A,6600,7.9,0,0.14,N,2,2024-05-01
22,47000,MORTGAGE,7.0,PERSONAL,C,10600,15.96,0,0.23,Y,4,2024-12-05
23,33000,RENT,7.0,PERSONAL,D,5500,14.54,0,0.17,Y,3,2024-06-03
23,47000,MORTGAGE,7.0,MEDICAL,B,8000,10.65,0,0.17,N,3,2024-12-09
25,33280,RENT,1.0,MEDICAL,B,5500,11.013786929274843,0,0.17,N,4,2024-04-09
23,33600,RENT,1.0,DEBTCONSOLIDATION,B,5500,11.013786929274843,0,0.16,N,3,2024-04-23
25,47000,OWN,9.0,VENTURE,A,4000,6.62,0,0.09,N,4,2024-07-03
24,33900,RENT,3.0,EDUCATION,D,5500,17.58,0,0.16,N,2,2024-10-17
23,33996,RENT,1.0,EDUCATION,C,5500,13.47,0,0.16,Y,2,2024-07-25
26,34000,RENT,3.0,PERSONAL,D,5500,16.89,0,0.16,Y,2,2024-11-10
26,34000,RENT,1.0,VENTURE,C,5500,13.11,0,0.16,N,3,2024-08-19
26,47000,OWN,8.0,VENTURE,A,12500,8.49,0,0.27,N,2,2024-04-03
25,47000,MORTGAGE,5.0,EDUCATION,B,10400,11.49,0,0.22,N,2,2024-06-22
26,36000,RENT,2.0,PERSONAL,B,5500,10.65,0,0.15,N,2,2024-10-07
23,36000,RENT,5.0,EDUCATION,E,5500,17.14,0,0.15,Y,3,2024-01-23
24,37000,RENT,3.0,PERSONAL,B,5500,9.2,0,0.15,N,2,2024-05-10
24,38400,RENT,2.0,DEBTCONSOLIDATION,A,5500,6.92,0,0.14,N,3,2024-09-01
23,47000,MORTGAGE,1.0,VENTURE,A,6000,5.99,0,0.13,N,2,2024-08-30
22,47000,OWN,6.0,MEDICAL,A,3000,5.42,0,0.06,N,3,2024-07-09
25,40000,RENT,6.0,VENTURE,B,5500,11.013786929274843,0,0.14,N,3,2024-08-08
24,47000,MORTGAGE,7.0,MEDICAL,B,15000,10.74,0,0.32,N,2,2024-03-10
24,47000,MORTGAGE,5.0,MEDICAL,A,15000,7.66,0,0.32,N,3,2024-05-19
23,47000,MORTGAGE,7.0,DEBTCONSOLIDATION,C,13850,12.68,0,0.29,Y,4,2024-11-15
23,37000,RENT,5.0,DEBTCONSOLIDATION,D,5500,15.31,1,0.15,Y,2,2024-07-06
23,43000,RENT,1.0,DEBTCONSOLIDATION,B,5500,11.89,0,0.13,N,4,2024-11-21
24,37004,RENT,2.0,VENTURE,D,5500,15.05,1,0.15,N,4,2024-01-21
22,44400,RENT,2.0,EDUCATION,C,5500,12.73,0,0.12,N,4,2024-07-16
22,47000,MORTGAGE,3.0,MEDICAL,A,15000,7.66,0,0.32,N,2,2024-09-05
24,47000,OWN,1.0,PERSONAL,B,6000,11.11,0,0.13,N,4,2024-01-08
24,47000,MORTGAGE,4.0,HOMEIMPROVEMENT,A,6000,7.66,0,0.13,N,3,2024-09-28
22,45000,RENT,3.0,EDUCATION,B,5500,10.38,0,0.12,N,2,2024-11-07
22,48000,RENT,3.0,EDUCATION,B,5500,11.49,0,0.11,N,4,2024-02-15
25,48000,RENT,3.0,MEDICAL,A,5500,7.49,0,0.11,N,4,2024-08-26
23,48880,RENT,2.0,EDUCATION,B,5500,10.99,0,0.11,N,3,2024-10-03
24,47000,MORTGAGE,1.0,DEBTCONSOLIDATION,B,8500,11.013786929274843,0,0.18,N,3,2024-08-11
22,50000,RENT,6.0,DEBTCONSOLIDATION,A,5500,7.14,0,0.11,N,3,2024-12-06
23,47000,OWN,4.0,MEDICAL,A,7000,7.51,0,0.15,N,3,2024-07-04
23,47000,MORTGAGE,8.0,VENTURE,A,7500,7.51,0,0.16,N,4,2024-04-20
22,44052,RENT,3.0,DEBTCONSOLIDATION,D,5500,11.013786929274843,1,0.12,Y,2,2024-05-13
23,54000,RENT,3.0,VENTURE,A,5500,8.94,0,0.1,N,3,2024-09-19
24,54000,RENT,6.0,DEBTCONSOLIDATION,A,5500,8.07,0,0.1,N,2,2024-05-07
22,56000,RENT,7.0,EDUCATION,A,5500,9.38,0,0.1,N,3,2024-01-21
26,51000,RENT,3.0,HOMEIMPROVEMENT,C,5500,13.49,1,0.11,Y,2,2024-03-03
25,57000,RENT,1.0,HOMEIMPROVEMENT,B,5500,10.99,0,0.1,N,4,2024-12-29
26,51600,RENT,10.0,HOMEIMPROVEMENT,B,5500,11.99,1,0.11,N,3,2024-03-14
22,41000,MORTGAGE,6.0,EDUCATION,C,10000,13.57,1,0.24,N,4,2024-09-06
24,47000,MORTGAGE,5.0,DEBTCONSOLIDATION,C,10000,13.79,0,0.21,Y,4,2024-11-15
24,47000,MORTGAGE,3.0,HOMEIMPROVEMENT,B,12000,12.21,0,0.26,N,4,2024-06-21
25,41000,MORTGAGE,9.0,EDUCATION,C,5000,11.78,1,0.12,Y,3,2024-10-24
23,62000,RENT,7.0,VENTURE,D,5500,17.49,0,0.09,N,3,2024-11-07
24,41000,MORTGAGE,1.0,MEDICAL,B,6600,10.71,1,0.16,N,2,2024-10-27
24,62472,RENT,2.0,EDUCATION,C,5500,12.73,0,0.09,N,2,2024-02-24
24,64000,RENT,3.0,EDUCATION,B,5500,10.75,0,0.09,N,4,2024-01-16
24,72000,RENT,8.0,EDUCATION,B,5500,9.91,0,0.08,N,3,2024-01-31
24,72996,RENT,2.0,PERSONAL,B,5500,11.49,0,0.08,N,3,2024-07-05
22,47091,MORTGAGE,6.0,VENTURE,A,10000,11.013786929274843,0,0.21,N,3,2024-05-23
23,24000,RENT,7.0,VENTURE,C,5550,12.53,0,0.23,N,4,2024-03-01
22,31000,RENT,5.0,MEDICAL,B,5550,11.36,1,0.18,N,3,2024-07-07
22,47004,RENT,2.0,VENTURE,A,5550,7.49,0,0.12,N,4,2024-07-11
24,47211,OWN,8.0,VENTURE,B,10000,11.83,0,0.21,N,3,2024-03-25
25,28800,RENT,5.0,PERSONAL,A,5575,6.62,0,0.19,N,4,2024-03-04
22,41244,MORTGAGE,6.0,DEBTCONSOLIDATION,B,11500,11.58,1,0.28,N,3,2024-04-08
22,14400,RENT,1.0,VENTURE,D,5600,14.59,1,0.39,Y,2,2024-07-16
26,47300,MORTGAGE,3.0,VENTURE,B,6000,12.69,0,0.13,N,4,2024-07-03
24,47300,MORTGAGE,5.0,PERSONAL,A,9500,8.49,0,0.2,N,2,2024-04-23
24,19800,RENT,1.0,DEBTCONSOLIDATION,A,5600,5.79,1,0.28,N,3,2024-07-24
22,47472,MORTGAGE,6.0,VENTURE,B,20000,11.83,0,0.42,N,3,2024-08-31
23,25000,RENT,3.0,MEDICAL,B,5600,11.11,0,0.22,N,4,2024-02-26
24,47500,MORTGAGE,7.0,DEBTCONSOLIDATION,B,12000,9.91,0,0.25,N,3,2024-06-01
22,47500,MORTGAGE,6.0,VENTURE,A,6000,7.9,0,0.13,N,3,2024-05-15
24,47500,MORTGAGE,3.0,MEDICAL,B,13750,11.71,0,0.29,N,4,2024-03-11
23,30000,RENT,3.0,VENTURE,B,5600,11.013786929274843,0,0.19,N,4,2024-12-04
25,30000,RENT,9.0,HOMEIMPROVEMENT,C,5600,11.013786929274843,1,0.19,Y,4,2024-10-15
24,30996,RENT,2.0,MEDICAL,A,5600,7.49,0,0.18,N,2,2024-07-26
24,47500,MORTGAGE,8.0,HOMEIMPROVEMENT,A,7000,7.74,0,0.15,N,3,2024-02-17
22,32000,RENT,3.0,DEBTCONSOLIDATION,A,5600,7.9,0,0.17,N,3,2024-08-09
25,33600,RENT,6.0,MEDICAL,B,5600,9.25,0,0.17,N,3,2024-09-05
22,47540,MORTGAGE,4.0,MEDICAL,B,12250,10.62,0,0.26,N,2,2024-10-29
22,47580,MORTGAGE,6.0,MEDICAL,A,4000,6.62,0,0.08,N,2,2024-07-16
23,36000,RENT,1.0,MEDICAL,A,5600,7.9,0,0.16,N,4,2024-11-01
26,41682,MORTGAGE,7.0,DEBTCONSOLIDATION,C,18000,13.22,1,0.43,Y,3,2024-04-02
25,47700,MORTGAGE,1.0,HOMEIMPROVEMENT,A,12375,7.9,0,0.26,N,4,2024-11-28
24,38000,RENT,5.0,DEBTCONSOLIDATION,A,5600,6.62,0,0.15,N,4,2024-12-29
22,47748,MORTGAGE,5.0,PERSONAL,A,4500,6.39,0,0.09,N,4,2024-10-17
24,38000,RENT,6.0,VENTURE,A,5600,11.013786929274843,0,0.15,N,3,2024-03-09
22,47800,MORTGAGE,5.0,PERSONAL,C,1500,13.43,0,0.03,Y,3,2024-04-16
22,47800,MORTGAGE,3.0,MEDICAL,B,15000,11.86,0,0.31,N,4,2024-08-03
25,40000,RENT,2.0,DEBTCONSOLIDATION,B,5600,11.013786929274843,0,0.14,N,3,2024-10-15
23,40000,RENT,7.0,EDUCATION,C,5600,13.8,0,0.14,N,3,2024-08-01
25,40000,RENT,9.0,MEDICAL,D,5600,14.61,0,0.14,Y,4,2024-08-03
25,40800,RENT,9.0,PERSONAL,D,5600,16.77,0,0.14,N,3,2024-02-08
26,41000,RENT,10.0,DEBTCONSOLIDATION,C,5600,15.96,0,0.14,N,4,2024-11-05
25,42000,RENT,6.0,MEDICAL,A,5600,7.49,0,0.13,N,2,2024-03-26
22,47940,MORTGAGE,4.0,DEBTCONSOLIDATION,B,15000,11.013786929274843,0,0.31,N,4,2024-05-12
26,43860,RENT,6.0,VENTURE,B,5600,9.63,0,0.13,N,2,2024-09-11
26,48000,MORTGAGE,10.0,DEBTCONSOLIDATION,C,11000,13.49,0,0.23,N,3,2024-02-03
22,39000,RENT,1.0,HOMEIMPROVEMENT,D,5600,14.96,1,0.14,N,4,2024-10-22
24,48000,OWN,8.0,VENTURE,C,2200,15.27,0,0.05,Y,4,2024-08-13
24,48000,RENT,7.0,MEDICAL,B,5600,11.14,0,0.12,N,3,2024-09-24
24,48000,RENT,7.0,PERSONAL,B,5600,10.62,0,0.12,N,2,2024-08-21
23,50000,RENT,3.0,MEDICAL,B,5600,11.49,0,0.11,N,4,2024-03-06
24,50000,RENT,4.0,HOMEIMPROVEMENT,B,5600,11.013786929274843,0,0.11,N,4,2024-04-22
23,50004,RENT,3.0,EDUCATION,B,5600,10.59,0,0.11,N,4,2024-08-25
26,51000,RENT,5.0,PERSONAL,A,5600,7.49,0,0.11,N,2,2024-04-19
24,52000,RENT,2.0,MEDICAL,A,5600,7.29,0,0.11,N,2,2024-04-12
22,52800,RENT,3.0,EDUCATION,A,5600,7.29,0,0.11,N,3,2024-10-11
24,54000,RENT,3.0,VENTURE,B,5600,10.59,0,0.1,N,4,2024-10-29
23,48000,MORTGAGE,7.0,EDUCATION,B,10000,10.65,0,0.21,N,4,2024-06-10
22,54000,RENT,4.0,VENTURE,B,5600,9.63,0,0.1,N,2,2024-03-17
23,48000,OWN,5.0,MEDICAL,B,2400,12.69,0,0.05,N,4,2024-04-22
24,56000,RENT,8.0,EDUCATION,A,5600,6.03,0,0.1,N,3,2024-02-03
26,56000,RENT,4.0,MEDICAL,A,5600,8.59,0,0.1,N,4,2024-05-05
22,56000,RENT,6.0,MEDICAL,A,5600,8.32,0,0.1,N,2,2024-05-21
23,56880,RENT,7.0,EDUCATION,B,5600,11.013786929274843,0,0.1,N,2,2024-04-28
22,48000,OWN,6.0,VENTURE,A,12000,6.03,0,0.25,N,3,2024-03-22
22,60000,RENT,6.0,PERSONAL,B,5600,10.65,0,0.09,N,4,2024-05-13
23,60000,RENT,1.0,PERSONAL,A,5600,7.29,0,0.09,N,2,2024-10-18
26,48000,MORTGAGE,7.0,MEDICAL,A,10000,11.013786929274843,0,0.21,N,3,2024-09-22
22,48000,MORTGAGE,6.0,EDUCATION,A,15000,11.013786929274843,0,0.31,N,4,2024-07-22
22,48000,MORTGAGE,5.0,PERSONAL,B,3000,11.013786929274843,0,0.06,N,3,2024-02-16
24,60500,RENT,2.0,PERSONAL,D,5600,14.91,1,0.09,N,3,2024-05-17
25,68515,RENT,2.0,MEDICAL,C,5600,12.61,0,0.08,N,3,2024-10-29
24,48000,MORTGAGE,9.0,VENTURE,A,8400,11.013786929274843,0,0.17,N,4,2024-03-23
24,69000,RENT,1.0,VENTURE,B,5600,9.99,0,0.08,N,3,2024-01-11
23,48000,MORTGAGE,7.0,DEBTCONSOLIDATION,B,2500,11.71,0,0.05,N,3,2024-06-12
23,69996,RENT,7.0,VENTURE,C,5600,13.11,0,0.08,Y,2,2024-10-26
25,70000,RENT,3.0,MEDICAL,A,5600,7.9,0,0.08,N,4,2024-09-12
23,48000,OWN,7.0,EDUCATION,B,20000,11.71,0,0.42,N,4,2024-05-08
26,48000,MORTGAGE,10.0,VENTURE,C,13800,13.49,0,0.29,Y,2,2024-05-29
22,70000,RENT,3.0,PERSONAL,B,5600,11.14,0,0.08,N,3,2024-02-24
23,72000,RENT,7.0,VENTURE,B,5600,11.12,0,0.08,N,2,2024-07-31
23,48000,MORTGAGE,8.0,VENTURE,A,10500,7.51,0,0.22,N,2,2024-01-03
23,48000,MORTGAGE,8.0,PERSONAL,B,10000,10.65,0,0.21,N,3,2024-02-19
25,58650,RENT,7.0,MEDICAL,D,5600,14.84,1,0.08,N,4,2024-08-03
23,79000,RENT,4.0,MEDICAL,B,5600,11.12,0,0.07,N,4,2024-01-27
25,81600,RENT,2.0,EDUCATION,A,5600,5.99,0,0.07,N,4,2024-04-13
23,48000,OWN,7.0,MEDICAL,A,2500,5.42,0,0.05,N,3,2024-03-16
26,102552,RENT,10.0,MEDICAL,B,5600,9.99,0,0.05,N,3,2024-05-21
25,48000,MORTGAGE,9.0,MEDICAL,A,3500,5.42,0,0.07,N,4,2024-05-23
22,51000,RENT,6.0,VENTURE,B,5650,9.91,0,0.11,N,4,2024-03-25
26,48000,MORTGAGE,10.0,PERSONAL,B,2000,10.99,0,0.04,N,2,2024-04-23
25,48000,MORTGAGE,3.0,MEDICAL,C,1400,14.79,0,0.03,Y,4,2024-05-16
22,48000,MORTGAGE,6.0,DEBTCONSOLIDATION,A,4400,5.99,0,0.09,N,3,2024-01-09
23,67200,RENT,7.0,EDUCATION,C,5650,13.47,0,0.08,N,2,2024-12-12
22,35000,RENT,1.0,EDUCATION,C,5700,12.99,0,0.16,N,3,2024-08-12
22,37000,RENT,4.0,EDUCATION,A,5700,5.42,0,0.15,N,4,2024-01-03
22,48000,MORTGAGE,2.0,VENTURE,B,13000,10.99,0,0.27,N,3,2024-03-14
24,46000,RENT,8.0,DEBTCONSOLIDATION,A,5700,7.66,0,0.12,N,3,2024-08-03
26,48000,MORTGAGE,2.0,EDUCATION,A,5000,8.49,0,0.1,N,4,2024-01-26
24,34000,RENT,1.0,VENTURE,B,5750,10.75,0,0.17,N,3,2024-10-12
24,48000,MORTGAGE,8.0,MEDICAL,A,10000,7.49,0,0.21,N,3,2024-08-17
22,45900,RENT,3.0,EDUCATION,A,5750,8.94,0,0.13,N,3,2024-02-28
25,70000,RENT,1.0,VENTURE,A,5750,8.0,0,0.08,N,4,2024-10-04
22,48000,MORTGAGE,6.0,DEBTCONSOLIDATION,C,10000,13.49,0,0.21,Y,4,2024-01-04
25,85000,RENT,9.0,EDUCATION,A,5750,7.29,0,0.07,N,4,2024-05-08
24,48000,OWN,5.0,VENTURE,A,4400,5.99,0,0.09,N,4,2024-04-11
25,147750,RENT,3.0,HOMEIMPROVEMENT,B,5750,9.99,0,0.04,N,4,2024-01-17
23,30900,RENT,1.0,PERSONAL,A,5775,9.63,1,0.19,N,4,2024-03-25
25,48000,MORTGAGE,7.0,VENTURE,B,3000,11.99,0,0.06,N,4,2024-09-27
25,48000,MORTGAGE,6.0,VENTURE,A,3200,6.99,0,0.07,N,2,2024-12-22
22,20400,RENT,2.0,EDUCATION,A,5800,8.94,0,0.28,N,4,2024-02-19
24,48000,MORTGAGE,4.0,MEDICAL,B,4200,11.99,0,0.09,N,4,2024-06-05
23,48000,MORTGAGE,5.0,EDUCATION,C,5000,13.99,0,0.1,Y,2,2024-08-21
26,27000,RENT,1.0,MEDICAL,B,5800,10.65,0,0.21,N,3,2024-01-11
23,27252,RENT,3.0,VENTURE,C,5800,13.06,0,0.21,N,4,2024-04-13
26,48000,MORTGAGE,10.0,HOMEIMPROVEMENT,A,4000,5.42,0,0.08,N,2,2024-08-02
22,48000,OWN,6.0,VENTURE,A,4800,8.49,0,0.1,N,4,2024-08-22
22,41300,RENT,1.0,VENTURE,A,5800,7.43,0,0.14,N,3,2024-12-07
24,48000,MORTGAGE,4.0,EDUCATION,A,5000,5.99,0,0.1,N,2,2024-11-03
24,48000,MORTGAGE,8.0,PERSONAL,A,3200,5.99,0,0.07,N,4,2024-01-19
25,48000,MORTGAGE,9.0,DEBTCONSOLIDATION,C,1000,13.49,0,0.02,Y,3,2024-03-21
22,45000,RENT,3.0,MEDICAL,A,5800,7.88,0,0.13,N,3,2024-07-20
26,48000,MORTGAGE,9.0,PERSONAL,B,8000,10.59,0,0.17,N,4,2024-11-06
23,42000,MORTGAGE,3.0,DEBTCONSOLIDATION,C,1800,12.99,1,0.04,Y,3,2024-08-16
26,48000,OWN,3.0,VENTURE,C,3600,13.49,0,0.07,N,4,2024-04-29
22,25000,RENT,4.0,MEDICAL,C,5825,14.27,0,0.23,N,2,2024-11-23
26,26000,RENT,5.0,MEDICAL,C,5825,14.27,0,0.22,Y,4,2024-02-05
23,42000,MORTGAGE,7.0,EDUCATION,A,10500,7.66,1,0.25,N,2,2024-08-27
23,50000,RENT,8.0,MEDICAL,B,5825,10.65,0,0.12,N,2,2024-02-02
22,48000,MORTGAGE,1.0,PERSONAL,B,4000,9.63,0,0.08,N,2,2024-07-09
23,48000,OWN,4.0,VENTURE,B,7000,10.74,0,0.15,N,4,2024-07-02
24,48000,MORTGAGE,4.0,MEDICAL,A,4000,5.42,0,0.08,N,4,2024-07-11
24,60000,RENT,4.0,VENTURE,A,5850,7.49,0,0.1,N,3,2024-03-02
25,48000,MORTGAGE,3.0,DEBTCONSOLIDATION,B,4800,10.74,0,0.1,N,4,2024-10-20
25,19200,RENT,5.0,EDUCATION,D,5875,14.11,1,0.31,N,3,2024-04-26
26,40000,RENT,4.0,VENTURE,B,5875,12.69,0,0.15,N,2,2024-10-04
26,49680,RENT,1.0,MEDICAL,C,5875,12.99,0,0.12,Y,3,2024-06-28
23,56000,RENT,3.0,EDUCATION,D,5875,14.54,0,0.1,N,2,2024-10-05
24,23000,RENT,4.0,PERSONAL,A,5900,9.63,0,0.26,N,4,2024-07-14
23,30000,RENT,5.0,EDUCATION,A,5900,7.88,0,0.2,N,2,2024-04-12
24,48000,OWN,2.0,EDUCATION,C,15000,13.06,0,0.31,N,4,2024-09-16
23,29376,RENT,3.0,VENTURE,A,5950,7.66,0,0.2,N,2,2024-06-04
23,48000,MORTGAGE,7.0,VENTURE,A,14125,11.013786929274843,0,0.29,N,2,2024-09-01
24,48000,MORTGAGE,7.0,MEDICAL,A,12000,7.29,0,0.25,N,3,2024-03-02
25,78000,RENT,3.0,HOMEIMPROVEMENT,A,5950,7.29,0,0.08,N,3,2024-11-04
25,13440,RENT,3.0,MEDICAL,A,6000,7.49,1,0.45,N,3,2024-02-20
24,14880,RENT,2.0,EDUCATION,B,6000,10.0,1,0.4,N,3,2024-01-18
22,15000,RENT,6.0,MEDICAL,A,6000,6.03,1,0.4,N,3,2024-07-18
22,15000,RENT,3.0,EDUCATION,D,6000,14.59,1,0.4,N,4,2024-06-20
24,48000,MORTGAGE,3.0,DEBTCONSOLIDATION,B,4800,9.99,0,0.1,N,2,2024-02-15
24,16800,RENT,2.0,DEBTCONSOLIDATION,D,6000,14.84,1,0.36,Y,4,2024-04-15
26,17376,RENT,1.0,VENTURE,B,6000,10.99,1,0.35,N,3,2024-02-25
26,48000,MORTGAGE,4.0,PERSONAL,A,10000,5.79,0,0.21,N,3,2024-06-22
22,18000,RENT,2.0,VENTURE,A,6000,6.62,1,0.33,N,2,2024-06-11
24,48000,MORTGAGE,4.0,DEBTCONSOLIDATION,B,12000,11.013786929274843,0,0.25,N,3,2024-10-22
24,18000,RENT,8.0,PERSONAL,B,6000,12.21,1,0.33,N,2,2024-08-26
22,18000,RENT,1.0,MEDICAL,B,6000,11.013786929274843,1,0.33,N,3,2024-09-17
22,18200,RENT,4.0,HOMEIMPROVEMENT,A,6000,7.66,1,0.33,N,3,2024-12-03
22,18996,RENT,4.0,MEDICAL,D,6000,14.74,1,0.32,Y,3,2024-06-11
23,42000,MORTGAGE,5.0,EDUCATION,D,2000,15.2,1,0.05,Y,2,2024-07-20
23,19000,RENT,2.0,EDUCATION,C,6000,10.59,1,0.32,N,2,2024-09-20
22,48000,MORTGAGE,6.0,MEDICAL,B,3800,11.013786929274843,0,0.08,N,2,2024-02-27
25,19200,RENT,3.0,MEDICAL,A,6000,7.14,1,0.31,N,3,2024-02-13
25,19200,RENT,2.0,HOMEIMPROVEMENT,C,6000,13.11,1,0.31,Y,2,2024-04-14
22,48000,MORTGAGE,4.0,PERSONAL,A,6500,6.17,0,0.14,N,2,2024-01-22
24,20000,RENT,8.0,VENTURE,A,6000,7.14,0,0.3,N,2,2024-04-22
24,48000,MORTGAGE,5.0,HOMEIMPROVEMENT,A,17000,6.91,0,0.35,N,4,2024-07-24
24,48000,OWN,4.0,EDUCATION,A,3000,5.79,0,0.06,N,4,2024-02-23
23,48000,OWN,5.0,VENTURE,B,2550,11.86,0,0.05,N,3,2024-01-22
26,21600,RENT,3.0,MEDICAL,B,6000,10.59,0,0.28,N,4,2024-08-24
23,21600,RENT,2.0,MEDICAL,D,6000,14.42,1,0.28,N,4,2024-07-12
25,21812,RENT,7.0,EDUCATION,C,6000,14.72,0,0.28,Y,2,2024-07-19
23,21996,RENT,6.0,VENTURE,C,6000,13.47,0,0.27,Y,3,2024-10-03
22,48000,MORTGAGE,2.0,MEDICAL,B,9600,11.86,0,0.2,N,2,2024-12-20
22,48000,MORTGAGE,5.0,EDUCATION,A,9600,7.51,0,0.2,N,4,2024-03-06
22,22880,RENT,5.0,DEBTCONSOLIDATION,C,6000,13.57,0,0.26,Y,4,2024-07-08
25,48000,MORTGAGE,2.0,VENTURE,B,5000,11.013786929274843,0,0.1,N,4,2024-09-24
23,22884,RENT,8.0,EDUCATION,B,6000,11.49,0,0.26,N,3,2024-03-14
22,48000,MORTGAGE,4.0,PERSONAL,B,4000,11.86,0,0.08,N,2,2024-01-28
25,23198,RENT,2.0,VENTURE,A,6000,8.0,0,0.26,N,4,2024-05-19
22,24000,RENT,6.0,MEDICAL,B,6000,10.65,0,0.25,N,4,2024-10-21
25,48000,MORTGAGE,3.0,DEBTCONSOLIDATION,A,4000,7.14,0,0.08,N,3,2024-04-23
26,24000,RENT,5.0,MEDICAL,A,6000,8.9,0,0.25,N,3,2024-03-23
25,48000,MORTGAGE,4.0,PERSONAL,B,7350,11.12,0,0.15,N,2,2024-02-13
26,24000,RENT,5.0,DEBTCONSOLIDATION,A,6000,6.62,0,0.25,N,4,2024-02-05
24,48000,MORTGAGE,4.0,PERSONAL,A,1200,6.76,0,0.03,N,3,2024-12-07
23,24000,RENT,4.0,EDUCATION,A,6000,5.42,0,0.25,N,4,2024-09-29
24,24000,RENT,1.0,MEDICAL,B,6000,11.99,0,0.25,N,4,2024-07-16
24,48000,MORTGAGE,3.0,VENTURE,A,9600,11.013786929274843,0,0.2,N,4,2024-01-25
26,48000,OWN,10.0,VENTURE,B,15000,11.12,0,0.31,N,3,2024-10-06
25,48000,MORTGAGE,6.0,EDUCATION,B,24250,10.25,0,0.51,N,3,2024-10-29
22,48000,MORTGAGE,2.0,EDUCATION,C,7000,13.48,0,0.15,N,3,2024-06-23
22,48000,MORTGAGE,6.0,EDUCATION,A,5000,7.88,0,0.1,N,2,2024-06-25
22,24000,RENT,2.0,HOMEIMPROVEMENT,B,6000,12.18,1,0.25,N,3,2024-09-05
23,25000,RENT,7.0,VENTURE,A,6000,7.51,0,0.24,N,2,2024-05-10
25,25000,RENT,2.0,PERSONAL,B,6000,11.013786929274843,0,0.24,N,2,2024-04-01
22,48000,MORTGAGE,7.0,VENTURE,B,6500,10.62,0,0.14,N,3,2024-02-14
25,25000,RENT,1.0,DEBTCONSOLIDATION,E,6000,16.4,1,0.24,N,2,2024-05-18
26,25000,RENT,5.0,EDUCATION,A,6000,8.0,0,0.24,N,2,2024-02-17
25,48000,OWN,7.0,EDUCATION,B,15000,10.25,0,0.31,N,4,2024-07-23
22,48000,MORTGAGE,4.0,MEDICAL,B,15000,9.88,0,0.31,N,2,2024-09-30
24,25200,RENT,6.0,MEDICAL,A,6000,7.49,0,0.24,N,2,2024-07-28
26,48000,MORTGAGE,1.0,VENTURE,B,4200,10.62,0,0.09,N,2,2024-01-16
24,48000,MORTGAGE,2.0,EDUCATION,B,5500,11.36,0,0.11,N,3,2024-04-03
25,48000,MORTGAGE,5.0,EDUCATION,C,16750,11.013786929274843,0,0.35,Y,4,2024-01-31
26,48000,MORTGAGE,10.0,VENTURE,A,4000,11.013786929274843,0,0.08,N,2,2024-05-26
23,48000,MORTGAGE,3.0,VENTURE,B,12000,11.36,0,0.25,N,3,2024-07-23
23,25800,RENT,2.0,VENTURE,C,6000,11.013786929274843,0,0.23,Y,3,2024-10-19
26,26400,RENT,6.0,PERSONAL,B,6000,10.65,0,0.23,N,2,2024-11-06
25,48000,MORTGAGE,5.0,HOMEIMPROVEMENT,A,7800,8.94,0,0.16,N,2,2024-07-09
26,26400,RENT,6.0,MEDICAL,C,6000,6.0,0,0.23,N,4,2024-04-18
25,26500,RENT,9.0,PERSONAL,B,6000,12.42,0,0.23,N,3,2024-10-24
25,27000,RENT,9.0,VENTURE,B,6000,11.86,0,0.22,N,3,2024-09-25
24,42000,MORTGAGE,2.0,DEBTCONSOLIDATION,A,3500,8.94,1,0.08,N,3,2024-10-24
23,27000,RENT,6.0,EDUCATION,C,6000,11.66,0,0.22,N,3,2024-01-01
26,27031,RENT,2.0,VENTURE,B,6000,9.99,0,0.22,N,4,2024-09-24
24,48000,MORTGAGE,8.0,EDUCATION,A,3100,8.94,0,0.06,N,3,2024-09-21
25,27040,RENT,2.0,PERSONAL,A,6000,7.9,0,0.22,N,2,2024-06-29
22,27600,RENT,2.0,DEBTCONSOLIDATION,B,6000,10.38,0,0.22,N,4,2024-05-15
26,48000,MORTGAGE,7.0,HOMEIMPROVEMENT,C,16750,14.26,0,0.35,Y,3,2024-04-19
23,48000,OWN,8.0,EDUCATION,C,6000,12.87,0,0.13,Y,2,2024-06-27
22,48000,MORTGAGE,3.0,VENTURE,B,8000,12.53,0,0.17,N,4,2024-10-18
25,28000,RENT,2.0,PERSONAL,B,6000,10.59,1,0.21,N,4,2024-03-28
23,28000,RENT,5.0,PERSONAL,B,6000,9.63,0,0.21,N,4,2024-07-02
22,28000,RENT,3.0,EDUCATION,C,6000,12.98,0,0.21,Y,2,2024-11-24
26,48000,MORTGAGE,10.0,EDUCATION,A,10000,7.74,0,0.21,N,2,2024-03-07
23,28284,RENT,8.0,VENTURE,A,6000,7.66,0,0.21,N,4,2024-05-22
25,28675,RENT,1.0,DEBTCONSOLIDATION,A,6000,8.9,0,0.21,N,3,2024-09-13
23,28800,RENT,4.0,MEDICAL,B,6000,11.013786929274843,0,0.21,N,3,2024-11-21
25,28800,RENT,1.0,VENTURE,E,6000,17.04,1,0.21,Y,4,2024-02-22
24,29000,RENT,5.0,MEDICAL,C,6000,15.27,0,0.21,N,2,2024-10-04
23,29000,RENT,1.0,VENTURE,A,6000,5.99,0,0.21,N,3,2024-07-10
23,29000,RENT,7.0,PERSONAL,C,6000,13.61,0,0.21,N,4,2024-01-26
22,29000,RENT,5.0,VENTURE,B,6000,10.25,0,0.21,N,2,2024-03-22
22,29000,RENT,4.0,VENTURE,B,6000,11.46,0,0.21,N,3,2024-05-06
24,48000,OWN,3.0,HOMEIMPROVEMENT,C,2800,12.53,0,0.06,Y,4,2024-09-14
22,30000,RENT,4.0,MEDICAL,B,6000,12.42,0,0.2,N,4,2024-12-01
24,48000,OWN,5.0,VENTURE,A,10400,7.37,0,0.22,N,3,2024-12-05
22,30000,RENT,1.0,EDUCATION,B,6000,10.65,0,0.2,N,2,2024-07-21
22,30000,RENT,7.0,EDUCATION,C,6000,14.27,1,0.2,N,3,2024-02-24
22,48000,MORTGAGE,6.0,EDUCATION,A,9925,9.63,0,0.21,N,2,2024-10-09
24,48000,OTHER,5.0,VENTURE,B,7800,11.89,0,0.16,N,4,2024-10-12
24,30000,RENT,6.0,MEDICAL,A,6000,7.51,0,0.2,N,3,2024-01-28
23,48000,MORTGAGE,2.0,EDUCATION,A,10000,9.32,0,0.21,N,4,2024-11-04
24,30000,RENT,2.0,DEBTCONSOLIDATION,C,6000,13.49,0,0.2,N,3,2024-10-27
22,30000,RENT,6.0,EDUCATION,A,6000,7.51,0,0.2,N,4,2024-07-30
22,30000,RENT,2.0,PERSONAL,B,6000,12.42,0,0.2,N,4,2024-08-27
24,48000,OWN,8.0,PERSONAL,A,1300,9.07,0,0.03,N,4,2024-04-09
22,48000,OWN,4.0,PERSONAL,B,2400,11.46,0,0.05,N,3,2024-05-19
25,48000,MORTGAGE,9.0,EDUCATION,C,7000,12.09,0,0.15,Y,2,2024-03-13
24,30000,RENT,3.0,EDUCATION,B,6000,11.71,0,0.2,N,4,2024-01-05
23,30000,RENT,3.0,DEBTCONSOLIDATION,B,6000,11.71,0,0.2,N,4,2024-12-18
23,48000,OWN,6.0,EDUCATION,B,5000,10.08,0,0.1,N,4,2024-06-25
24,48000,MORTGAGE,2.0,HOMEIMPROVEMENT,A,5000,7.68,0,0.1,N,4,2024-08-11
22,30000,RENT,4.0,PERSONAL,B,6000,10.99,1,0.2,N,2,2024-10-22
24,30000,RENT,2.0,HOMEIMPROVEMENT,D,6000,15.99,1,0.2,Y,3,2024-04-18
22,30000,RENT,3.0,PERSONAL,B,6000,10.37,0,0.2,N,2,2024-07-31
26,30000,RENT,2.0,MEDICAL,A,6000,6.54,0,0.2,N,2,2024-08-17
23,30000,RENT,7.0,PERSONAL,C,6000,14.72,0,0.2,Y,4,2024-12-10
24,48000,MORTGAGE,1.0,MEDICAL,C,3500,10.28,0,0.07,N,4,2024-02-07
26,30000,RENT,3.0,DEBTCONSOLIDATION,A,6000,7.74,0,0.2,N,3,2024-06-04
23,48152,MORTGAGE,7.0,MEDICAL,A,9500,7.29,0,0.2,N,2,2024-09-24
22,48156,MORTGAGE,6.0,DEBTCONSOLIDATION,A,3000,11.013786929274843,0,0.06,N,2,2024-10-08
23,48235,MORTGAGE,5.0,VENTURE,B,20000,12.18,0,0.41,N,2,2024-04-13
25,48360,MORTGAGE,9.0,EDUCATION,A,6000,7.66,0,0.12,N,3,2024-10-12
26,31200,RENT,10.0,DEBTCONSOLIDATION,C,6000,15.23,0,0.19,N,3,2024-04-18
25,31200,RENT,1.0,DEBTCONSOLIDATION,C,6000,13.8,1,0.19,N,4,2024-06-16
22,31200,RENT,4.0,EDUCATION,C,6000,13.22,0,0.19,N,2,2024-09-20
23,48500,MORTGAGE,1.0,VENTURE,C,6500,11.013786929274843,0,0.13,N,4,2024-07-18
22,31680,RENT,6.0,EDUCATION,B,6000,11.12,0,0.19,N,4,2024-03-02
24,32000,RENT,1.0,HOMEIMPROVEMENT,C,6000,13.49,1,0.19,N,3,2024-04-05
26,48500,MORTGAGE,9.0,HOMEIMPROVEMENT,A,13000,7.29,0,0.27,N,3,2024-11-25
23,48500,MORTGAGE,8.0,PERSONAL,B,6000,10.25,0,0.12,N,2,2024-06-25
25,32000,RENT,2.0,MEDICAL,B,6000,10.62,1,0.19,N,2,2024-03-15
25,48500,OTHER,1.0,EDUCATION,E,19500,15.57,1,0.4,N,4,2024-06-20
22,42500,MORTGAGE,6.0,MEDICAL,E,7000,15.57,1,0.16,Y,4,2024-11-15
25,32000,RENT,1.0,PERSONAL,D,6000,12.92,1,0.19,Y,3,2024-06-02
22,32001,RENT,4.0,VENTURE,D,6000,11.013786929274843,0,0.19,Y,3,2024-03-08
24,32004,RENT,2.0,PERSONAL,D,6000,14.84,1,0.19,N,4,2024-02-25
23,48600,OWN,2.0,MEDICAL,A,5000,7.49,0,0.1,N,2,2024-11-05
22,32496,RENT,4.0,PERSONAL,C,6000,13.04,0,0.18,N,4,2024-07-19
23,48600,MORTGAGE,5.0,MEDICAL,B,6000,11.86,0,0.12,N,4,2024-11-06
23,48600,MORTGAGE,7.0,PERSONAL,B,19000,11.36,0,0.39,N,4,2024-10-27
26,33000,RENT,1.0,VENTURE,D,6000,14.84,1,0.18,N,2,2024-12-21
22,33000,RENT,6.0,PERSONAL,C,6000,13.85,0,0.18,N,4,2024-03-10
24,48661,MORTGAGE,7.0,EDUCATION,D,8000,17.58,0,0.16,N,2,2024-10-31
23,33276,RENT,4.0,EDUCATION,C,6000,11.03,0,0.18,Y,4,2024-10-13
26,33600,RENT,4.0,DEBTCONSOLIDATION,B,6000,10.71,0,0.18,N,3,2024-07-27
22,33650,RENT,1.0,EDUCATION,D,6000,12.86,1,0.18,N,4,2024-05-15
24,48732,OTHER,6.0,MEDICAL,A,3500,9.32,0,0.07,N,4,2024-01-21
24,48800,MORTGAGE,7.0,DEBTCONSOLIDATION,A,9000,7.49,0,0.18,N,2,2024-02-10
24,48852,MORTGAGE,4.0,VENTURE,A,10300,6.99,0,0.21,N,2,2024-10-28
26,34000,RENT,6.0,DEBTCONSOLIDATION,B,6000,12.69,0,0.18,N,4,2024-03-02
24,48960,MORTGAGE,8.0,VENTURE,E,10000,18.39,0,0.2,N,3,2024-08-11
23,34000,RENT,2.0,DEBTCONSOLIDATION,D,6000,14.09,1,0.18,Y,4,2024-09-18
22,48996,MORTGAGE,5.0,MEDICAL,A,5000,7.9,0,0.1,N,4,2024-03-02
23,48996,MORTGAGE,7.0,EDUCATION,C,10525,13.61,0,0.21,N,2,2024-08-19
22,35000,RENT,2.0,MEDICAL,A,6000,7.49,0,0.17,N,2,2024-10-22
22,42996,MORTGAGE,7.0,HOMEIMPROVEMENT,C,12000,13.79,1,0.28,N,4,2024-01-03
23,29000,RENT,5.0,EDUCATION,A,6000,7.88,1,0.21,N,3,2024-05-04
22,35000,RENT,7.0,EDUCATION,B,6000,11.013786929274843,0,0.17,N,2,2024-08-02
24,35004,RENT,2.0,VENTURE,B,6000,10.59,0,0.17,N,3,2024-12-08
23,35004,RENT,1.0,EDUCATION,B,6000,11.013786929274843,0,0.17,N,2,2024-12-20
26,29004,RENT,1.0,PERSONAL,D,6000,14.11,1,0.21,N,4,2024-10-05
23,49000,MORTGAGE,6.0,DEBTCONSOLIDATION,A,9600,5.42,0,0.2,N,3,2024-07-01
24,43000,MORTGAGE,1.0,PERSONAL,D,4000,17.49,1,0.09,N,3,2024-05-25
23,49000,MORTGAGE,5.0,EDUCATION,A,3500,5.42,0,0.07,N,2,2024-08-19
24,43000,MORTGAGE,8.0,DEBTCONSOLIDATION,D,10000,16.89,1,0.23,Y,2,2024-10-08
26,29364,RENT,4.0,HOMEIMPROVEMENT,C,6000,13.35,1,0.2,Y,4,2024-02-22
25,49000,OWN,6.0,VENTURE,C,3000,11.013786929274843,0,0.06,N,3,2024-05-19
24,43000,MORTGAGE,2.0,DEBTCONSOLIDATION,B,3000,10.99,1,0.07,N,3,2024-10-14
23,49000,MORTGAGE,7.0,VENTURE,C,4000,13.99,0,0.08,N,4,2024-06-09
25,35392,RENT,9.0,EDUCATION,A,6000,7.4,0,0.17,N,3,2024-08-06
25,49000,MORTGAGE,9.0,DEBTCONSOLIDATION,A,7000,6.99,0,0.14,N,3,2024-07-02
22,29916,RENT,1.0,PERSONAL,D,6000,15.65,1,0.2,N,2,2024-05-23
25,36000,RENT,9.0,MEDICAL,B,6000,11.013786929274843,0,0.17,N,4,2024-06-07
24,49000,MORTGAGE,5.0,HOMEIMPROVEMENT,A,2700,6.92,0,0.06,N,4,2024-01-23
22,49000,MORTGAGE,6.0,EDUCATION,A,2400,5.79,0,0.05,N,4,2024-05-01
23,49000,MORTGAGE,7.0,MEDICAL,A,2400,7.66,0,0.05,N,3,2024-04-10
25,49000,MORTGAGE,2.0,HOMEIMPROVEMENT,B,18225,10.0,0,0.37,N,4,2024-07-07
26,49000,MORTGAGE,10.0,EDUCATION,B,20000,10.0,0,0.41,N,2,2024-03-30
22,30000,RENT,7.0,EDUCATION,C,6000,14.79,1,0.2,N,4,2024-07-11
22,36000,RENT,1.0,DEBTCONSOLIDATION,C,6000,12.68,0,0.17,N,4,2024-02-26
26,30000,RENT,2.0,DEBTCONSOLIDATION,E,6000,16.77,1,0.2,N,2,2024-07-19
23,49000,MORTGAGE,2.0,VENTURE,A,6000,7.88,0,0.12,N,4,2024-10-08
26,49000,MORTGAGE,10.0,EDUCATION,A,14000,7.88,0,0.29,N,2,2024-08-03
22,36000,RENT,6.0,EDUCATION,B,6000,10.0,0,0.17,N,3,2024-10-31
24,49000,MORTGAGE,7.0,MEDICAL,A,3500,7.88,0,0.07,N,3,2024-10-15
25,49000,OWN,4.0,HOMEIMPROVEMENT,A,2500,6.76,0,0.05,N,4,2024-12-07
22,36000,RENT,4.0,EDUCATION,B,6000,10.36,0,0.17,N,3,2024-08-11
23,36000,RENT,2.0,MEDICAL,B,6000,11.86,0,0.17,N,4,2024-11-08
25,36000,RENT,9.0,DEBTCONSOLIDATION,C,6000,14.72,0,0.17,N,2,2024-09-12
22,49000,MORTGAGE,6.0,VENTURE,A,4000,8.94,0,0.08,N,2,2024-06-05
22,49000,MORTGAGE,2.0,DEBTCONSOLIDATION,B,8500,12.53,0,0.17,N,2,2024-10-08
22,36000,RENT,6.0,EDUCATION,B,6000,10.75,0,0.17,N,3,2024-03-24
22,49000,MORTGAGE,4.0,VENTURE,A,7000,9.32,0,0.14,N,2,2024-04-07
23,30000,RENT,4.0,DEBTCONSOLIDATION,D,6000,16.32,1,0.2,Y,3,2024-10-12
23,36000,RENT,7.0,PERSONAL,A,6000,7.51,0,0.17,N,3,2024-06-26
24,49000,MORTGAGE,2.0,VENTURE,E,20000,15.57,0,0.41,Y,4,2024-11-23
24,49000,MORTGAGE,2.0,VENTURE,D,7000,13.17,0,0.14,Y,4,2024-08-13
22,36000,RENT,1.0,DEBTCONSOLIDATION,A,6000,7.51,0,0.17,N,2,2024-10-05
22,49032,MORTGAGE,6.0,EDUCATION,B,2400,11.86,0,0.05,N,2,2024-03-07
25,49152,MORTGAGE,7.0,MEDICAL,B,3000,11.71,0,0.06,N,2,2024-10-24
24,36000,RENT,5.0,MEDICAL,D,6000,14.96,0,0.17,N,2,2024-05-08
25,30000,RENT,9.0,EDUCATION,D,6000,14.74,1,0.2,Y,4,2024-03-12
22,49200,MORTGAGE,6.0,VENTURE,A,4800,7.51,0,0.1,N,3,2024-02-19
25,49200,MORTGAGE,6.0,MEDICAL,A,5600,7.49,0,0.11,N,2,2024-05-15
26,30000,RENT,1.0,MEDICAL,E,6000,15.45,1,0.2,N,4,2024-02-22
25,49200,MORTGAGE,2.0,EDUCATION,B,6000,10.0,0,0.12,N,2,2024-01-29
24,49200,OWN,8.0,EDUCATION,C,4000,13.06,0,0.08,N,4,2024-09-23
26,49200,OWN,11.0,HOMEIMPROVEMENT,B,10750,11.11,0,0.22,N,3,2024-01-21
26,49200,MORTGAGE,8.0,EDUCATION,A,4800,6.17,0,0.1,N,3,2024-12-21
22,36250,RENT,6.0,EDUCATION,C,6000,14.22,0,0.17,Y,3,2024-10-06
22,36628,RENT,4.0,EDUCATION,B,6000,11.86,0,0.16,N,4,2024-04-19
25,36852,RENT,1.0,EDUCATION,B,6000,12.42,0,0.16,N,2,2024-12-30
23,31000,RENT,1.0,DEBTCONSOLIDATION,B,6000,11.71,1,0.19,N,2,2024-01-25
24,37000,RENT,1.0,DEBTCONSOLIDATION,A,6000,7.66,0,0.16,N,2,2024-04-05
24,49344,MORTGAGE,6.0,DEBTCONSOLIDATION,B,8500,9.99,0,0.17,N,4,2024-08-26
24,37000,RENT,8.0,MEDICAL,A,6000,6.76,0,0.16,N,4,2024-01-15
22,37000,RENT,5.0,EDUCATION,B,6000,11.83,0,0.16,N,4,2024-04-27
26,49441,OWN,11.0,HOMEIMPROVEMENT,A,12000,6.99,0,0.24,N,4,2024-11-21
24,37200,RENT,2.0,PERSONAL,B,6000,9.99,0,0.16,N,3,2024-03-19
22,37500,RENT,6.0,MEDICAL,B,6000,12.42,0,0.16,N,2,2024-04-10
24,37920,RENT,4.0,DEBTCONSOLIDATION,A,6000,6.99,0,0.16,N,3,2024-06-20
22,49500,MORTGAGE,5.0,VENTURE,B,10000,10.36,0,0.2,N,3,2024-08-03
25,32000,RENT,9.0,DEBTCONSOLIDATION,C,6000,12.99,1,0.19,Y,2,2024-11-06
25,49500,MORTGAGE,2.0,DEBTCONSOLIDATION,A,2400,7.51,0,0.05,N,2,2024-06-03
25,38000,RENT,8.0,PERSONAL,A,6000,6.99,0,0.16,N,4,2024-04-03
22,38000,RENT,2.0,EDUCATION,C,6000,13.57,0,0.16,Y,4,2024-08-11
25,49500,MORTGAGE,3.0,DEBTCONSOLIDATION,C,9250,13.79,0,0.19,Y,2,2024-03-06
23,38000,RENT,5.0,EDUCATION,B,6000,10.46,0,0.16,N,2,2024-10-05
22,49536,MORTGAGE,6.0,DEBTCONSOLIDATION,A,5200,6.62,0,0.1,N,2,2024-05-30
24,43590,MORTGAGE,8.0,MEDICAL,B,8000,11.83,1,0.18,N,3,2024-03-09
23,43600,MORTGAGE,5.0,DEBTCONSOLIDATION,B,25000,11.013786929274843,1,0.57,N,3,2024-01-02
22,49600,MORTGAGE,4.0,VENTURE,D,10000,14.96,0,0.2,Y,3,2024-12-21
24,49600,MORTGAGE,8.0,HOMEIMPROVEMENT,A,2500,7.4,0,0.05,N,2,2024-01-25
25,49600,MORTGAGE,9.0,MEDICAL,C,10000,11.66,0,0.2,Y,4,2024-06-03
25,43633,MORTGAGE,3.0,DEBTCONSOLIDATION,D,9000,15.62,1,0.21,N,3,2024-01-27
24,33000,RENT,3.0,DEBTCONSOLIDATION,D,6000,15.62,1,0.18,N,2,2024-09-04
22,33000,RENT,3.0,HOMEIMPROVEMENT,B,6000,11.013786929274843,1,0.18,N,4,2024-05-04
25,49713,MORTGAGE,7.0,DEBTCONSOLIDATION,B,12000,11.86,0,0.24,N,2,2024-08-19
25,49716,MORTGAGE,6.0,MEDICAL,A,8000,9.32,0,0.16,N,2,2024-06-09
22,33000,RENT,2.0,EDUCATION,D,6000,11.013786929274843,1,0.18,N,4,2024-10-08
22,39000,RENT,1.0,EDUCATION,A,6000,8.0,0,0.15,N,3,2024-03-22
25,33600,RENT,9.0,DEBTCONSOLIDATION,D,6000,15.58,1,0.18,Y,2,2024-04-14
23,39996,RENT,2.0,DEBTCONSOLIDATION,A,6000,7.51,0,0.15,N,3,2024-07-17
25,39996,RENT,9.0,VENTURE,B,6000,9.7,0,0.15,N,4,2024-09-05
25,49920,MORTGAGE,9.0,DEBTCONSOLIDATION,A,3325,5.42,0,0.07,N,3,2024-12-29
25,40000,RENT,2.0,MEDICAL,B,6000,10.65,0,0.15,N,3,2024-09-12
22,40000,RENT,1.0,MEDICAL,B,6000,12.69,0,0.15,N,4,2024-07-30
22,49920,MORTGAGE,1.0,EDUCATION,C,10000,12.53,0,0.2,N,3,2024-06-24
24,40000,RENT,2.0,MEDICAL,B,6000,11.013786929274843,0,0.15,N,3,2024-04-10
26,49992,MORTGAGE,10.0,DEBTCONSOLIDATION,B,6000,10.99,0,0.12,N,2,2024-02-12
26,49995,MORTGAGE,10.0,EDUCATION,B,10000,11.71,0,0.2,N,3,2024-08-17
24,40000,RENT,3.0,EDUCATION,A,6000,6.62,0,0.15,N,3,2024-11-14
23,50000,OWN,7.0,EDUCATION,B,10000,11.71,0,0.2,N,3,2024-07-15
24,40000,RENT,4.0,PERSONAL,C,6000,13.99,0,0.15,Y,3,2024-02-16
26,40000,RENT,4.0,EDUCATION,B,6000,11.013786929274843,0,0.15,N,2,2024-08-18
22,50000,MORTGAGE,2.0,EDUCATION,B,22000,9.91,0,0.44,N,2,2024-08-09
25,50000,MORTGAGE,10.0,EDUCATION,C,10000,13.49,0,0.2,Y,4,2024-11-07
23,40000,RENT,3.0,EDUCATION,A,6000,5.79,0,0.15,N,4,2024-10-24
25,40000,RENT,5.0,PERSONAL,A,6000,7.88,0,0.15,N,4,2024-09-13
25,50000,MORTGAGE,9.0,PERSONAL,C,20000,15.27,0,0.4,N,4,2024-12-04
22,40000,RENT,5.0,VENTURE,A,6000,7.51,0,0.15,N,4,2024-12-26
23,40000,RENT,5.0,MEDICAL,A,6000,8.94,0,0.15,N,3,2024-11-13
24,50000,MORTGAGE,2.0,PERSONAL,A,6000,7.51,0,0.12,N,3,2024-12-06
22,50000,MORTGAGE,6.0,EDUCATION,B,13000,10.65,0,0.26,N,3,2024-02-12
22,34000,RENT,4.0,PERSONAL,A,6000,11.013786929274843,1,0.18,N,2,2024-05-21
23,40000,RENT,1.0,PERSONAL,A,6000,7.68,0,0.15,N,2,2024-10-22
23,34255,RENT,7.0,VENTURE,G,6000,22.11,1,0.18,Y,3,2024-10-19
23,50000,OWN,5.0,VENTURE,A,7000,8.9,0,0.14,N,4,2024-06-26
24,41000,RENT,3.0,EDUCATION,A,6000,8.9,0,0.15,N,3,2024-01-17
22,50000,MORTGAGE,6.0,EDUCATION,A,4800,6.03,0,0.1,N,3,2024-03-15
23,41000,RENT,3.0,MEDICAL,B,6000,10.99,0,0.15,N,2,2024-01-13
26,44000,MORTGAGE,10.0,PERSONAL,D,20000,17.27,1,0.45,Y,2,2024-04-01
24,41004,RENT,8.0,EDUCATION,A,6000,7.68,0,0.15,N,4,2024-01-24
23,41124,RENT,7.0,DEBTCONSOLIDATION,A,6000,7.49,0,0.15,N,4,2024-12-22
22,50000,MORTGAGE,6.0,VENTURE,B,6000,12.69,0,0.12,N,4,2024-09-08
24,44000,MORTGAGE,4.0,HOMEIMPROVEMENT,A,2200,8.9,1,0.05,N,4,2024-07-27
25,35196,RENT,2.0,MEDICAL,D,6000,14.54,1,0.17,N,3,2024-11-07
25,50000,MORTGAGE,9.0,VENTURE,A,18650,7.9,0,0.37,N,4,2024-02-02
25,42000,RENT,5.0,MEDICAL,B,6000,12.42,0,0.14,N,2,2024-09-17
22,42000,RENT,6.0,DEBTCONSOLIDATION,B,6000,10.65,0,0.14,N,2,2024-01-02
23,42000,RENT,5.0,VENTURE,B,6000,9.99,0,0.14,N,4,2024-10-18
26,42000,RENT,3.0,EDUCATION,A,6000,7.29,0,0.14,N,2,2024-06-23
23,50000,MORTGAGE,6.0,EDUCATION,B,17000,12.42,0,0.34,N,3,2024-12-23
23,50000,MORTGAGE,7.0,EDUCATION,A,3000,6.03,0,0.06,N,4,2024-10-04
25,50000,MORTGAGE,6.0,HOMEIMPROVEMENT,C,11200,14.27,0,0.22,Y,4,2024-09-14
24,42000,RENT,8.0,DEBTCONSOLIDATION,C,6000,12.68,0,0.14,N,4,2024-02-05
25,50000,MORTGAGE,8.0,DEBTCONSOLIDATION,B,12500,10.65,0,0.25,N,4,2024-09-07
25,42000,RENT,1.0,MEDICAL,B,6000,11.013786929274843,0,0.14,N,4,2024-03-05
24,50000,OWN,5.0,DEBTCONSOLIDATION,D,15000,16.29,0,0.3,N,4,2024-08-06
26,42000,RENT,8.0,MEDICAL,C,6000,12.73,0,0.14,N,4,2024-03-08
25,50000,OWN,2.0,HOMEIMPROVEMENT,B,20000,11.71,0,0.4,N,4,2024-03-31
22,42000,RENT,7.0,EDUCATION,A,6000,11.013786929274843,0,0.14,N,3,2024-09-01
23,42996,RENT,2.0,EDUCATION,C,6000,12.84,0,0.14,Y,2,2024-03-13
25,50000,MORTGAGE,3.0,DEBTCONSOLIDATION,A,17000,6.03,0,0.34,N,2,2024-02-05
25,44000,MORTGAGE,9.0,DEBTCONSOLIDATION,D,15000,11.013786929274843,1,0.34,Y,2,2024-03-10
26,50000,MORTGAGE,3.0,DEBTCONSOLIDATION,A,8000,6.62,0,0.16,N,4,2024-05-18
23,50000,MORTGAGE,7.0,DEBTCONSOLIDATION,A,2000,6.62,0,0.04,N,4,2024-11-02
26,44000,MORTGAGE,3.0,DEBTCONSOLIDATION,D,3500,16.29,1,0.08,N,3,2024-12-12
25,44000,RENT,1.0,EDUCATION,B,6000,12.69,0,0.14,N,4,2024-01-14
23,44000,RENT,2.0,MEDICAL,C,6000,14.22,0,0.14,Y,4,2024-11-20
22,50000,MORTGAGE,6.0,PERSONAL,A,8000,6.03,0,0.16,N,3,2024-09-18
24,44000,RENT,1.0,MEDICAL,A,6000,8.0,0,0.14,N,2,2024-10-11
23,50000,OWN,4.0,PERSONAL,B,12600,11.71,0,0.25,N,4,2024-12-13
24,50000,OWN,5.0,VENTURE,B,5000,12.69,0,0.1,N,3,2024-07-14
25,50000,MORTGAGE,2.0,VENTURE,A,10000,7.9,0,0.2,N,2,2024-05-24
26,45000,RENT,1.0,EDUCATION,B,6000,9.91,0,0.13,N,2,2024-05-20
24,50000,MORTGAGE,7.0,VENTURE,B,7500,11.71,0,0.15,N,4,2024-01-29
24,50000,OWN,7.0,HOMEIMPROVEMENT,B,20000,12.69,0,0.4,N,2,2024-08-21
26,45000,RENT,1.0,VENTURE,B,6000,11.71,0,0.13,N,2,2024-10-06
24,50000,MORTGAGE,8.0,VENTURE,A,13700,6.03,0,0.27,N,3,2024-04-29
22,50000,MORTGAGE,6.0,PERSONAL,A,15000,7.9,0,0.3,N,3,2024-09-13
23,39000,RENT,1.0,EDUCATION,D,6000,15.99,1,0.15,N,3,2024-12-06
23,50000,MORTGAGE,3.0,EDUCATION,A,10000,6.03,0,0.2,N,4,2024-09-26
24,50000,MORTGAGE,2.0,MEDICAL,A,12000,6.62,0,0.24,N,4,2024-11-07
26,50000,OWN,10.0,VENTURE,A,9825,7.9,0,0.2,N,4,2024-10-04
22,50000,MORTGAGE,6.0,VENTURE,C,10000,11.013786929274843,0,0.2,N,4,2024-02-05
26,45000,RENT,3.0,MEDICAL,A,6000,7.49,0,0.13,N,2,2024-01-27
24,45000,RENT,5.0,EDUCATION,B,6000,11.013786929274843,0,0.13,N,3,2024-10-14
26,50000,MORTGAGE,4.0,VENTURE,A,17200,7.51,0,0.34,N,4,2024-03-16
25,50000,OWN,9.0,EDUCATION,E,9175,19.42,0,0.18,N,4,2024-05-22
23,39000,RENT,7.0,MEDICAL,D,6000,14.09,1,0.15,Y,3,2024-08-03
26,45000,RENT,3.0,EDUCATION,A,6000,5.79,0,0.13,N,2,2024-11-05
23,45000,RENT,2.0,VENTURE,B,6000,11.86,0,0.13,N,3,2024-10-28
23,45000,RENT,7.0,VENTURE,B,6000,11.49,0,0.13,N,2,2024-07-13
22,50000,MORTGAGE,6.0,DEBTCONSOLIDATION,A,12000,7.9,0,0.24,N,4,2024-02-01
22,50000,MORTGAGE,6.0,PERSONAL,A,7800,6.62,0,0.16,N,3,2024-07-11
26,50000,MORTGAGE,10.0,DEBTCONSOLIDATION,A,5400,8.9,0,0.11,N,2,2024-12-27
22,39000,RENT,6.0,HOMEIMPROVEMENT,C,6000,13.22,1,0.15,Y,2,2024-10-22
24,45000,RENT,8.0,PERSONAL,B,6000,11.013786929274843,0,0.13,N,3,2024-12-10
23,45000,RENT,8.0,DEBTCONSOLIDATION,C,6000,12.53,0,0.13,N,2,2024-08-07
26,50000,OWN,6.0,EDUCATION,B,3000,9.91,0,0.06,N,2,2024-03-15
26,50000,MORTGAGE,7.0,VENTURE,A,7200,6.62,0,0.14,N,2,2024-01-12
26,39600,RENT,3.0,PERSONAL,B,6000,12.42,1,0.15,N,3,2024-08-09
24,50000,MORTGAGE,3.0,VENTURE,A,15000,8.9,0,0.3,N,2,2024-08-13
22,50000,OWN,6.0,EDUCATION,B,1000,9.91,0,0.02,N,2,2024-08-29
25,46000,RENT,3.0,PERSONAL,C,6000,14.72,0,0.13,Y,4,2024-05-05
24,50000,MORTGAGE,5.0,PERSONAL,D,22800,17.27,0,0.46,N,2,2024-05-08
25,50000,MORTGAGE,4.0,DEBTCONSOLIDATION,A,9000,6.03,0,0.18,N,2,2024-12-19
24,46151,RENT,2.0,DEBTCONSOLIDATION,B,6000,10.59,0,0.13,N,4,2024-01-07
25,50000,MORTGAGE,5.0,DEBTCONSOLIDATION,A,8000,5.42,0,0.16,N,4,2024-04-06
23,46443,RENT,7.0,EDUCATION,A,6000,7.9,0,0.13,N,4,2024-04-12
26,50000,OWN,8.0,PERSONAL,C,4200,12.99,0,0.08,Y,4,2024-11-03
24,50000,MORTGAGE,8.0,PERSONAL,B,8000,10.99,0,0.16,N,3,2024-09-15
25,46500,RENT,1.0,EDUCATION,B,6000,8.88,0,0.13,N,2,2024-07-26
22,40680,RENT,2.0,HOMEIMPROVEMENT,B,6000,11.36,1,0.15,N,4,2024-12-14
24,47000,RENT,7.0,VENTURE,A,6000,8.9,0,0.13,N,3,2024-06-28
23,50000,MORTGAGE,2.0,VENTURE,A,6400,8.49,0,0.13,N,4,2024-06-26
25,47000,RENT,6.0,VENTURE,B,6000,11.71,0,0.13,N,2,2024-02-24
24,47000,RENT,8.0,DEBTCONSOLIDATION,B,6000,10.99,0,0.13,N,4,2024-05-14
24,47000,RENT,3.0,PERSONAL,A,6000,7.66,0,0.13,N,2,2024-07-16
22,47000,RENT,2.0,MEDICAL,A,6000,5.42,0,0.13,N,3,2024-07-26
25,47000,RENT,1.0,EDUCATION,C,6000,12.87,0,0.13,Y,3,2024-05-07
26,47000,RENT,1.0,DEBTCONSOLIDATION,B,6000,10.33,0,0.13,N,4,2024-08-03
23,41500,RENT,3.0,EDUCATION,E,6000,16.7,1,0.14,N,2,2024-01-23
26,50000,OWN,10.0,PERSONAL,A,14400,7.49,0,0.29,N,4,2024-08-30
24,41628,RENT,6.0,DEBTCONSOLIDATION,C,6000,11.28,1,0.14,Y,2,2024-12-16
24,47928,RENT,1.0,MEDICAL,B,6000,12.53,0,0.13,N,2,2024-04-13
23,44000,MORTGAGE,3.0,MEDICAL,B,5400,10.99,1,0.12,N,2,2024-07-24
26,44000,MORTGAGE,6.0,EDUCATION,A,10000,5.42,1,0.23,N,4,2024-04-15
23,42000,RENT,1.0,HOMEIMPROVEMENT,C,6000,12.99,1,0.14,N,4,2024-08-10
26,50000,MORTGAGE,8.0,VENTURE,B,8000,10.59,0,0.16,N,2,2024-10-29
25,48000,RENT,2.0,MEDICAL,C,6000,12.99,0,0.13,Y,3,2024-06-16
22,48000,RENT,6.0,VENTURE,A,6000,7.49,0,0.13,N,4,2024-08-12
25,48000,RENT,2.0,PERSONAL,B,6000,10.37,0,0.13,N,4,2024-03-07
24,50000,MORTGAGE,7.0,VENTURE,D,11000,16.89,0,0.22,N,3,2024-04-25
26,50000,MORTGAGE,5.0,HOMEIMPROVEMENT,B,12375,10.99,0,0.25,N,3,2024-03-14
23,50000,MORTGAGE,5.0,VENTURE,A,3600,5.99,0,0.07,N,2,2024-10-17
22,50000,MORTGAGE,6.0,VENTURE,B,7200,11.013786929274843,0,0.14,N,3,2024-03-15
22,44000,MORTGAGE,6.0,VENTURE,D,6400,15.99,1,0.15,Y,2,2024-04-30
25,44000,MORTGAGE,9.0,DEBTCONSOLIDATION,A,9800,7.49,1,0.22,N,4,2024-05-16
24,42000,RENT,2.0,HOMEIMPROVEMENT,D,6000,14.96,1,0.14,Y,3,2024-07-14
26,50000,OWN,10.0,PERSONAL,A,7500,5.99,0,0.15,N,2,2024-04-09
23,50000,MORTGAGE,3.0,MEDICAL,B,10000,10.99,0,0.2,N,3,2024-02-02
22,50000,MORTGAGE,7.0,DEBTCONSOLIDATION,A,9000,8.49,0,0.18,N,2,2024-09-23
23,48000,RENT,3.0,EDUCATION,B,6000,11.89,0,0.13,N,3,2024-12-05
23,42000,RENT,3.0,DEBTCONSOLIDATION,D,6000,14.42,1,0.14,N,4,2024-02-03
23,50000,OWN,7.0,VENTURE,A,2050,7.49,0,0.04,N,2,2024-07-21
23,42000,RENT,2.0,PERSONAL,C,6000,12.41,1,0.14,N,4,2024-09-20
24,48000,RENT,8.0,MEDICAL,C,6000,12.22,0,0.13,Y,4,2024-07-27
23,48500,RENT,1.0,MEDICAL,A,6000,9.32,0,0.12,N,3,2024-02-26
23,44000,MORTGAGE,7.0,PERSONAL,A,10000,8.49,1,0.23,N,4,2024-01-19
22,48996,RENT,6.0,PERSONAL,B,6000,11.013786929274843,0,0.12,N,2,2024-05-15
23,49000,RENT,6.0,DEBTCONSOLIDATION,A,6000,7.9,0,0.12,N,3,2024-10-27
22,50000,OWN,1.0,MEDICAL,A,3600,11.013786929274843,0,0.07,N,2,2024-05-07
24,50000,MORTGAGE,7.0,HOMEIMPROVEMENT,C,6000,13.99,0,0.12,Y,4,2024-07-25
25,49000,RENT,8.0,EDUCATION,C,6000,11.013786929274843,0,0.12,Y,2,2024-05-26
23,49152,RENT,2.0,PERSONAL,A,6000,7.9,0,0.12,N,3,2024-01-24
22,50000,MORTGAGE,4.0,MEDICAL,B,8000,10.59,0,0.16,N,4,2024-01-20
24,49500,RENT,9.0,EDUCATION,D,6000,16.07,0,0.12,Y,4,2024-05-09
22,50000,RENT,4.0,MEDICAL,B,6000,10.65,0,0.12,N,2,2024-03-16
23,50000,RENT,4.0,DEBTCONSOLIDATION,B,6000,11.49,0,0.12,N,3,2024-02-08
23,50000,MORTGAGE,7.0,DEBTCONSOLIDATION,B,15000,9.99,0,0.3,N,4,2024-07-04
24,50000,RENT,5.0,MEDICAL,C,6000,14.79,0,0.12,N,4,2024-11-17
22,50000,RENT,3.0,DEBTCONSOLIDATION,C,6000,13.49,0,0.12,Y,2,2024-01-10
25,50000,RENT,1.0,MEDICAL,C,6000,14.79,0,0.12,Y,3,2024-01-29
24,50000,MORTGAGE,8.0,EDUCATION,A,9600,6.99,0,0.19,N,3,2024-12-24
23,50000,RENT,4.0,VENTURE,C,6000,13.49,0,0.12,N,3,2024-03-24
25,50000,RENT,5.0,HOMEIMPROVEMENT,C,6000,12.99,0,0.12,Y,3,2024-07-23
22,50000,OWN,4.0,PERSONAL,B,5000,12.62,0,0.1,N,3,2024-11-02
26,50000,RENT,4.0,PERSONAL,B,6000,11.013786929274843,0,0.12,N,3,2024-05-04
24,50000,MORTGAGE,5.0,PERSONAL,B,3500,10.99,0,0.07,N,2,2024-05-09
24,50000,RENT,1.0,MEDICAL,A,6000,5.79,0,0.12,N,4,2024-08-26
26,50000,OWN,7.0,MEDICAL,A,12000,8.49,0,0.24,N,4,2024-09-24
23,50000,RENT,4.0,DEBTCONSOLIDATION,A,6000,5.79,0,0.12,N,2,2024-04-23
25,50000,RENT,9.0,HOMEIMPROVEMENT,C,6000,14.17,0,0.12,N,3,2024-12-23
22,50000,RENT,3.0,DEBTCONSOLIDATION,B,6000,10.25,0,0.12,N,3,2024-02-21
24,50000,MORTGAGE,8.0,EDUCATION,B,15000,9.99,0,0.3,N,3,2024-06-17
23,50000,RENT,5.0,PERSONAL,B,6000,11.48,0,0.12,N,3,2024-09-29
22,44000,MORTGAGE,6.0,MEDICAL,A,5000,5.42,1,0.11,N,4,2024-11-10
26,50000,MORTGAGE,6.0,DEBTCONSOLIDATION,B,10800,10.99,0,0.22,N,4,2024-06-26
23,50000,OWN,4.0,VENTURE,A,4800,5.99,0,0.1,N,3,2024-12-18
22,50000,RENT,6.0,PERSONAL,B,6000,11.89,0,0.12,N,2,2024-09-03
23,50000,MORTGAGE,6.0,VENTURE,A,7000,5.99,0,0.14,N,3,2024-10-13
22,50000,RENT,2.0,DEBTCONSOLIDATION,B,6000,10.46,0,0.12,N,4,2024-06-19
26,44000,MORTGAGE,4.0,PERSONAL,B,11500,9.63,1,0.26,N,3,2024-06-13
22,50508,RENT,5.0,VENTURE,A,6000,5.42,0,0.12,N,3,2024-09-11
24,50000,MORTGAGE,4.0,DEBTCONSOLIDATION,B,5000,10.0,0,0.1,N,4,2024-03-26
23,50000,MORTGAGE,3.0,PERSONAL,A,6000,6.92,0,0.12,N,2,2024-04-03
22,50650,RENT,4.0,DEBTCONSOLIDATION,B,6000,11.86,0,0.12,N,2,2024-03-22
24,50000,MORTGAGE,8.0,EDUCATION,A,3000,7.66,0,0.06,N,2,2024-01-23
25,50000,MORTGAGE,9.0,PERSONAL,A,10000,6.92,0,0.2,N,2,2024-11-13
26,51356,RENT,4.0,DEBTCONSOLIDATION,A,6000,5.79,0,0.12,N,4,2024-09-18
26,51500,RENT,3.0,MEDICAL,B,6000,10.75,0,0.12,N,3,2024-11-19
26,45928,RENT,5.0,HOMEIMPROVEMENT,A,6000,7.9,1,0.13,N,4,2024-07-18
23,52000,RENT,4.0,DEBTCONSOLIDATION,C,6000,14.22,0,0.12,N,4,2024-11-27
25,50000,MORTGAGE,9.0,HOMEIMPROVEMENT,B,8000,10.0,0,0.16,N,2,2024-01-30
25,52000,RENT,2.0,VENTURE,C,6000,12.87,0,0.12,Y,4,2024-03-13
25,52000,RENT,4.0,VENTURE,D,6000,14.96,0,0.12,Y,2,2024-12-15
26,52000,RENT,10.0,HOMEIMPROVEMENT,E,6000,15.68,0,0.12,N,3,2024-10-14
24,52800,RENT,3.0,HOMEIMPROVEMENT,B,6000,9.91,0,0.11,N,4,2024-10-17
22,50000,OWN,6.0,VENTURE,A,6400,6.92,0,0.13,N,4,2024-08-02
25,53000,RENT,9.0,HOMEIMPROVEMENT,A,6000,7.9,0,0.11,N,4,2024-01-09
22,50000,OWN,3.0,EDUCATION,A,5000,7.29,0,0.1,N,4,2024-03-11
23,50000,MORTGAGE,5.0,DEBTCONSOLIDATION,A,6000,7.66,0,0.12,N,4,2024-11-21
22,53819,RENT,2.0,EDUCATION,A,6000,7.42,0,0.11,N,3,2024-07-18
26,50000,MORTGAGE,9.0,DEBTCONSOLIDATION,A,10000,11.013786929274843,0,0.2,N,3,2024-01-21
22,50000,MORTGAGE,6.0,VENTURE,A,6800,6.92,0,0.14,N,4,2024-12-21
22,50000,MORTGAGE,3.0,PERSONAL,B,6000,11.11,0,0.12,N,3,2024-06-23
22,54000,RENT,6.0,PERSONAL,C,6000,12.98,0,0.11,N,3,2024-06-06
24,54000,RENT,2.0,EDUCATION,A,6000,7.14,0,0.11,N,3,2024-02-08
26,50000,MORTGAGE,10.0,HOMEIMPROVEMENT,B,6000,11.013786929274843,0,0.12,N,3,2024-06-30
25,54000,RENT,4.0,HOMEIMPROVEMENT,A,6000,8.59,0,0.11,N,4,2024-04-28
22,50000,MORTGAGE,7.0,VENTURE,B,8800,11.11,0,0.18,N,4,2024-05-14
22,50000,MORTGAGE,4.0,EDUCATION,A,12000,7.29,0,0.24,N,3,2024-07-21
25,50000,MORTGAGE,5.0,EDUCATION,C,4000,13.43,0,0.08,Y,3,2024-07-24
22,54996,RENT,4.0,VENTURE,B,6000,10.75,0,0.11,N,3,2024-10-30
26,50000,MORTGAGE,1.0,VENTURE,B,15000,10.37,0,0.3,N,2,2024-10-11
25,50000,MORTGAGE,9.0,PERSONAL,A,12000,11.013786929274843,0,0.24,N,2,2024-07-15
22,55000,RENT,6.0,EDUCATION,C,6000,14.27,0,0.11,Y,2,2024-08-27
23,50000,MORTGAGE,2.0,DEBTCONSOLIDATION,B,14400,10.0,0,0.29,N,2,2024-05-30
22,55000,RENT,2.0,EDUCATION,A,6000,8.9,0,0.11,N,3,2024-06-07
25,55000,RENT,3.0,HOMEIMPROVEMENT,B,6000,11.013786929274843,0,0.11,N,3,2024-07-05
22,55000,RENT,6.0,EDUCATION,A,6000,6.62,0,0.11,N,2,2024-07-06
24,50000,MORTGAGE,2.0,PERSONAL,A,7000,5.42,0,0.14,N,4,2024-06-25
23,55000,RENT,7.0,EDUCATION,B,6000,10.99,0,0.11,N,2,2024-07-23
22,55000,RENT,6.0,DEBTCONSOLIDATION,A,6000,6.99,0,0.11,N,3,2024-11-30
26,55000,RENT,10.0,MEDICAL,A,6000,5.42,0,0.11,N,4,2024-05-06
22,55000,RENT,7.0,EDUCATION,B,6000,9.25,0,0.11,N,3,2024-06-25
22,50000,MORTGAGE,4.0,DEBTCONSOLIDATION,B,5150,8.88,0,0.1,N,2,2024-03-18
24,50000,MORTGAGE,8.0,MEDICAL,A,12000,5.42,0,0.24,N,2,2024-02-01
26,55000,RENT,6.0,HOMEIMPROVEMENT,A,6000,7.14,0,0.11,N,4,2024-09-22
22,55000,RENT,5.0,DEBTCONSOLIDATION,A,6000,7.51,0,0.11,N,3,2024-05-25
22,50000,MORTGAGE,4.0,PERSONAL,B,7000,9.25,0,0.14,N,3,2024-12-16
26,49200,RENT,7.0,MEDICAL,D,6000,16.49,1,0.12,Y,2,2024-12-14
25,50000,MORTGAGE,5.0,EDUCATION,B,12000,11.013786929274843,0,0.24,N,2,2024-12-03
23,56000,RENT,6.0,EDUCATION,A,6000,7.49,0,0.11,N,4,2024-03-18
25,50000,MORTGAGE,7.0,PERSONAL,C,6600,12.61,0,0.13,Y,3,2024-02-02
24,50000,MORTGAGE,5.0,PERSONAL,A,6000,6.17,0,0.12,N,2,2024-08-17
25,56000,RENT,1.0,HOMEIMPROVEMENT,B,6000,10.74,0,0.11,N,2,2024-03-12
25,50000,MORTGAGE,9.0,EDUCATION,A,5000,5.79,0,0.1,N,2,2024-01-06
26,44000,MORTGAGE,3.0,EDUCATION,A,22500,11.013786929274843,1,0.51,N,3,2024-07-05
23,50000,RENT,1.0,DEBTCONSOLIDATION,B,6000,11.48,1,0.12,N,4,2024-02-29
25,57000,RENT,5.0,PERSONAL,A,6000,8.0,0,0.11,N,3,2024-05-07
22,58000,RENT,2.0,PERSONAL,A,6000,6.92,0,0.1,N,4,2024-08-01
25,58000,RENT,3.0,MEDICAL,B,6000,12.18,0,0.1,N,4,2024-02-18
23,50000,MORTGAGE,4.0,VENTURE,E,15250,15.95,0,0.3,N,3,2024-09-23
22,50000,OWN,2.0,MEDICAL,D,10400,11.013786929274843,0,0.21,Y,4,2024-01-01
24,58000,RENT,3.0,VENTURE,C,6000,12.87,0,0.1,Y,2,2024-01-31
25,50000,OWN,3.0,MEDICAL,A,10000,11.013786929274843,0,0.2,N,3,2024-04-17
22,52800,RENT,6.0,EDUCATION,C,6000,11.97,1,0.11,N,2,2024-01-23
22,50000,MORTGAGE,5.0,VENTURE,B,10000,10.36,0,0.2,N,3,2024-11-05
22,50000,MORTGAGE,6.0,PERSONAL,B,8000,11.12,0,0.16,N,3,2024-09-01
25,59366,RENT,4.0,MEDICAL,B,6000,11.11,0,0.1,N,2,2024-02-17
24,59400,RENT,8.0,DEBTCONSOLIDATION,A,6000,7.9,0,0.1,N,3,2024-06-06
24,50000,MORTGAGE,2.0,EDUCATION,D,25000,15.58,0,0.5,Y,3,2024-08-05
23,59785,RENT,2.0,EDUCATION,A,6000,8.94,0,0.1,N,3,2024-06-16
23,60000,RENT,1.0,DEBTCONSOLIDATION,A,6000,11.013786929274843,0,0.1,N,2,2024-06-29
22,50000,MORTGAGE,7.0,EDUCATION,A,12800,7.88,0,0.26,N,3,2024-05-17
25,50000,MORTGAGE,9.0,PERSONAL,C,2500,13.61,0,0.05,N,3,2024-12-10
22,60000,RENT,5.0,EDUCATION,B,6000,11.49,0,0.1,N,4,2024-04-24
22,50000,OWN,2.0,EDUCATION,B,5600,11.86,0,0.11,N,2,2024-05-08
22,60000,RENT,6.0,MEDICAL,B,6000,11.99,0,0.1,N,3,2024-11-12
23,54000,RENT,5.0,DEBTCONSOLIDATION,D,6000,15.62,1,0.11,Y,4,2024-03-01
24,50000,MORTGAGE,4.0,MEDICAL,A,4000,11.013786929274843,0,0.08,N,2,2024-07-30
24,54000,RENT,3.0,HOMEIMPROVEMENT,B,6000,10.99,1,0.11,N,2,2024-08-10
25,60000,RENT,9.0,PERSONAL,D,6000,14.54,0,0.1,Y,3,2024-09-02
23,54000,RENT,2.0,DEBTCONSOLIDATION,D,6000,14.09,1,0.11,Y,3,2024-08-04
26,50000,OWN,11.0,HOMEIMPROVEMENT,B,1800,11.49,0,0.04,N,4,2024-12-31
26,50000,MORTGAGE,10.0,PERSONAL,A,10000,7.51,0,0.2,N,3,2024-01-17
24,50000,MORTGAGE,8.0,HOMEIMPROVEMENT,A,9000,7.14,0,0.18,N,2,2024-01-24
25,50000,MORTGAGE,3.0,HOMEIMPROVEMENT,C,4800,13.61,0,0.1,Y,2,2024-11-09
24,60000,RENT,9.0,MEDICAL,A,6000,7.51,0,0.1,N,3,2024-02-13
25,50000,MORTGAGE,5.0,DEBTCONSOLIDATION,A,4000,11.013786929274843,0,0.08,N,4,2024-12-11
23,50000,OWN,3.0,PERSONAL,B,1500,11.49,0,0.03,N,2,2024-01-29
23,50000,MORTGAGE,2.0,EDUCATION,C,8000,13.61,0,0.16,N,2,2024-08-31
23,54000,RENT,6.0,HOMEIMPROVEMENT,E,6000,16.45,1,0.11,N,2,2024-10-26
22,50000,MORTGAGE,4.0,EDUCATION,A,5000,7.51,0,0.1,N,2,2024-12-04
23,60495,RENT,8.0,MEDICAL,A,6000,11.013786929274843,0,0.1,N,3,2024-09-27
26,50000,OWN,5.0,MEDICAL,A,3250,7.51,0,0.07,N,2,2024-12-02
25,61000,RENT,9.0,EDUCATION,A,6000,11.013786929274843,0,0.1,N,4,2024-02-23
23,44000,MORTGAGE,7.0,PERSONAL,A,8500,7.14,1,0.19,N,3,2024-05-27
22,61104,RENT,6.0,EDUCATION,B,6000,11.013786929274843,0,0.1,N,4,2024-07-08
23,50000,MORTGAGE,2.0,PERSONAL,B,4000,11.86,0,0.08,N,3,2024-04-03
25,50000,OWN,9.0,VENTURE,C,12000,13.98,0,0.24,N,2,2024-12-07
25,62000,RENT,2.0,VENTURE,A,6000,11.013786929274843,0,0.1,N,3,2024-11-19
22,24000,RENT,6.0,DEBTCONSOLIDATION,B,7125,9.67,0,0.3,N,3,2024-09-29
22,50000,MORTGAGE,5.0,EDUCATION,B,15000,10.25,0,0.3,N,3,2024-04-02
23,25279,RENT,7.0,PERSONAL,D,7125,17.58,0,0.28,Y,4,2024-06-07
22,26124,RENT,2.0,EDUCATION,A,7125,5.79,0,0.27,N,2,2024-11-07
22,28000,RENT,6.0,DEBTCONSOLIDATION,B,7125,11.013786929274843,0,0.25,N,4,2024-06-06
24,70000,RENT,8.0,VENTURE,A,7125,6.92,0,0.1,N,2,2024-03-27
22,50000,MORTGAGE,6.0,DEBTCONSOLIDATION,B,10000,9.88,0,0.2,N,4,2024-06-18
26,15000,RENT,2.0,MEDICAL,B,7100,9.99,1,0.47,N,4,2024-12-27
23,25000,RENT,1.0,PERSONAL,A,7100,7.9,0,0.28,N,2,2024-04-30
25,50000,MORTGAGE,9.0,DEBTCONSOLIDATION,B,5000,11.36,0,0.1,N,2,2024-03-31
25,33000,RENT,1.0,VENTURE,C,7100,14.65,1,0.22,Y,4,2024-04-16
23,50000,MORTGAGE,4.0,EDUCATION,B,20000,10.62,0,0.4,N,4,2024-11-06
23,44400,RENT,2.0,DEBTCONSOLIDATION,A,7100,6.99,1,0.16,N,3,2024-08-30
25,95000,RENT,3.0,DEBTCONSOLIDATION,A,7100,6.99,0,0.07,N,2,2024-07-05
25,96000,RENT,9.0,HOMEIMPROVEMENT,A,7075,5.99,0,0.07,N,4,2024-12-19
22,50000,MORTGAGE,3.0,EDUCATION,A,2500,7.51,0,0.05,N,4,2024-10-12
25,50000,MORTGAGE,9.0,DEBTCONSOLIDATION,A,18000,7.88,0,0.36,N,2,2024-06-05
22,50000,OWN,2.0,VENTURE,C,6000,14.22,0,0.12,N,2,2024-11-18
22,18000,RENT,1.0,HOMEIMPROVEMENT,B,7000,10.65,1,0.39,N,2,2024-10-16
25,50000,MORTGAGE,4.0,PERSONAL,A,6000,6.76,0,0.12,N,3,2024-05-07
23,18000,RENT,1.0,PERSONAL,A,7000,7.88,1,0.39,N,4,2024-07-10
25,19200,RENT,1.0,VENTURE,E,7000,16.82,1,0.36,Y,3,2024-08-09
23,21600,RENT,5.0,VENTURE,A,7000,6.62,1,0.32,N,2,2024-10-28
22,22500,RENT,2.0,DEBTCONSOLIDATION,B,7000,10.38,1,0.31,N,3,2024-04-08
24,22680,RENT,9.0,DEBTCONSOLIDATION,B,7000,10.62,1,0.31,N,3,2024-08-14
25,22880,RENT,2.0,VENTURE,C,7000,11.013786929274843,1,0.31,N,3,2024-03-28
23,50000,MORTGAGE,3.0,VENTURE,C,7000,13.48,0,0.14,Y,2,2024-11-19
26,22884,RENT,2.0,MEDICAL,A,7000,7.51,1,0.31,N,4,2024-10-24
23,50000,MORTGAGE,5.0,PERSONAL,B,9000,11.14,0,0.18,N,2,2024-04-06
23,50000,MORTGAGE,1.0,PERSONAL,A,9000,11.013786929274843,0,0.18,N,2,2024-12-10
25,23460,RENT,5.0,MEDICAL,B,7000,11.013786929274843,0,0.3,N,2,2024-01-31
22,24000,RENT,6.0,VENTURE,B,7000,12.42,0,0.29,N,2,2024-07-03
26,24000,RENT,2.0,PERSONAL,C,7000,12.99,0,0.29,N,3,2024-03-21
22,50000,MORTGAGE,5.0,PERSONAL,B,2000,12.18,0,0.04,N,3,2024-01-07
23,50000,OWN,3.0,VENTURE,A,5000,8.94,0,0.1,N,3,2024-05-10
22,50000,OWN,3.0,EDUCATION,A,6000,8.94,0,0.12,N,2,2024-09-23
26,50000,MORTGAGE,5.0,EDUCATION,A,5000,7.4,0,0.1,N,2,2024-02-20
22,24996,RENT,6.0,DEBTCONSOLIDATION,B,7000,11.86,0,0.28,N,2,2024-12-16
22,50000,MORTGAGE,6.0,VENTURE,C,10500,14.26,0,0.21,Y,2,2024-07-04
22,63000,RENT,6.0,PERSONAL,B,6000,11.49,0,0.1,N,2,2024-06-08
26,63000,RENT,3.0,HOMEIMPROVEMENT,C,6000,13.23,0,0.1,N,2,2024-12-05
23,63402,RENT,3.0,DEBTCONSOLIDATION,C,6000,13.22,0,0.09,N,4,2024-09-12
25,57500,RENT,4.0,VENTURE,C,6000,11.28,1,0.1,N,2,2024-02-24
24,58668,RENT,8.0,MEDICAL,D,6000,15.05,1,0.1,Y,4,2024-10-17
23,65000,RENT,7.0,EDUCATION,C,6000,15.23,0,0.09,N,3,2024-10-19
23,65000,RENT,2.0,EDUCATION,B,6000,11.99,0,0.09,N,2,2024-03-08
26,65000,RENT,7.0,EDUCATION,D,6000,16.49,0,0.09,Y,2,2024-04-28
25,59000,RENT,9.0,VENTURE,C,6000,15.23,1,0.1,N,3,2024-06-10
23,44000,MORTGAGE,8.0,PERSONAL,B,15000,12.18,1,0.34,N,3,2024-09-25
24,50000,MORTGAGE,3.0,HOMEIMPROVEMENT,B,12000,11.013786929274843,0,0.24,N,3,2024-04-03
22,50000,MORTGAGE,2.0,DEBTCONSOLIDATION,A,11000,8.94,0,0.22,N,4,2024-09-22
25,65000,RENT,8.0,EDUCATION,C,6000,13.06,0,0.09,Y,3,2024-11-11
24,65000,RENT,3.0,MEDICAL,A,6000,11.013786929274843,0,0.09,N,2,2024-06-05
24,59000,RENT,2.0,DEBTCONSOLIDATION,D,6000,16.0,1,0.1,N,4,2024-07-23
22,65100,RENT,3.0,EDUCATION,E,6000,16.2,0,0.09,N,4,2024-04-20
22,66000,RENT,4.0,EDUCATION,B,6000,9.99,0,0.09,N,4,2024-03-08
25,44000,MORTGAGE,4.0,MEDICAL,D,5550,14.11,1,0.13,Y,4,2024-10-11
26,66400,RENT,6.0,MEDICAL,A,6000,7.29,0,0.09,N,4,2024-03-31
24,67644,RENT,3.0,DEBTCONSOLIDATION,A,6000,6.99,0,0.09,N,3,2024-09-11
24,50000,MORTGAGE,8.0,EDUCATION,C,3000,13.47,0,0.06,N,2,2024-07-27
26,62065,RENT,7.0,PERSONAL,B,6000,11.12,1,0.1,N,3,2024-04-12
26,44000,MORTGAGE,8.0,MEDICAL,G,12000,18.84,1,0.27,Y,3,2024-05-31
22,68250,RENT,4.0,EDUCATION,F,6000,19.13,0,0.09,Y,3,2024-03-27
24,50000,MORTGAGE,2.0,VENTURE,A,12500,9.32,0,0.25,N,2,2024-01-27
25,68496,RENT,1.0,VENTURE,A,6000,8.0,0,0.09,N,3,2024-05-30
22,69000,RENT,2.0,VENTURE,A,6000,7.49,0,0.09,N,4,2024-09-11
22,44000,MORTGAGE,4.0,MEDICAL,D,16000,14.74,1,0.36,Y,3,2024-01-27
23,69000,RENT,7.0,MEDICAL,A,6000,7.88,0,0.09,N,2,2024-05-01
26,63400,RENT,2.0,PERSONAL,D,6000,15.21,1,0.09,Y,2,2024-10-10
22,69500,RENT,6.0,DEBTCONSOLIDATION,B,6000,10.65,0,0.09,N,4,2024-04-13
22,50000,MORTGAGE,1.0,PERSONAL,E,9800,16.32,0,0.2,Y,3,2024-04-24
22,69528,RENT,6.0,PERSONAL,C,6000,12.99,0,0.09,Y,3,2024-01-15
26,69780,RENT,3.0,PERSONAL,A,6000,9.32,0,0.09,N,3,2024-06-09
26,70000,RENT,3.0,PERSONAL,A,6000,8.49,0,0.09,N,4,2024-04-01
23,70000,RENT,4.0,EDUCATION,A,6000,7.49,0,0.09,N,2,2024-01-25
22,50000,MORTGAGE,7.0,EDUCATION,A,6400,8.0,0,0.13,N,2,2024-12-04
26,50000,MORTGAGE,10.0,HOMEIMPROVEMENT,E,15000,16.0,0,0.3,N,3,2024-12-28
25,70000,RENT,9.0,EDUCATION,B,6000,9.25,0,0.09,N,4,2024-10-05
26,70000,RENT,4.0,MEDICAL,A,6000,6.17,0,0.09,N,4,2024-02-11
24,50000,MORTGAGE,4.0,HOMEIMPROVEMENT,A,6000,9.63,0,0.12,N,3,2024-10-25
24,50000,MORTGAGE,1.0,PERSONAL,C,11400,12.53,0,0.23,N,2,2024-12-29
23,70000,RENT,4.0,EDUCATION,B,6000,11.49,0,0.09,N,4,2024-03-23
22,50000,MORTGAGE,7.0,EDUCATION,B,4000,10.95,0,0.08,N,4,2024-11-07
23,50000,MORTGAGE,7.0,VENTURE,B,8600,11.26,0,0.17,N,3,2024-09-22
26,50000,OWN,4.0,HOMEIMPROVEMENT,C,10000,13.47,0,0.2,Y,2,2024-05-06
24,50000,MORTGAGE,7.0,VENTURE,D,1000,14.42,0,0.02,N,3,2024-10-04
22,71000,RENT,4.0,MEDICAL,B,6000,11.013786929274843,0,0.08,N,4,2024-03-19
25,50000,MORTGAGE,5.0,PERSONAL,D,7500,13.8,0,0.15,Y,4,2024-07-26
24,44000,MORTGAGE,6.0,EDUCATION,F,7500,16.33,1,0.17,N,2,2024-03-03
26,66000,RENT,10.0,VENTURE,C,6000,13.49,1,0.09,Y,2,2024-08-11
24,72000,RENT,3.0,EDUCATION,A,6000,7.66,0,0.08,N,3,2024-03-10
25,44000,MORTGAGE,7.0,PERSONAL,B,7500,10.08,1,0.17,N,2,2024-03-22
25,72000,RENT,1.0,VENTURE,B,6000,11.86,0,0.08,N,3,2024-07-09
22,50000,OWN,4.0,VENTURE,B,16000,9.45,0,0.32,N,4,2024-06-22
23,73000,RENT,4.0,MEDICAL,B,6000,12.53,0,0.08,N,4,2024-05-04
26,50000,MORTGAGE,10.0,MEDICAL,C,13000,11.97,0,0.26,Y,3,2024-06-06
23,73500,RENT,7.0,PERSONAL,D,6000,14.96,0,0.08,Y,4,2024-12-08
22,50000,OWN,6.0,MEDICAL,A,15000,8.63,0,0.3,N,2,2024-09-09
23,57800,RENT,2.0,MEDICAL,B,6000,10.99,1,0.09,N,4,2024-12-16
24,50000,MORTGAGE,7.0,PERSONAL,D,9000,11.013786929274843,0,0.18,Y,3,2024-05-25
25,50000,MORTGAGE,9.0,EDUCATION,A,6400,8.32,0,0.13,N,3,2024-04-15
26,50000,MORTGAGE,2.0,PERSONAL,D,20000,13.3,0,0.4,N,3,2024-02-17
23,74000,RENT,7.0,EDUCATION,A,6000,5.79,0,0.08,N,3,2024-01-02
25,74500,RENT,3.0,MEDICAL,B,6000,9.99,0,0.08,N,4,2024-08-28
26,74970,RENT,5.0,MEDICAL,A,6000,7.88,0,0.08,N,2,2024-04-04
23,75000,RENT,1.0,VENTURE,B,6000,12.42,0,0.08,N,3,2024-09-24
23,75000,RENT,1.0,PERSONAL,A,6000,6.03,0,0.08,N,4,2024-05-28
23,75000,RENT,1.0,VENTURE,A,6000,6.99,0,0.08,N,4,2024-07-28
23,50004,MORTGAGE,7.0,EDUCATION,A,2700,5.99,0,0.05,N,2,2024-01-24
23,69000,RENT,7.0,DEBTCONSOLIDATION,D,6000,16.02,1,0.09,Y,2,2024-08-17
22,50004,MORTGAGE,4.0,DEBTCONSOLIDATION,A,6250,11.013786929274843,0,0.12,N,4,2024-05-15
25,50004,OWN,1.0,VENTURE,A,10000,7.29,0,0.2,N,3,2024-08-19
23,75000,RENT,4.0,PERSONAL,C,6000,13.98,0,0.08,Y,2,2024-10-22
24,50004,OWN,2.0,MEDICAL,B,10000,11.12,0,0.2,N,2,2024-12-25
22,50004,MORTGAGE,5.0,EDUCATION,D,14000,15.58,0,0.28,N,4,2024-10-14
22,50004,MORTGAGE,6.0,VENTURE,D,7200,11.013786929274843,0,0.14,Y,2,2024-06-18
25,78000,RENT,1.0,PERSONAL,A,6000,9.63,0,0.08,N,4,2024-10-07
23,50004,MORTGAGE,7.0,PERSONAL,B,16000,11.83,0,0.32,N,2,2024-10-07
22,80000,RENT,1.0,EDUCATION,A,6000,11.013786929274843,0,0.07,N,2,2024-05-17
26,50004,MORTGAGE,10.0,PERSONAL,A,5000,9.32,0,0.1,N,2,2024-10-11
22,44004,MORTGAGE,3.0,VENTURE,D,9000,14.11,1,0.2,Y,3,2024-06-17
25,80000,RENT,5.0,VENTURE,A,6000,8.0,0,0.07,N,4,2024-04-27
24,80490,RENT,8.0,HOMEIMPROVEMENT,B,6000,10.59,0,0.07,N,3,2024-03-25
23,80607,RENT,2.0,MEDICAL,B,6000,12.21,0,0.07,N,2,2024-09-07
25,82000,RENT,5.0,MEDICAL,C,6000,11.013786929274843,0,0.07,N,3,2024-03-09
23,50004,MORTGAGE,7.0,PERSONAL,A,6000,11.013786929274843,0,0.12,N,3,2024-04-01
22,50004,MORTGAGE,6.0,EDUCATION,C,2500,12.53,0,0.05,N,2,2024-11-25
26,50004,MORTGAGE,10.0,EDUCATION,A,5000,9.32,0,0.1,N,2,2024-09-15
26,82000,RENT,8.0,HOMEIMPROVEMENT,A,6000,7.88,0,0.07,N,3,2024-04-11
23,50004,MORTGAGE,8.0,EDUCATION,C,2000,11.91,0,0.04,Y,2,2024-02-03
26,50004,OWN,2.0,HOMEIMPROVEMENT,D,11000,13.87,0,0.22,Y,4,2024-01-22
23,83954,RENT,7.0,EDUCATION,A,6000,11.013786929274843,0,0.07,N,2,2024-02-29
23,84000,RENT,5.0,VENTURE,A,6000,6.99,0,0.07,N,3,2024-11-14
25,84000,RENT,2.0,VENTURE,A,6000,8.94,0,0.07,N,2,2024-07-08
23,50052,OWN,8.0,PERSONAL,B,15000,9.63,0,0.3,N,4,2024-06-18
24,84996,RENT,1.0,MEDICAL,A,6000,6.03,0,0.07,N,3,2024-03-29
23,50129,MORTGAGE,7.0,VENTURE,A,11400,7.29,0,0.23,N,2,2024-08-07
25,85000,RENT,4.0,MEDICAL,B,6000,10.0,0,0.07,N,3,2024-11-13
23,50205,MORTGAGE,7.0,DEBTCONSOLIDATION,A,5300,5.42,0,0.11,N,4,2024-06-15
25,73000,RENT,2.0,DEBTCONSOLIDATION,D,6000,14.96,1,0.08,N,4,2024-09-17
22,50285,MORTGAGE,6.0,DEBTCONSOLIDATION,C,7000,13.11,0,0.14,Y,4,2024-04-09
25,50300,MORTGAGE,3.0,HOMEIMPROVEMENT,E,1000,18.39,0,0.02,Y,3,2024-07-09
22,86000,RENT,6.0,MEDICAL,A,6000,5.42,0,0.07,N,3,2024-05-23
22,50364,MORTGAGE,6.0,EDUCATION,A,6000,6.03,0,0.12,N,3,2024-04-02
23,50400,MORTGAGE,7.0,EDUCATION,A,8375,7.51,0,0.17,N,2,2024-03-19
26,50400,MORTGAGE,3.0,HOMEIMPROVEMENT,B,24000,9.91,0,0.48,N,3,2024-08-29
25,50400,MORTGAGE,4.0,VENTURE,C,3000,14.65,0,0.06,N,3,2024-12-07
22,75000,RENT,6.0,EDUCATION,B,6000,11.013786929274843,1,0.08,N,2,2024-05-01
24,89772,RENT,8.0,MEDICAL,C,6000,13.92,0,0.07,Y,3,2024-03-20
25,90000,RENT,9.0,HOMEIMPROVEMENT,C,6000,13.49,0,0.07,N,4,2024-10-29
26,78000,RENT,5.0,PERSONAL,C,6000,12.68,1,0.08,N,2,2024-01-15
25,44400,MORTGAGE,9.0,VENTURE,C,6000,12.99,1,0.14,N,4,2024-02-14
23,50400,OWN,7.0,EDUCATION,D,7000,15.99,0,0.14,N,2,2024-01-28
23,50400,MORTGAGE,7.0,EDUCATION,B,2500,10.99,0,0.05,N,4,2024-07-23
23,50400,MORTGAGE,4.0,VENTURE,A,11200,7.42,0,0.22,N,3,2024-04-03
25,90000,RENT,4.0,HOMEIMPROVEMENT,A,6000,7.88,0,0.07,N,3,2024-05-16
23,90000,RENT,3.0,PERSONAL,B,6000,10.25,0,0.07,N,3,2024-10-02
24,79650,RENT,4.0,PERSONAL,E,6000,16.35,1,0.08,Y,3,2024-08-09
23,92000,RENT,4.0,VENTURE,B,6000,12.42,0,0.07,N,3,2024-03-08
26,81000,RENT,10.0,PERSONAL,A,6000,7.51,1,0.07,N,2,2024-10-22
25,50400,MORTGAGE,5.0,HOMEIMPROVEMENT,B,12000,9.62,0,0.24,N,4,2024-04-09
22,50400,MORTGAGE,6.0,EDUCATION,D,12000,14.09,0,0.24,N,2,2024-06-22
24,95000,RENT,3.0,HOMEIMPROVEMENT,B,6000,10.99,0,0.06,N,4,2024-08-13
26,98000,RENT,8.0,DEBTCONSOLIDATION,B,6000,10.99,0,0.06,N,3,2024-08-01
24,50496,MORTGAGE,3.0,PERSONAL,B,3000,11.99,0,0.06,N,3,2024-06-27
22,100000,RENT,6.0,EDUCATION,B,6000,11.99,0,0.06,N,4,2024-07-10
22,100000,RENT,3.0,EDUCATION,C,6000,12.98,0,0.06,Y,2,2024-10-22
25,100000,RENT,9.0,PERSONAL,D,6000,14.42,0,0.06,Y,3,2024-12-16
22,105000,RENT,4.0,VENTURE,B,6000,9.99,0,0.06,N,2,2024-02-13
22,50500,OWN,6.0,VENTURE,B,6000,11.83,0,0.12,N,2,2024-07-04
22,93000,RENT,6.0,HOMEIMPROVEMENT,A,6000,8.94,1,0.06,N,4,2024-02-17
22,105500,RENT,6.0,EDUCATION,B,6000,11.99,0,0.06,N,4,2024-06-29
23,95000,RENT,7.0,DEBTCONSOLIDATION,D,6000,16.49,1,0.06,N,4,2024-08-16
23,50508,OWN,8.0,PERSONAL,B,7500,10.83,0,0.15,N,4,2024-08-10
25,50600,OWN,3.0,PERSONAL,A,3000,7.51,0,0.06,N,2,2024-01-26
26,50648,MORTGAGE,8.0,PERSONAL,A,8000,6.76,0,0.16,N,4,2024-02-12
24,50700,MORTGAGE,8.0,EDUCATION,A,4500,8.9,0,0.09,N,4,2024-04-06
26,120000,RENT,10.0,VENTURE,B,6000,9.88,0,0.05,N,2,2024-06-06
26,125000,RENT,3.0,EDUCATION,B,6000,12.53,0,0.05,N,2,2024-01-07
26,140000,RENT,2.0,DEBTCONSOLIDATION,B,6000,11.36,0,0.04,N,4,2024-12-22
25,150000,RENT,3.0,HOMEIMPROVEMENT,C,6000,13.48,0,0.04,N,2,2024-07-31
22,50750,MORTGAGE,2.0,MEDICAL,B,10000,9.63,0,0.2,N,4,2024-06-07
23,42000,RENT,7.0,EDUCATION,B,6025,9.63,0,0.14,N,4,2024-01-07
22,50900,MORTGAGE,6.0,DEBTCONSOLIDATION,C,22000,11.013786929274843,0,0.43,Y,3,2024-02-12
25,50000,RENT,9.0,HOMEIMPROVEMENT,B,6075,10.0,0,0.12,N,2,2024-09-28
25,50988,OWN,9.0,HOMEIMPROVEMENT,B,4200,9.99,0,0.08,N,3,2024-08-19
25,19200,RENT,3.0,DEBTCONSOLIDATION,B,6150,11.46,1,0.32,N,3,2024-08-21
24,35713,RENT,1.0,MEDICAL,C,6150,11.03,0,0.17,Y,3,2024-01-31
24,77385,RENT,5.0,DEBTCONSOLIDATION,A,6150,5.99,0,0.08,N,4,2024-11-12
23,51000,MORTGAGE,5.0,DEBTCONSOLIDATION,A,4000,6.03,0,0.08,N,2,2024-01-29
23,51000,MORTGAGE,7.0,VENTURE,A,10000,6.03,0,0.2,N,3,2024-01-29
23,19200,RENT,1.0,MEDICAL,G,6200,19.82,1,0.32,N,3,2024-04-24
26,51000,MORTGAGE,11.0,HOMEIMPROVEMENT,B,9000,9.99,0,0.18,N,3,2024-10-10
26,20000,RENT,9.0,EDUCATION,A,6200,5.99,1,0.31,N,4,2024-01-20
23,51000,OWN,7.0,PERSONAL,A,6000,5.42,0,0.12,N,4,2024-03-26
24,26000,RENT,2.0,HOMEIMPROVEMENT,D,6200,14.11,1,0.24,N,4,2024-07-08
22,51000,MORTGAGE,3.0,DEBTCONSOLIDATION,A,10000,8.49,0,0.2,N,3,2024-11-15
22,29004,RENT,6.0,DEBTCONSOLIDATION,C,6200,15.23,0,0.21,Y,4,2024-04-25
22,30000,RENT,3.0,EDUCATION,D,6200,11.013786929274843,0,0.21,Y,3,2024-11-24
26,39996,RENT,2.0,DEBTCONSOLIDATION,C,6200,13.79,0,0.16,N,2,2024-08-22
22,40000,RENT,2.0,EDUCATION,B,6200,12.69,0,0.15,N,3,2024-06-15
23,42500,RENT,1.0,PERSONAL,C,6200,13.92,0,0.15,N,2,2024-03-20
22,45000,RENT,7.0,EDUCATION,C,6200,13.79,0,0.14,N,3,2024-07-02
23,51000,MORTGAGE,2.0,PERSONAL,A,8000,7.49,0,0.16,N,3,2024-10-21
26,51000,MORTGAGE,2.0,MEDICAL,A,4000,5.99,0,0.08,N,4,2024-06-21
22,46200,RENT,5.0,EDUCATION,B,6200,12.42,0,0.13,N,3,2024-12-01
25,50606,RENT,3.0,MEDICAL,A,6200,11.013786929274843,0,0.12,N,4,2024-10-11
26,51000,MORTGAGE,10.0,MEDICAL,A,15825,6.99,0,0.31,N,3,2024-12-02
25,51000,MORTGAGE,6.0,EDUCATION,C,3000,13.99,0,0.06,N,2,2024-12-02
23,51000,MORTGAGE,2.0,DEBTCONSOLIDATION,A,2400,7.49,0,0.05,N,3,2024-01-09
22,46000,RENT,1.0,DEBTCONSOLIDATION,D,6200,11.013786929274843,1,0.13,N,4,2024-09-02
23,56000,RENT,4.0,PERSONAL,A,6200,8.49,0,0.11,N,2,2024-06-21
23,60000,RENT,1.0,DEBTCONSOLIDATION,B,6200,10.65,0,0.1,N,3,2024-09-01
26,51000,MORTGAGE,3.0,DEBTCONSOLIDATION,A,12000,7.29,0,0.24,N,4,2024-11-26
23,45000,MORTGAGE,6.0,MEDICAL,B,5000,10.74,1,0.11,N,2,2024-07-17
23,65000,RENT,8.0,PERSONAL,A,6200,11.013786929274843,0,0.1,N,2,2024-02-26
25,51000,MORTGAGE,6.0,PERSONAL,E,16750,16.4,0,0.33,N,4,2024-01-18
26,69000,RENT,7.0,EDUCATION,A,6200,7.88,0,0.09,N,3,2024-08-24
22,51000,MORTGAGE,6.0,MEDICAL,A,6000,5.79,0,0.12,N,2,2024-12-21
26,51000,MORTGAGE,2.0,DEBTCONSOLIDATION,A,12000,6.17,0,0.24,N,4,2024-01-25
22,72000,RENT,4.0,PERSONAL,A,6200,5.99,0,0.09,N,2,2024-06-10
25,51000,MORTGAGE,7.0,DEBTCONSOLIDATION,C,7600,12.23,0,0.15,N,3,2024-08-24
22,51000,MORTGAGE,6.0,PERSONAL,B,7000,11.12,0,0.14,N,3,2024-12-12
23,51000,MORTGAGE,7.0,MEDICAL,A,10000,7.14,0,0.2,N,2,2024-10-30
24,51000,OWN,8.0,HOMEIMPROVEMENT,A,9000,7.14,0,0.18,N,3,2024-05-21
22,19200,RENT,2.0,DEBTCONSOLIDATION,A,6250,7.51,1,0.33,N,3,2024-01-17
25,19200,RENT,4.0,EDUCATION,D,6250,15.31,1,0.33,Y,2,2024-07-06
24,51000,OWN,6.0,VENTURE,B,6000,10.75,0,0.12,N,2,2024-04-23
23,19250,RENT,1.0,HOMEIMPROVEMENT,E,6250,16.82,1,0.32,Y,4,2024-01-03
22,51000,MORTGAGE,3.0,VENTURE,C,13000,13.48,0,0.25,Y,3,2024-09-02
22,20000,RENT,3.0,EDUCATION,D,6250,11.013786929274843,1,0.31,Y,3,2024-11-21
22,23000,RENT,6.0,MEDICAL,C,6250,12.73,0,0.27,N,2,2024-11-07
25,51000,MORTGAGE,5.0,DEBTCONSOLIDATION,A,7000,7.88,0,0.14,N,4,2024-07-21
23,51000,MORTGAGE,3.0,PERSONAL,C,16000,13.11,0,0.31,Y,3,2024-12-03
25,24000,RENT,3.0,DEBTCONSOLIDATION,C,6250,13.72,0,0.26,Y,3,2024-07-11
24,26000,RENT,8.0,MEDICAL,A,6250,6.91,0,0.24,N,4,2024-02-08
22,27000,RENT,3.0,MEDICAL,D,6250,15.99,1,0.23,Y,4,2024-12-17
22,55000,RENT,3.0,VENTURE,A,7000,6.91,0,0.13,N,4,2024-03-08
24,51000,MORTGAGE,5.0,HOMEIMPROVEMENT,A,3600,7.14,0,0.07,N,2,2024-02-14
24,55000,RENT,1.0,MEDICAL,A,7000,7.88,0,0.13,N,4,2024-03-12
22,51000,MORTGAGE,3.0,EDUCATION,B,15200,10.99,0,0.3,N,4,2024-11-29
24,51000,OWN,9.0,VENTURE,D,10000,15.31,0,0.2,Y,2,2024-10-08
26,51000,MORTGAGE,3.0,HOMEIMPROVEMENT,A,10000,7.74,0,0.2,N,3,2024-04-26
24,56000,RENT,7.0,VENTURE,A,7000,8.59,0,0.13,N,3,2024-06-01
24,51000,MORTGAGE,4.0,HOMEIMPROVEMENT,A,8500,8.94,0,0.17,N,3,2024-04-04
26,56000,RENT,4.0,PERSONAL,A,7000,9.07,0,0.13,N,3,2024-04-20
25,50000,RENT,2.0,MEDICAL,E,7000,15.57,1,0.14,N,3,2024-04-05
25,56004,RENT,3.0,MEDICAL,C,7000,14.22,0,0.12,N,4,2024-08-03
23,52000,RENT,3.0,MEDICAL,C,7000,13.85,1,0.13,N,4,2024-08-26
24,51000,MORTGAGE,5.0,EDUCATION,B,8000,10.96,0,0.16,N,3,2024-01-26
26,60000,RENT,9.0,DEBTCONSOLIDATION,C,7000,13.49,0,0.12,N,2,2024-01-03
24,51024,MORTGAGE,8.0,HOMEIMPROVEMENT,C,2000,12.99,0,0.04,Y,4,2024-04-13
23,51036,MORTGAGE,7.0,EDUCATION,C,15000,13.16,0,0.29,N,4,2024-10-04
22,60000,RENT,1.0,PERSONAL,C,7000,14.65,0,0.12,N,2,2024-07-26
23,60000,RENT,4.0,DEBTCONSOLIDATION,A,7000,6.03,0,0.12,N,3,2024-03-24
24,51072,MORTGAGE,8.0,EDUCATION,B,13000,10.95,0,0.25,N,2,2024-11-04
25,54000,RENT,1.0,DEBTCONSOLIDATION,F,7000,20.89,1,0.13,N,3,2024-07-02
22,51168,MORTGAGE,6.0,VENTURE,B,15500,10.99,0,0.3,N,3,2024-11-22
25,60000,RENT,3.0,VENTURE,D,7000,15.62,0,0.12,N,4,2024-05-16
25,60000,RENT,3.0,HOMEIMPROVEMENT,A,7000,6.92,0,0.12,N,2,2024-07-26
23,60000,RENT,4.0,DEBTCONSOLIDATION,A,7000,5.79,0,0.12,N,3,2024-06-29
26,60000,RENT,3.0,MEDICAL,A,7000,6.91,0,0.12,N,2,2024-05-09
25,51300,MORTGAGE,7.0,VENTURE,A,11000,5.99,0,0.21,N,3,2024-05-21
24,60000,RENT,5.0,EDUCATION,A,7000,6.54,0,0.12,N,4,2024-06-09
22,51300,OWN,6.0,PERSONAL,D,11200,15.31,0,0.22,Y,3,2024-02-05
25,60000,RENT,9.0,MEDICAL,B,7000,10.36,0,0.12,N,4,2024-08-09
23,51319,MORTGAGE,2.0,VENTURE,B,20000,10.37,0,0.39,N,3,2024-03-19
22,60000,RENT,3.0,EDUCATION,A,7000,6.91,0,0.12,N,2,2024-11-15
22,60000,RENT,5.0,MEDICAL,B,7000,9.99,0,0.12,N,4,2024-12-31
22,54000,RENT,6.0,MEDICAL,D,7000,14.96,1,0.13,Y,4,2024-02-17
22,54000,RENT,2.0,PERSONAL,D,7000,14.96,1,0.13,N,3,2024-11-18
24,60140,RENT,2.0,VENTURE,A,7000,8.59,0,0.12,N,3,2024-10-11
24,51480,MORTGAGE,7.0,MEDICAL,A,12000,7.88,0,0.23,N,2,2024-06-04
22,51480,MORTGAGE,4.0,MEDICAL,B,3000,11.83,0,0.06,N,2,2024-01-12
23,45480,MORTGAGE,7.0,DEBTCONSOLIDATION,C,4400,13.16,1,0.1,N,3,2024-01-13
25,51492,MORTGAGE,2.0,EDUCATION,B,13800,10.38,0,0.27,N,4,2024-05-06
22,60500,RENT,3.0,DEBTCONSOLIDATION,C,7000,12.84,0,0.12,N,2,2024-08-20
26,51500,OWN,10.0,HOMEIMPROVEMENT,A,15000,6.92,0,0.29,N,2,2024-10-21
24,51500,MORTGAGE,2.0,VENTURE,A,6300,5.79,0,0.12,N,3,2024-12-04
23,62000,RENT,5.0,PERSONAL,B,7000,9.91,0,0.11,N,4,2024-01-24
26,51500,MORTGAGE,7.0,VENTURE,B,11000,11.013786929274843,0,0.21,N,3,2024-06-16
26,51500,MORTGAGE,3.0,HOMEIMPROVEMENT,D,9600,15.21,0,0.19,Y,4,2024-06-14
24,51500,MORTGAGE,6.0,MEDICAL,A,4000,7.51,0,0.08,N,2,2024-02-16
22,51500,MORTGAGE,6.0,EDUCATION,B,7500,9.88,0,0.15,N,3,2024-03-02
25,62000,RENT,9.0,DEBTCONSOLIDATION,A,7000,7.49,0,0.11,N,4,2024-09-03
23,62100,RENT,3.0,MEDICAL,B,7000,11.013786929274843,0,0.11,N,2,2024-10-07
23,51600,MORTGAGE,4.0,EDUCATION,B,7200,10.65,0,0.14,N,3,2024-04-04
26,63000,RENT,4.0,VENTURE,D,7000,14.84,0,0.11,N,2,2024-08-14
22,64000,RENT,6.0,EDUCATION,A,7000,5.79,0,0.11,N,3,2024-03-02
22,51600,MORTGAGE,6.0,EDUCATION,B,4200,10.59,0,0.08,N,3,2024-12-17
23,51600,MORTGAGE,1.0,DEBTCONSOLIDATION,B,5000,10.59,0,0.1,N,3,2024-05-02
23,64600,RENT,7.0,MEDICAL,B,7000,11.86,0,0.11,N,3,2024-12-09
25,64800,RENT,1.0,PERSONAL,C,7000,12.73,0,0.11,N,2,2024-12-18
22,65000,RENT,4.0,EDUCATION,C,7000,14.27,0,0.11,Y,4,2024-11-21
22,51600,MORTGAGE,2.0,VENTURE,C,7000,12.98,0,0.14,Y,2,2024-06-07
22,65000,RENT,7.0,EDUCATION,D,7000,15.99,0,0.11,N,3,2024-01-03
25,51600,OWN,2.0,VENTURE,D,6000,11.013786929274843,0,0.12,N,4,2024-09-15
26,51600,OWN,10.0,HOMEIMPROVEMENT,B,15000,9.88,0,0.29,N,3,2024-02-11
24,51600,OWN,8.0,VENTURE,C,20000,12.87,0,0.39,N,4,2024-11-26
26,65000,RENT,3.0,EDUCATION,A,7000,11.013786929274843,0,0.11,N,2,2024-10-05
23,65000,RENT,7.0,EDUCATION,B,7000,10.75,0,0.11,N,4,2024-03-02
25,51669,MORTGAGE,2.0,HOMEIMPROVEMENT,B,12000,10.37,0,0.23,N,4,2024-11-23
25,51684,MORTGAGE,9.0,PERSONAL,D,4000,15.99,0,0.08,N,4,2024-01-23
26,51700,OWN,2.0,HOMEIMPROVEMENT,A,13200,7.51,0,0.26,N,4,2024-01-15
22,51800,MORTGAGE,4.0,EDUCATION,B,7200,11.71,0,0.14,N,3,2024-02-19
22,51900,MORTGAGE,5.0,VENTURE,B,14100,11.49,0,0.27,N,2,2024-03-27
23,66000,RENT,2.0,EDUCATION,A,7000,7.66,0,0.11,N,3,2024-09-04
24,51992,MORTGAGE,9.0,PERSONAL,C,15000,13.98,0,0.29,N,3,2024-12-29
24,51996,MORTGAGE,3.0,PERSONAL,A,7000,7.49,0,0.13,N,3,2024-01-12
24,66000,RENT,2.0,VENTURE,B,7000,11.49,0,0.11,N,3,2024-07-14
24,60000,RENT,8.0,EDUCATION,A,7000,7.51,1,0.12,N,4,2024-11-26
26,51996,MORTGAGE,8.0,DEBTCONSOLIDATION,A,18000,8.49,0,0.35,N,3,2024-06-07
23,51996,MORTGAGE,3.0,PERSONAL,A,5000,6.92,0,0.1,N,3,2024-06-06
25,67000,RENT,3.0,EDUCATION,A,7000,8.94,0,0.1,N,4,2024-08-16
25,45996,MORTGAGE,9.0,HOMEIMPROVEMENT,C,11000,12.68,1,0.24,N,2,2024-12-14
26,67550,RENT,3.0,MEDICAL,A,7000,8.9,0,0.1,N,2,2024-11-03
23,67752,RENT,3.0,EDUCATION,A,7000,6.62,0,0.1,N,4,2024-10-04
22,51996,OWN,6.0,VENTURE,C,8400,12.98,0,0.16,Y,4,2024-05-13
23,68700,RENT,2.0,VENTURE,C,7000,12.53,0,0.1,N,4,2024-02-24
25,69500,RENT,7.0,MEDICAL,C,7000,10.78,0,0.1,Y,3,2024-02-04
22,54400,RENT,2.0,MEDICAL,E,7000,11.013786929274843,1,0.11,Y,2,2024-08-02
25,51996,MORTGAGE,6.0,VENTURE,C,7000,11.013786929274843,0,0.13,N,3,2024-10-06
25,70000,RENT,2.0,MEDICAL,C,7000,13.79,0,0.1,Y,3,2024-03-22
22,51996,MORTGAGE,6.0,PERSONAL,A,6000,7.88,0,0.12,N,4,2024-10-11
25,70356,RENT,8.0,HOMEIMPROVEMENT,A,7000,7.29,0,0.1,N,4,2024-09-11
22,51996,OWN,7.0,VENTURE,B,6000,10.75,0,0.12,N,2,2024-12-06
22,51996,MORTGAGE,6.0,EDUCATION,A,9600,7.14,0,0.18,N,4,2024-09-22
23,72000,RENT,7.0,EDUCATION,C,7000,13.11,0,0.1,Y,4,2024-12-07
26,72000,RENT,8.0,PERSONAL,A,7000,9.32,0,0.1,N,2,2024-08-28
25,72700,RENT,4.0,HOMEIMPROVEMENT,D,7000,14.84,0,0.1,Y,2,2024-03-03
26,51996,MORTGAGE,10.0,PERSONAL,B,1500,9.7,0,0.03,N,3,2024-12-19
23,75000,RENT,2.0,PERSONAL,B,7000,6.0,0,0.09,N,3,2024-05-07
25,75000,RENT,4.0,MEDICAL,A,7000,7.49,0,0.09,N,2,2024-09-27
24,75000,RENT,2.0,HOMEIMPROVEMENT,B,7000,10.74,0,0.09,N,3,2024-11-23
23,46000,MORTGAGE,5.0,PERSONAL,B,9500,12.69,1,0.21,N,4,2024-11-19
22,75000,RENT,5.0,EDUCATION,B,7000,10.99,0,0.09,N,2,2024-02-02
22,52000,MORTGAGE,6.0,VENTURE,A,12000,6.62,0,0.23,N,3,2024-08-26
22,76000,RENT,6.0,EDUCATION,B,7000,11.12,0,0.09,N,2,2024-10-07
22,52000,MORTGAGE,5.0,EDUCATION,A,6000,7.9,0,0.12,N,4,2024-08-21
24,78300,RENT,2.0,VENTURE,A,7000,6.03,0,0.09,N,3,2024-12-22
24,52000,MORTGAGE,2.0,EDUCATION,B,18000,11.71,0,0.35,N,3,2024-09-13
24,79000,RENT,3.0,PERSONAL,C,7000,12.54,0,0.09,N,3,2024-01-28
22,80000,RENT,4.0,DEBTCONSOLIDATION,A,7000,6.62,0,0.09,N,3,2024-04-11
23,74000,RENT,7.0,HOMEIMPROVEMENT,A,7000,6.03,1,0.09,N,3,2024-07-24
22,80000,RENT,4.0,PERSONAL,A,7000,7.51,0,0.09,N,2,2024-03-23
23,80000,RENT,1.0,VENTURE,A,7000,7.14,0,0.09,N,2,2024-02-29
26,80400,RENT,6.0,VENTURE,B,7000,10.65,0,0.09,N,2,2024-06-02
23,52000,MORTGAGE,5.0,EDUCATION,B,12800,10.65,0,0.25,N,2,2024-10-28
23,52000,OWN,7.0,EDUCATION,A,6000,11.013786929274843,0,0.12,N,3,2024-10-28
24,82000,RENT,8.0,EDUCATION,B,7000,10.0,0,0.09,N,4,2024-09-11
25,52000,MORTGAGE,8.0,HOMEIMPROVEMENT,B,14500,10.65,0,0.28,N,4,2024-03-02
23,52000,MORTGAGE,7.0,EDUCATION,A,22000,7.51,0,0.42,N,2,2024-10-30
26,83000,RENT,6.0,MEDICAL,C,7000,13.49,0,0.08,Y,3,2024-10-03
23,52000,MORTGAGE,7.0,EDUCATION,A,8400,8.9,0,0.16,N,2,2024-10-22
26,52000,MORTGAGE,2.0,EDUCATION,A,6000,8.9,0,0.12,N,4,2024-07-21
26,52000,OWN,10.0,PERSONAL,A,10000,8.9,0,0.19,N,3,2024-10-26
24,52000,MORTGAGE,9.0,VENTURE,B,11300,11.013786929274843,0,0.22,N,3,2024-10-05
23,83236,RENT,6.0,EDUCATION,A,7000,6.92,0,0.08,N,2,2024-12-25
25,66300,RENT,3.0,MEDICAL,B,7000,9.25,1,0.09,N,3,2024-01-24
25,52000,MORTGAGE,8.0,EDUCATION,C,3900,11.013786929274843,0,0.07,N,4,2024-12-18
26,52000,MORTGAGE,6.0,PERSONAL,B,3300,10.99,0,0.06,N,2,2024-11-11
26,85000,RENT,10.0,EDUCATION,B,7000,12.42,0,0.08,N,4,2024-12-23
24,27311,RENT,1.0,MEDICAL,C,6250,12.87,0,0.23,Y,4,2024-01-26
25,52000,MORTGAGE,3.0,PERSONAL,A,6000,8.49,0,0.12,N,3,2024-11-08
22,28500,RENT,2.0,HOMEIMPROVEMENT,D,6250,14.84,1,0.22,N,4,2024-05-27
22,29100,RENT,2.0,PERSONAL,D,6250,16.07,1,0.21,Y,3,2024-02-17
25,29120,RENT,1.0,VENTURE,C,6250,15.96,0,0.21,Y,3,2024-07-07
26,46000,MORTGAGE,8.0,HOMEIMPROVEMENT,B,7000,9.99,1,0.15,N,3,2024-08-27
25,46000,MORTGAGE,5.0,MEDICAL,B,6000,10.99,1,0.13,N,3,2024-02-17
23,38400,RENT,3.0,DEBTCONSOLIDATION,A,6250,8.9,0,0.16,N,4,2024-10-01
26,52000,OWN,10.0,VENTURE,A,8000,8.49,0,0.15,N,3,2024-05-17
23,54000,RENT,3.0,DEBTCONSOLIDATION,A,6250,6.99,0,0.12,N,3,2024-09-05
22,90000,RENT,2.0,PERSONAL,B,7000,8.88,0,0.08,N,3,2024-02-12
24,46000,MORTGAGE,8.0,PERSONAL,C,29100,12.99,1,0.63,Y,2,2024-04-13
22,52000,MORTGAGE,6.0,VENTURE,C,2650,12.99,0,0.05,Y,3,2024-05-01
25,90000,RENT,3.0,PERSONAL,C,7000,13.16,0,0.08,N,2,2024-09-02
25,95000,RENT,1.0,DEBTCONSOLIDATION,A,7000,6.99,0,0.07,N,2,2024-02-11
24,96000,RENT,6.0,DEBTCONSOLIDATION,B,7000,9.91,0,0.07,N,2,2024-04-10
26,97000,RENT,2.0,DEBTCONSOLIDATION,A,7000,7.91,0,0.07,N,4,2024-11-27
26,99100,RENT,2.0,PERSONAL,A,7000,7.49,0,0.07,N,3,2024-09-29
26,100840,RENT,10.0,DEBTCONSOLIDATION,B,7000,9.99,0,0.07,N,3,2024-12-28
24,52000,MORTGAGE,6.0,VENTURE,A,9000,5.79,0,0.17,N,2,2024-10-25
22,105000,RENT,6.0,MEDICAL,A,7000,7.74,0,0.07,N,3,2024-11-08
24,110000,RENT,1.0,MEDICAL,A,7000,7.51,0,0.06,N,2,2024-10-12
24,52000,MORTGAGE,8.0,EDUCATION,A,3000,7.66,0,0.06,N,4,2024-09-25
24,52000,MORTGAGE,8.0,HOMEIMPROVEMENT,B,15000,10.0,0,0.29,N,2,2024-04-23
23,111000,RENT,7.0,EDUCATION,A,7000,8.0,0,0.06,N,3,2024-08-21
24,52000,MORTGAGE,8.0,MEDICAL,A,14500,7.29,0,0.28,N,4,2024-12-09
25,52000,MORTGAGE,9.0,DEBTCONSOLIDATION,B,8500,10.74,0,0.16,N,3,2024-04-15
22,52000,MORTGAGE,6.0,EDUCATION,C,9750,13.06,0,0.19,N,3,2024-02-24
26,52000,OWN,10.0,EDUCATION,D,5000,15.65,0,0.1,Y,4,2024-04-17
24,118000,RENT,5.0,HOMEIMPROVEMENT,A,7000,8.49,0,0.06,N,2,2024-05-01
26,52000,MORTGAGE,7.0,VENTURE,B,6500,10.74,0,0.13,N,2,2024-04-22
23,120000,RENT,1.0,PERSONAL,B,7000,10.75,0,0.06,N,2,2024-11-27
25,52000,MORTGAGE,7.0,MEDICAL,A,6000,7.66,0,0.12,N,2,2024-01-04
25,52000,MORTGAGE,9.0,HOMEIMPROVEMENT,A,24500,6.17,0,0.47,N,3,2024-06-06
26,150000,RENT,3.0,MEDICAL,B,7000,9.63,0,0.05,N,4,2024-11-15
26,52000,MORTGAGE,10.0,HOMEIMPROVEMENT,B,10750,9.62,0,0.21,N,2,2024-06-22
24,52000,OWN,4.0,DEBTCONSOLIDATION,D,7000,14.09,0,0.13,Y,4,2024-02-08
26,37000,RENT,10.0,PERSONAL,B,6300,10.99,0,0.17,N,3,2024-06-20
24,46000,MORTGAGE,6.0,DEBTCONSOLIDATION,D,12000,14.83,1,0.26,Y,3,2024-03-05
22,50724,RENT,7.0,EDUCATION,C,6300,15.96,0,0.12,Y,4,2024-05-16
24,46000,MORTGAGE,9.0,EDUCATION,A,12000,7.88,1,0.26,N,4,2024-07-18
25,52000,MORTGAGE,5.0,HOMEIMPROVEMENT,A,12000,7.88,0,0.23,N,3,2024-03-22
22,52000,MORTGAGE,5.0,VENTURE,C,3000,14.35,0,0.06,N,2,2024-02-28
25,54503,RENT,9.0,EDUCATION,A,6300,7.51,0,0.12,N,2,2024-04-19
24,58650,RENT,6.0,MEDICAL,D,6300,14.91,1,0.09,Y,2,2024-04-11
25,84000,RENT,5.0,VENTURE,A,6300,7.88,0,0.07,N,3,2024-10-28
25,25000,RENT,3.0,MEDICAL,A,6325,8.9,0,0.25,N,4,2024-01-13
26,55000,RENT,5.0,PERSONAL,B,6325,10.65,0,0.12,N,4,2024-07-11
22,60200,RENT,2.0,DEBTCONSOLIDATION,A,6325,7.51,0,0.11,N,3,2024-12-18
23,74415,RENT,1.0,PERSONAL,D,6350,12.92,1,0.09,Y,3,2024-12-28
26,32000,RENT,7.0,DEBTCONSOLIDATION,B,6375,10.74,0,0.2,N,2,2024-06-26
25,44000,RENT,4.0,EDUCATION,A,6375,11.013786929274843,0,0.14,N,2,2024-04-22
23,52000,OWN,2.0,EDUCATION,B,6000,10.75,0,0.12,N,4,2024-10-19
24,52000,MORTGAGE,2.0,MEDICAL,A,4800,11.013786929274843,0,0.09,N,2,2024-02-11
25,18000,RENT,2.0,MEDICAL,A,6500,11.013786929274843,1,0.36,N,3,2024-07-03
22,20000,RENT,1.0,DEBTCONSOLIDATION,B,6500,10.99,1,0.33,N,2,2024-02-10
24,52000,MORTGAGE,8.0,EDUCATION,C,12000,13.85,0,0.23,Y,4,2024-12-31
22,52000,MORTGAGE,2.0,MEDICAL,B,18000,9.88,0,0.35,N,4,2024-03-19
24,52000,MORTGAGE,7.0,MEDICAL,C,5000,14.22,0,0.1,N,2,2024-11-23
26,52000,MORTGAGE,2.0,HOMEIMPROVEMENT,B,10000,9.88,0,0.19,N,4,2024-06-14
26,52000,MORTGAGE,6.0,PERSONAL,A,6500,6.76,0,0.13,N,4,2024-01-04
24,52000,OWN,8.0,EDUCATION,B,4000,10.62,0,0.08,N,4,2024-08-21
26,52000,MORTGAGE,3.0,HOMEIMPROVEMENT,D,2500,14.59,0,0.05,N,4,2024-01-01
22,52000,MORTGAGE,5.0,VENTURE,A,3900,7.51,0,0.07,N,3,2024-05-06
24,52000,MORTGAGE,7.0,VENTURE,B,7800,11.36,0,0.15,N,3,2024-10-07
24,52000,MORTGAGE,8.0,PERSONAL,B,5000,10.99,0,0.1,N,3,2024-07-05
26,25000,RENT,4.0,MEDICAL,D,6500,14.09,1,0.26,Y,2,2024-02-29
24,52000,MORTGAGE,3.0,VENTURE,A,3500,6.76,0,0.07,N,3,2024-11-23
24,52000,MORTGAGE,8.0,VENTURE,B,8400,10.99,0,0.16,N,4,2024-03-12
23,52000,OWN,1.0,PERSONAL,B,10000,11.14,0,0.19,N,2,2024-03-15
24,52000,OWN,8.0,PERSONAL,A,5000,7.4,0,0.1,N,2,2024-01-26
26,28000,RENT,7.0,MEDICAL,A,6500,7.51,0,0.23,N,3,2024-11-14
22,30000,RENT,4.0,EDUCATION,C,6500,13.85,0,0.22,Y,3,2024-05-10
22,31000,RENT,2.0,EDUCATION,A,6500,8.32,0,0.21,N,3,2024-06-11
26,32000,RENT,2.0,MEDICAL,C,6500,14.22,0,0.2,Y,2,2024-10-10
22,32200,RENT,5.0,PERSONAL,B,6500,11.83,0,0.2,N,2,2024-07-18
22,33000,RENT,4.0,MEDICAL,A,6500,6.17,0,0.2,N,4,2024-01-14
24,46000,MORTGAGE,2.0,PERSONAL,B,15250,12.53,1,0.33,N,2,2024-06-20
22,52000,MORTGAGE,6.0,PERSONAL,A,4800,8.59,0,0.09,N,2,2024-02-08
26,46000,MORTGAGE,3.0,EDUCATION,G,5000,19.16,1,0.11,N,3,2024-08-28
24,38000,RENT,8.0,PERSONAL,C,6500,11.34,0,0.17,Y,3,2024-04-11
25,52000,MORTGAGE,3.0,MEDICAL,A,6000,9.32,0,0.12,N,2,2024-03-25
26,52000,MORTGAGE,10.0,PERSONAL,A,3000,9.63,0,0.06,N,3,2024-11-19
23,52000,OWN,3.0,MEDICAL,C,9250,13.16,0,0.18,N,3,2024-07-21
22,34000,RENT,1.0,PERSONAL,C,6500,13.22,1,0.19,Y,3,2024-09-28
26,52000,MORTGAGE,7.0,DEBTCONSOLIDATION,B,3600,10.51,0,0.07,N,3,2024-12-26
25,40000,RENT,1.0,DEBTCONSOLIDATION,B,6500,11.89,0,0.16,N,4,2024-06-11
26,40100,RENT,3.0,VENTURE,D,6500,11.013786929274843,0,0.16,N,4,2024-09-24
24,52000,MORTGAGE,8.0,PERSONAL,A,5000,8.32,0,0.1,N,2,2024-12-31
22,35325,RENT,2.0,HOMEIMPROVEMENT,D,6500,15.95,1,0.18,N,2,2024-04-04
25,42000,RENT,2.0,MEDICAL,C,6500,13.49,0,0.15,Y,3,2024-10-06
23,36000,RENT,4.0,DEBTCONSOLIDATION,D,6500,17.49,1,0.18,Y,2,2024-11-24
22,42000,RENT,2.0,EDUCATION,A,6500,5.99,0,0.15,N,2,2024-01-13
23,42000,RENT,2.0,PERSONAL,B,6500,10.37,0,0.15,N,3,2024-05-20
25,52160,MORTGAGE,5.0,HOMEIMPROVEMENT,B,1750,11.89,0,0.03,N,2,2024-11-15
23,52176,MORTGAGE,3.0,EDUCATION,B,7500,10.59,0,0.14,N,3,2024-12-21
23,52250,MORTGAGE,2.0,VENTURE,C,4750,13.35,0,0.09,Y,4,2024-04-22
23,44724,RENT,7.0,VENTURE,B,6500,10.96,0,0.15,N,3,2024-09-07
26,45600,RENT,2.0,MEDICAL,B,6500,10.99,0,0.14,N,4,2024-11-28
22,46320,MORTGAGE,6.0,DEBTCONSOLIDATION,D,15000,12.86,1,0.32,Y,4,2024-10-01
22,52500,MORTGAGE,3.0,DEBTCONSOLIDATION,B,4000,10.65,0,0.08,N,4,2024-04-14
22,45012,RENT,6.0,MEDICAL,D,6500,13.99,1,0.14,N,2,2024-12-08
22,52500,MORTGAGE,6.0,DEBTCONSOLIDATION,C,8000,15.23,0,0.15,N,3,2024-10-26
23,46500,MORTGAGE,1.0,MEDICAL,A,5000,7.49,1,0.11,N,3,2024-05-29
22,53000,RENT,2.0,EDUCATION,B,6500,10.65,0,0.12,N,4,2024-11-18
22,59000,RENT,2.0,EDUCATION,B,6500,10.95,0,0.11,N,3,2024-06-29
25,52500,MORTGAGE,9.0,HOMEIMPROVEMENT,A,7000,5.79,0,0.13,N,4,2024-02-05
22,60000,RENT,3.0,PERSONAL,B,6500,9.25,0,0.11,N,2,2024-06-01
25,52500,MORTGAGE,4.0,DEBTCONSOLIDATION,A,9000,7.88,0,0.17,N,4,2024-10-30
22,63211,RENT,7.0,DEBTCONSOLIDATION,B,6500,11.86,0,0.1,N,2,2024-10-26
25,66000,RENT,7.0,DEBTCONSOLIDATION,B,6500,10.25,0,0.1,N,3,2024-11-15
22,52584,MORTGAGE,2.0,PERSONAL,D,6400,14.54,0,0.12,N,4,2024-12-09
25,46645,MORTGAGE,9.0,PERSONAL,B,2000,12.69,1,0.04,N,3,2024-08-18
23,70000,RENT,6.0,VENTURE,C,6500,13.23,0,0.09,N,3,2024-10-06
25,72600,RENT,5.0,HOMEIMPROVEMENT,A,6500,7.74,0,0.09,N,2,2024-06-04
24,73000,RENT,2.0,DEBTCONSOLIDATION,A,6500,11.013786929274843,0,0.09,N,4,2024-06-21
26,52700,MORTGAGE,7.0,PERSONAL,A,4000,7.4,0,0.08,N,3,2024-07-24
22,52700,MORTGAGE,2.0,EDUCATION,A,5000,9.63,0,0.09,N,4,2024-05-12
25,52704,MORTGAGE,6.0,DEBTCONSOLIDATION,A,11000,8.94,0,0.21,N,3,2024-11-27
24,52739,MORTGAGE,8.0,HOMEIMPROVEMENT,A,8000,9.38,0,0.15,N,2,2024-03-22
23,52780,MORTGAGE,2.0,PERSONAL,A,8000,7.51,0,0.15,N,2,2024-12-09
25,75000,RENT,2.0,EDUCATION,C,6500,13.57,0,0.09,Y,2,2024-04-30
23,52800,MORTGAGE,7.0,EDUCATION,B,2625,11.71,0,0.05,N,3,2024-05-05
23,80000,RENT,6.0,VENTURE,A,6500,7.51,0,0.08,N,3,2024-12-06
23,84000,RENT,4.0,VENTURE,D,6500,11.013786929274843,0,0.08,N,3,2024-11-28
25,84000,RENT,4.0,EDUCATION,B,6500,11.89,0,0.08,N,4,2024-05-24
24,52800,MORTGAGE,8.0,DEBTCONSOLIDATION,A,3600,7.9,0,0.07,N,3,2024-11-04
25,85296,RENT,7.0,DEBTCONSOLIDATION,C,6500,12.98,0,0.08,Y,4,2024-04-29
22,52800,MORTGAGE,5.0,VENTURE,B,4000,10.99,0,0.08,N,2,2024-12-11
22,52800,OWN,5.0,EDUCATION,D,4800,17.49,0,0.09,Y,3,2024-09-30
24,91700,RENT,1.0,EDUCATION,B,6500,9.88,0,0.07,N,3,2024-02-13
24,95000,RENT,8.0,PERSONAL,A,6500,8.49,0,0.07,N,2,2024-06-15
26,52800,MORTGAGE,10.0,MEDICAL,A,1925,6.76,0,0.04,N,4,2024-07-02
22,52800,MORTGAGE,6.0,PERSONAL,A,7000,6.76,0,0.13,N,2,2024-08-12
24,52800,MORTGAGE,8.0,EDUCATION,A,4000,7.88,0,0.08,N,4,2024-09-11
22,52800,MORTGAGE,6.0,PERSONAL,C,6000,13.98,0,0.11,Y,3,2024-08-12
23,45000,RENT,2.0,MEDICAL,A,6575,8.0,0,0.15,N,4,2024-12-28
24,86000,RENT,8.0,EDUCATION,A,6575,6.99,0,0.08,N,3,2024-11-15
23,21888,RENT,8.0,EDUCATION,B,6600,11.11,0,0.3,N,2,2024-12-29
26,29000,RENT,11.0,EDUCATION,A,6600,11.013786929274843,0,0.23,N,3,2024-06-01
24,30000,RENT,2.0,HOMEIMPROVEMENT,C,6600,13.06,1,0.22,N,2,2024-01-28
22,30004,RENT,6.0,MEDICAL,B,6600,10.33,0,0.22,N,2,2024-11-22
23,34800,RENT,6.0,EDUCATION,A,6600,7.49,0,0.19,N,3,2024-07-20
25,36000,RENT,1.0,MEDICAL,B,6600,11.49,0,0.18,N,4,2024-02-26
25,53000,OWN,4.0,HOMEIMPROVEMENT,B,7200,9.91,0,0.14,N,3,2024-07-27
22,39000,RENT,3.0,MEDICAL,B,6600,11.013786929274843,0,0.17,N,2,2024-09-02
25,53000,MORTGAGE,4.0,HOMEIMPROVEMENT,A,6000,6.62,0,0.11,N,3,2024-03-11
26,41000,RENT,3.0,DEBTCONSOLIDATION,C,6600,13.85,0,0.16,Y,4,2024-04-02
26,41000,RENT,1.0,DEBTCONSOLIDATION,A,6600,8.0,0,0.16,N,2,2024-03-06
25,42000,RENT,2.0,MEDICAL,B,6600,10.65,0,0.16,N,4,2024-10-31
23,48000,RENT,3.0,EDUCATION,B,6600,11.11,0,0.14,N,2,2024-09-24
26,53000,OWN,2.0,HOMEIMPROVEMENT,B,2500,9.91,0,0.05,N,2,2024-11-09
23,52000,RENT,8.0,DEBTCONSOLIDATION,A,6600,7.49,0,0.13,N,3,2024-05-30
24,53000,MORTGAGE,8.0,HOMEIMPROVEMENT,A,8000,6.03,0,0.15,N,2,2024-01-15
25,47000,MORTGAGE,9.0,EDUCATION,A,12000,6.62,1,0.26,N,2,2024-05-06
22,53000,MORTGAGE,6.0,DEBTCONSOLIDATION,C,1000,15.27,0,0.02,Y,4,2024-05-20
24,52000,RENT,3.0,HOMEIMPROVEMENT,A,6600,11.013786929274843,0,0.13,N,3,2024-04-20
26,53000,MORTGAGE,10.0,MEDICAL,C,11500,14.65,0,0.22,N,4,2024-10-19
26,54000,RENT,2.0,PERSONAL,C,6600,11.97,0,0.12,Y,4,2024-07-12
25,53000,MORTGAGE,9.0,VENTURE,A,10800,7.51,0,0.2,N,2,2024-08-02
22,60000,RENT,4.0,PERSONAL,B,6600,10.99,0,0.11,N,2,2024-10-25
26,53000,MORTGAGE,3.0,HOMEIMPROVEMENT,A,2800,6.03,0,0.05,N,4,2024-05-28
22,64000,RENT,5.0,MEDICAL,A,6600,8.9,0,0.1,N,3,2024-09-02
26,53000,MORTGAGE,10.0,VENTURE,A,12000,5.99,0,0.23,N,4,2024-10-07
23,70000,RENT,3.0,VENTURE,C,6600,12.84,0,0.09,Y,3,2024-07-15
26,53000,OWN,3.0,VENTURE,B,6000,9.99,0,0.11,N,2,2024-01-25
25,101877,RENT,9.0,VENTURE,B,6600,10.99,0,0.06,N,2,2024-04-15
25,53000,MORTGAGE,9.0,VENTURE,C,12375,13.49,0,0.23,Y,3,2024-03-24
24,53000,MORTGAGE,4.0,VENTURE,A,15000,11.013786929274843,0,0.28,N,2,2024-10-02
22,53000,MORTGAGE,6.0,VENTURE,C,7350,14.79,0,0.14,Y,4,2024-08-27
23,16800,RENT,7.0,EDUCATION,A,6625,6.03,1,0.39,N,3,2024-09-04
22,47000,MORTGAGE,6.0,MEDICAL,B,24000,10.37,1,0.51,N,4,2024-11-25
26,28000,RENT,8.0,EDUCATION,D,6625,12.92,0,0.24,N,2,2024-09-16
24,53000,MORTGAGE,8.0,VENTURE,A,6850,6.92,0,0.13,N,2,2024-07-30
22,53000,MORTGAGE,6.0,PERSONAL,A,5000,5.42,0,0.09,N,3,2024-03-10
24,50000,RENT,3.0,MEDICAL,C,6625,11.22,0,0.13,N,2,2024-08-02
24,53000,MORTGAGE,8.0,HOMEIMPROVEMENT,D,10000,14.91,0,0.19,N,4,2024-07-16
24,57100,RENT,3.0,VENTURE,C,6625,11.22,0,0.12,Y,4,2024-12-28
24,56000,RENT,2.0,VENTURE,B,6650,12.69,0,0.12,N,2,2024-03-01
22,72321,RENT,6.0,PERSONAL,B,6650,11.013786929274843,0,0.09,N,4,2024-09-03
22,53000,MORTGAGE,4.0,VENTURE,D,6600,14.46,0,0.12,Y,4,2024-05-28
26,53000,MORTGAGE,1.0,DEBTCONSOLIDATION,A,8000,11.013786929274843,0,0.15,N,2,2024-10-08
22,36050,RENT,2.0,PERSONAL,D,6700,14.11,1,0.19,Y,4,2024-12-18
22,53000,MORTGAGE,6.0,VENTURE,E,8000,16.82,0,0.15,N,4,2024-03-15
22,48000,RENT,3.0,DEBTCONSOLIDATION,B,6700,11.99,0,0.14,N,3,2024-09-25
22,72204,RENT,2.0,PERSONAL,C,6700,13.47,0,0.09,N,3,2024-06-15
26,53000,MORTGAGE,9.0,DEBTCONSOLIDATION,A,8000,7.88,0,0.15,N,2,2024-06-13
23,85000,RENT,5.0,MEDICAL,C,6700,15.23,0,0.08,Y,2,2024-08-17
23,47000,MORTGAGE,7.0,MEDICAL,C,16000,14.35,1,0.34,Y,3,2024-05-23
22,53000,MORTGAGE,6.0,DEBTCONSOLIDATION,A,7750,7.14,0,0.15,N,4,2024-06-14
22,53000,MORTGAGE,4.0,PERSONAL,D,8000,16.07,0,0.15,Y,4,2024-08-02
23,70000,RENT,8.0,DEBTCONSOLIDATION,A,6725,6.62,0,0.1,N,2,2024-01-29
26,41000,RENT,4.0,EDUCATION,A,6750,5.99,0,0.16,N,3,2024-08-03
25,42000,RENT,2.0,MEDICAL,D,6750,17.27,1,0.16,N,2,2024-12-12
25,75000,RENT,9.0,VENTURE,A,6775,7.9,0,0.09,N,4,2024-12-14
26,53000,OWN,8.0,PERSONAL,B,16000,10.25,0,0.3,N,2,2024-02-12
24,53000,OWN,3.0,HOMEIMPROVEMENT,A,9800,7.51,0,0.18,N,4,2024-03-21
23,27600,RENT,6.0,EDUCATION,A,6800,8.9,0,0.25,N,3,2024-09-14
22,53000,OWN,7.0,VENTURE,B,2250,10.62,0,0.04,N,3,2024-04-07
22,27800,RENT,3.0,MEDICAL,A,6800,8.49,0,0.24,N,3,2024-06-15
24,53000,OWN,8.0,MEDICAL,A,3350,6.76,0,0.06,N,2,2024-06-05
25,28800,RENT,8.0,EDUCATION,B,6800,9.63,0,0.24,N,3,2024-07-29
22,29120,RENT,1.0,VENTURE,B,6800,10.59,0,0.23,N,2,2024-08-11
22,53000,MORTGAGE,6.0,EDUCATION,E,10000,17.39,0,0.19,N,3,2024-10-21
24,30500,RENT,2.0,EDUCATION,F,6800,21.74,1,0.22,Y,3,2024-09-13
22,37000,RENT,6.0,PERSONAL,A,6800,7.14,0,0.18,N,2,2024-11-22
22,53000,MORTGAGE,7.0,EDUCATION,A,2500,7.4,0,0.05,N,3,2024-09-16
25,53000,MORTGAGE,2.0,VENTURE,B,10750,11.14,0,0.2,N,2,2024-10-26
25,53000,MORTGAGE,10.0,MEDICAL,B,16000,12.53,0,0.3,N,2,2024-04-20
22,31500,RENT,1.0,VENTURE,D,6800,14.11,1,0.22,N,2,2024-12-18
24,38112,RENT,2.0,PERSONAL,A,6800,7.68,0,0.18,N,3,2024-07-02
22,41196,RENT,6.0,PERSONAL,C,6800,11.59,0,0.17,Y,2,2024-11-16
24,53000,MORTGAGE,1.0,EDUCATION,D,6400,13.67,0,0.12,N,2,2024-09-13
23,46000,RENT,2.0,VENTURE,D,6800,15.65,1,0.15,Y,4,2024-07-29
23,46852,RENT,3.0,HOMEIMPROVEMENT,B,6800,10.65,1,0.15,N,2,2024-09-15
26,53000,RENT,4.0,EDUCATION,B,6800,9.91,0,0.13,N,4,2024-06-09
24,53004,MORTGAGE,6.0,VENTURE,B,21000,10.65,0,0.4,N,4,2024-08-08
25,53004,MORTGAGE,3.0,VENTURE,A,4800,5.42,0,0.09,N,2,2024-09-11
26,53004,MORTGAGE,3.0,DEBTCONSOLIDATION,B,5000,10.0,0,0.09,N,4,2024-06-04
24,54000,RENT,8.0,HOMEIMPROVEMENT,B,6800,10.59,0,0.13,N,3,2024-04-22
23,53004,MORTGAGE,7.0,PERSONAL,A,10000,5.79,0,0.19,N,3,2024-06-02
24,53004,MORTGAGE,1.0,DEBTCONSOLIDATION,B,2400,10.36,0,0.05,N,2,2024-12-30
25,53004,OWN,9.0,EDUCATION,B,2000,10.75,0,0.04,N,4,2024-09-07
22,53004,MORTGAGE,6.0,EDUCATION,C,1500,13.79,0,0.03,N,2,2024-01-06
23,55000,RENT,1.0,VENTURE,B,6800,11.49,0,0.12,N,2,2024-04-02
22,55000,RENT,2.0,EDUCATION,B,6800,11.99,0,0.12,N,2,2024-04-15
22,65700,RENT,7.0,PERSONAL,B,6800,10.37,0,0.1,N,3,2024-07-09
26,53100,OWN,10.0,VENTURE,A,13000,7.9,0,0.24,N,3,2024-04-08
25,68004,RENT,8.0,DEBTCONSOLIDATION,A,6800,8.49,0,0.1,N,4,2024-09-24
22,53124,MORTGAGE,4.0,EDUCATION,C,6500,13.61,0,0.12,N,3,2024-02-24
23,47148,MORTGAGE,3.0,MEDICAL,A,25000,7.49,1,0.53,N,3,2024-05-21
26,53155,MORTGAGE,10.0,MEDICAL,A,4000,6.76,0,0.08,N,3,2024-02-11
24,53184,MORTGAGE,8.0,PERSONAL,B,13500,10.99,0,0.25,N,4,2024-03-23
25,70000,RENT,5.0,HOMEIMPROVEMENT,A,6800,5.42,0,0.1,N,2,2024-12-01
22,77182,RENT,6.0,EDUCATION,C,6800,13.22,0,0.09,N,3,2024-01-20
25,96050,RENT,9.0,MEDICAL,D,6500,14.61,1,0.06,N,2,2024-03-13
23,25000,RENT,4.0,DEBTCONSOLIDATION,B,6475,9.91,0,0.26,N,3,2024-02-05
25,53000,RENT,1.0,PERSONAL,B,6475,10.59,0,0.12,N,4,2024-09-03
23,80000,RENT,4.0,PERSONAL,A,6475,6.99,1,0.08,N,3,2024-01-06
26,47360,MORTGAGE,10.0,HOMEIMPROVEMENT,D,6000,14.61,1,0.13,Y,3,2024-06-02
22,29361,RENT,4.0,HOMEIMPROVEMENT,B,6450,11.013786929274843,1,0.22,N,3,2024-11-12
26,53400,OWN,3.0,EDUCATION,B,13600,10.99,0,0.25,N,4,2024-02-15
25,31000,RENT,1.0,HOMEIMPROVEMENT,D,6450,14.42,1,0.21,Y,3,2024-06-20
25,53481,OWN,4.0,EDUCATION,A,15000,6.03,0,0.28,N,3,2024-04-23
22,24000,RENT,3.0,EDUCATION,C,6400,11.013786929274843,0,0.27,Y,3,2024-04-07
24,26400,RENT,2.0,MEDICAL,B,6400,10.37,0,0.24,N,3,2024-04-22
24,28000,RENT,3.0,VENTURE,E,6400,14.75,0,0.23,N,2,2024-03-31
23,30000,RENT,2.0,EDUCATION,A,6400,6.99,0,0.21,N,4,2024-01-11
26,53595,MORTGAGE,3.0,PERSONAL,A,6000,7.88,0,0.11,N,2,2024-05-05
23,30000,RENT,3.0,VENTURE,C,6400,11.013786929274843,0,0.21,Y,3,2024-07-28
23,30000,RENT,2.0,MEDICAL,A,6400,11.013786929274843,0,0.21,N,3,2024-04-07
23,53664,MORTGAGE,7.0,EDUCATION,B,15000,10.75,0,0.28,N,4,2024-12-08
22,30000,RENT,1.0,DEBTCONSOLIDATION,E,6400,16.0,1,0.21,N,3,2024-07-09
23,53724,MORTGAGE,7.0,EDUCATION,A,8600,6.03,0,0.16,N,3,2024-04-15
25,53742,MORTGAGE,9.0,HOMEIMPROVEMENT,A,10750,5.79,0,0.2,N,2,2024-02-26
25,30500,RENT,5.0,MEDICAL,B,6400,11.49,0,0.21,N,4,2024-01-05
26,31200,RENT,1.0,VENTURE,A,6400,7.51,0,0.21,N,3,2024-11-28
24,53800,MORTGAGE,4.0,DEBTCONSOLIDATION,B,6000,10.99,0,0.11,N,2,2024-05-17
23,47800,MORTGAGE,4.0,MEDICAL,B,18000,10.95,1,0.38,N,3,2024-02-23
22,53808,MORTGAGE,5.0,PERSONAL,A,6000,8.9,0,0.11,N,2,2024-03-02
22,53832,MORTGAGE,2.0,MEDICAL,C,11700,12.87,0,0.22,N,2,2024-10-23
22,53913,MORTGAGE,6.0,VENTURE,A,11500,5.99,0,0.21,N,4,2024-06-30
23,53976,MORTGAGE,7.0,EDUCATION,B,2000,10.74,0,0.04,N,3,2024-01-13
26,31836,RENT,1.0,VENTURE,C,6400,14.35,0,0.2,N,4,2024-01-30
22,54000,MORTGAGE,6.0,MEDICAL,A,5000,6.03,0,0.09,N,2,2024-02-06
23,32000,RENT,4.0,EDUCATION,A,6400,8.9,0,0.2,N,4,2024-08-20
24,33000,RENT,8.0,MEDICAL,B,6400,9.99,0,0.19,N,2,2024-10-25
26,34200,RENT,2.0,HOMEIMPROVEMENT,D,6400,17.49,1,0.19,Y,3,2024-11-08
26,54000,MORTGAGE,10.0,EDUCATION,A,5000,6.62,0,0.09,N,2,2024-10-08
22,29000,RENT,4.0,DEBTCONSOLIDATION,E,6400,15.95,1,0.22,Y,4,2024-01-25
22,54000,MORTGAGE,3.0,PERSONAL,A,15750,6.62,0,0.29,N,4,2024-03-08
23,35000,RENT,2.0,EDUCATION,C,6400,11.013786929274843,0,0.18,N,4,2024-06-14
26,54000,MORTGAGE,4.0,PERSONAL,A,9600,6.62,0,0.18,N,3,2024-11-08
23,54000,MORTGAGE,7.0,EDUCATION,B,4800,12.42,0,0.09,N,2,2024-01-13
26,36000,RENT,10.0,MEDICAL,A,6400,5.99,0,0.18,N,3,2024-05-27
23,37000,RENT,4.0,DEBTCONSOLIDATION,A,6400,11.013786929274843,0,0.17,N,4,2024-02-25
23,54000,MORTGAGE,7.0,MEDICAL,A,6000,6.03,0,0.11,N,4,2024-04-09
26,37850,RENT,1.0,PERSONAL,B,6400,9.88,0,0.17,N,2,2024-11-21
23,54000,MORTGAGE,2.0,VENTURE,A,7000,6.62,0,0.13,N,3,2024-09-10
25,54000,OWN,9.0,EDUCATION,C,15000,11.013786929274843,0,0.28,Y,4,2024-10-28
22,54000,MORTGAGE,5.0,MEDICAL,B,7000,10.65,0,0.13,N,4,2024-12-07
23,54000,MORTGAGE,5.0,VENTURE,B,8500,12.42,0,0.16,N,2,2024-07-06
25,38000,RENT,3.0,VENTURE,A,6400,7.88,0,0.17,N,3,2024-12-02
22,38000,RENT,2.0,DEBTCONSOLIDATION,F,6400,20.62,1,0.17,N,3,2024-06-29
25,54000,MORTGAGE,6.0,VENTURE,E,7000,18.64,0,0.13,N,3,2024-01-10
26,46000,RENT,2.0,MEDICAL,B,6400,9.67,0,0.14,N,4,2024-05-27
22,46300,RENT,1.0,EDUCATION,A,6400,11.013786929274843,0,0.14,N,4,2024-06-21
22,54000,MORTGAGE,4.0,MEDICAL,B,15000,11.99,0,0.28,N,2,2024-03-07
24,54000,MORTGAGE,7.0,PERSONAL,A,5000,5.42,0,0.09,N,4,2024-08-06
22,48000,MORTGAGE,3.0,VENTURE,D,6500,15.99,1,0.14,Y,2,2024-10-24
25,54000,MORTGAGE,7.0,EDUCATION,B,5500,10.59,0,0.1,N,4,2024-11-18
26,48000,RENT,2.0,DEBTCONSOLIDATION,C,6400,13.47,0,0.13,Y,3,2024-09-16
23,54000,MORTGAGE,7.0,DEBTCONSOLIDATION,A,1400,5.42,0,0.03,N,4,2024-09-01
25,48000,MORTGAGE,8.0,PERSONAL,A,2250,8.49,1,0.05,N,3,2024-04-11
23,50000,RENT,6.0,EDUCATION,E,6400,20.2,0,0.13,N,2,2024-04-28
24,54000,MORTGAGE,8.0,PERSONAL,A,13000,7.49,0,0.24,N,2,2024-11-04
23,50000,RENT,3.0,VENTURE,A,6400,6.91,0,0.13,N,2,2024-03-02
24,54000,MORTGAGE,8.0,HOMEIMPROVEMENT,B,8500,10.99,0,0.16,N,3,2024-09-08
22,54000,MORTGAGE,4.0,EDUCATION,D,5000,15.62,0,0.09,N,2,2024-07-14
24,49200,RENT,2.0,MEDICAL,D,6400,11.013786929274843,1,0.13,N,3,2024-02-27
22,54000,OWN,2.0,VENTURE,B,2000,10.99,0,0.04,N,3,2024-02-08
25,54000,MORTGAGE,7.0,PERSONAL,D,12000,16.49,0,0.22,Y,3,2024-01-28
24,54000,MORTGAGE,5.0,PERSONAL,A,8000,7.49,0,0.15,N,4,2024-02-15
24,54000,MORTGAGE,3.0,PERSONAL,B,8000,10.99,0,0.15,N,3,2024-07-05
24,60000,RENT,2.0,DEBTCONSOLIDATION,A,6400,11.013786929274843,0,0.11,N,4,2024-04-16
23,54000,MORTGAGE,7.0,MEDICAL,B,8800,10.99,0,0.16,N,4,2024-07-04
22,62502,RENT,3.0,PERSONAL,B,6400,11.71,0,0.1,N,3,2024-03-20
22,62758,RENT,2.0,EDUCATION,A,6400,8.49,0,0.1,N,3,2024-07-25
24,54000,MORTGAGE,5.0,VENTURE,A,4000,5.42,0,0.07,N,2,2024-02-11
23,54000,MORTGAGE,7.0,PERSONAL,A,2000,5.42,0,0.04,N,2,2024-04-15
24,54000,MORTGAGE,5.0,VENTURE,A,11000,5.42,0,0.2,N,2,2024-04-10
24,65000,RENT,2.0,DEBTCONSOLIDATION,B,6400,10.65,0,0.1,N,2,2024-12-12
24,65000,RENT,1.0,VENTURE,B,6400,9.99,0,0.1,N,4,2024-12-14
23,54000,MORTGAGE,8.0,VENTURE,A,3000,5.42,0,0.06,N,2,2024-10-17
22,54000,MORTGAGE,6.0,DEBTCONSOLIDATION,B,3000,10.0,0,0.06,N,3,2024-12-09
25,54000,MORTGAGE,2.0,HOMEIMPROVEMENT,A,13000,6.92,0,0.24,N,4,2024-12-23
22,71500,RENT,2.0,EDUCATION,C,6400,13.11,0,0.09,Y,2,2024-11-29
22,72000,RENT,5.0,EDUCATION,A,6400,6.91,0,0.09,N,2,2024-03-31
26,54000,MORTGAGE,3.0,MEDICAL,A,5000,5.79,0,0.09,N,3,2024-02-25
25,75000,RENT,5.0,PERSONAL,D,6400,15.99,0,0.09,Y,2,2024-09-28
26,69000,RENT,6.0,EDUCATION,E,6400,16.4,1,0.09,Y,4,2024-12-24
26,54000,MORTGAGE,10.0,HOMEIMPROVEMENT,A,7200,5.42,0,0.13,N,2,2024-11-21
25,54000,MORTGAGE,2.0,PERSONAL,B,4000,11.11,0,0.07,N,3,2024-07-16
24,75000,RENT,4.0,VENTURE,B,6400,10.36,0,0.09,N,4,2024-04-03
25,54000,MORTGAGE,9.0,VENTURE,A,8000,6.92,0,0.15,N,4,2024-12-20
25,54000,MORTGAGE,4.0,MEDICAL,B,8400,11.11,0,0.16,N,4,2024-07-22
24,80000,RENT,6.0,MEDICAL,A,6400,7.49,0,0.08,N,4,2024-06-25
25,54000,MORTGAGE,5.0,DEBTCONSOLIDATION,B,5100,9.62,0,0.09,N,4,2024-04-08
24,93500,RENT,2.0,VENTURE,C,6400,13.23,0,0.07,Y,3,2024-01-28
22,110000,RENT,6.0,MEDICAL,A,6400,9.32,0,0.06,N,4,2024-01-02
25,54000,MORTGAGE,1.0,EDUCATION,A,6000,6.17,0,0.11,N,4,2024-02-08
25,110500,RENT,9.0,VENTURE,D,6400,13.67,0,0.06,N,3,2024-05-19
24,112000,RENT,8.0,HOMEIMPROVEMENT,A,6400,6.62,0,0.06,N,2,2024-06-07
22,54000,MORTGAGE,6.0,DEBTCONSOLIDATION,B,13200,9.99,0,0.24,N,4,2024-02-09
22,54000,MORTGAGE,5.0,EDUCATION,C,12000,12.23,0,0.22,Y,3,2024-11-06
23,48000,MORTGAGE,8.0,MEDICAL,D,1400,14.83,1,0.03,Y,2,2024-12-23
24,54000,MORTGAGE,8.0,HOMEIMPROVEMENT,B,4000,9.99,0,0.07,N,4,2024-09-28
26,54000,MORTGAGE,5.0,EDUCATION,B,10000,8.88,0,0.19,N,4,2024-09-29
24,74000,RENT,7.0,DEBTCONSOLIDATION,E,6800,20.3,1,0.09,Y,2,2024-04-11
26,48000,MORTGAGE,11.0,MEDICAL,A,5000,7.14,1,0.1,N,2,2024-10-06
26,87360,RENT,1.0,EDUCATION,C,6800,12.99,0,0.08,N,3,2024-10-04
23,54000,MORTGAGE,4.0,MEDICAL,B,2700,11.86,0,0.05,N,3,2024-05-07
22,54000,MORTGAGE,1.0,MEDICAL,C,4000,13.98,0,0.07,N,4,2024-07-17
23,124000,RENT,3.0,DEBTCONSOLIDATION,A,6800,6.03,0,0.05,N,2,2024-04-17
25,42000,RENT,6.0,VENTURE,B,6850,11.013786929274843,0,0.16,N,4,2024-02-14
22,47000,RENT,3.0,DEBTCONSOLIDATION,B,6850,10.65,1,0.15,N,4,2024-12-15
25,57000,RENT,3.0,MEDICAL,A,6850,11.013786929274843,0,0.12,N,4,2024-03-23
22,60000,RENT,1.0,EDUCATION,A,6850,7.14,0,0.11,N,2,2024-12-23
25,80266,RENT,5.0,MEDICAL,B,6875,11.86,0,0.09,N,2,2024-12-12
24,54000,MORTGAGE,9.0,MEDICAL,C,15600,13.61,0,0.29,Y,4,2024-03-04
22,28000,RENT,5.0,DEBTCONSOLIDATION,B,6900,9.99,0,0.25,N,3,2024-05-25
24,33000,RENT,2.0,HOMEIMPROVEMENT,E,6900,17.56,1,0.21,Y,3,2024-04-01
24,47480,RENT,8.0,MEDICAL,B,6900,9.88,0,0.15,N,2,2024-11-19
25,58000,RENT,5.0,VENTURE,A,6900,7.66,0,0.12,N,4,2024-11-12
23,54000,OWN,7.0,VENTURE,A,6000,7.51,0,0.11,N,3,2024-09-07
23,48000,MORTGAGE,7.0,DEBTCONSOLIDATION,D,16800,14.59,1,0.35,N,2,2024-10-25
26,54000,MORTGAGE,6.0,HOMEIMPROVEMENT,A,10000,7.51,0,0.19,N,3,2024-08-17
25,54000,MORTGAGE,9.0,PERSONAL,C,16000,11.013786929274843,0,0.3,N,4,2024-02-18
23,54000,MORTGAGE,3.0,VENTURE,B,10000,9.88,0,0.19,N,2,2024-04-02
26,54000,MORTGAGE,5.0,PERSONAL,A,14000,7.88,0,0.26,N,3,2024-12-18
26,34000,RENT,10.0,DEBTCONSOLIDATION,D,6925,15.99,1,0.2,N,3,2024-03-23
26,54000,MORTGAGE,9.0,PERSONAL,A,10800,7.88,0,0.2,N,3,2024-06-24
22,25000,RENT,2.0,PERSONAL,C,7000,13.85,0,0.28,Y,3,2024-01-01
24,54000,OWN,8.0,EDUCATION,C,1200,13.11,0,0.02,Y,3,2024-11-18
25,26004,RENT,8.0,DEBTCONSOLIDATION,A,7000,6.92,0,0.27,N,3,2024-10-04
24,54000,OWN,8.0,PERSONAL,B,10000,10.99,0,0.19,N,3,2024-10-11
22,54000,MORTGAGE,3.0,PERSONAL,A,9000,7.51,0,0.17,N,3,2024-10-13
25,54000,OWN,5.0,HOMEIMPROVEMENT,B,8000,11.83,0,0.15,N,3,2024-08-18
24,54000,MORTGAGE,9.0,MEDICAL,A,8525,8.59,0,0.16,N,4,2024-11-26
24,54000,MORTGAGE,2.0,VENTURE,A,8700,7.05,0,0.16,N,4,2024-01-26
23,27000,RENT,4.0,PERSONAL,C,7000,13.79,0,0.26,N,2,2024-01-14
24,54000,MORTGAGE,5.0,MEDICAL,B,9000,11.14,0,0.17,N,4,2024-04-20
24,54000,MORTGAGE,8.0,DEBTCONSOLIDATION,A,3000,7.05,0,0.06,N,2,2024-06-25
22,54000,MORTGAGE,6.0,PERSONAL,A,7000,8.94,0,0.13,N,2,2024-08-30
24,27600,RENT,4.0,PERSONAL,D,7000,15.62,1,0.25,Y,4,2024-01-31
22,48000,MORTGAGE,6.0,EDUCATION,D,12000,16.0,1,0.25,N,4,2024-01-06
23,54000,MORTGAGE,7.0,DEBTCONSOLIDATION,A,3000,11.013786929274843,0,0.06,N,3,2024-08-03
26,54000,MORTGAGE,10.0,DEBTCONSOLIDATION,A,9000,8.94,0,0.17,N,4,2024-04-23
25,27600,RENT,2.0,MEDICAL,B,7000,9.76,0,0.25,N,4,2024-11-25
23,28000,RENT,4.0,EDUCATION,B,7000,10.62,0,0.25,N,2,2024-01-03
23,54000,MORTGAGE,1.0,EDUCATION,C,13650,11.013786929274843,0,0.25,Y,2,2024-12-18
23,28038,RENT,2.0,DEBTCONSOLIDATION,A,7000,7.88,0,0.25,N,4,2024-11-02
23,54000,OWN,4.0,DEBTCONSOLIDATION,D,2800,14.42,0,0.05,N,3,2024-08-17
26,28608,RENT,2.0,MEDICAL,A,7000,6.92,0,0.24,N,3,2024-12-08
23,54000,MORTGAGE,7.0,MEDICAL,A,13500,9.63,0,0.25,N,2,2024-04-05
23,28685,RENT,3.0,DEBTCONSOLIDATION,C,7000,12.73,0,0.24,N,2,2024-12-10
26,28800,RENT,4.0,MEDICAL,A,7000,5.42,0,0.24,N,4,2024-03-30
23,28800,RENT,4.0,MEDICAL,A,7000,7.49,0,0.24,N,4,2024-02-09
22,30000,RENT,4.0,DEBTCONSOLIDATION,D,7000,16.49,1,0.23,Y,3,2024-06-09
26,54080,OWN,10.0,EDUCATION,A,5000,7.51,0,0.09,N,3,2024-10-02
24,54080,MORTGAGE,8.0,PERSONAL,A,8000,8.63,0,0.15,N,4,2024-01-27
22,30000,RENT,6.0,MEDICAL,B,7000,9.62,1,0.23,N,4,2024-10-25
25,30000,RENT,1.0,MEDICAL,B,7000,10.62,0,0.23,N,3,2024-09-09
26,54200,MORTGAGE,3.0,HOMEIMPROVEMENT,A,7000,7.49,0,0.13,N,3,2024-06-18
25,30000,RENT,4.0,MEDICAL,A,7000,7.74,0,0.23,N,2,2024-01-22
22,30000,RENT,2.0,MEDICAL,F,7000,17.58,1,0.23,N,2,2024-08-25
22,54252,MORTGAGE,6.0,DEBTCONSOLIDATION,A,3500,6.39,0,0.06,N,2,2024-02-16
26,30000,RENT,2.0,MEDICAL,B,7000,10.71,0,0.23,N,4,2024-03-24
24,30996,RENT,7.0,VENTURE,E,7000,16.63,0,0.23,Y,4,2024-02-19
25,31000,RENT,9.0,EDUCATION,A,7000,7.51,0,0.23,N,4,2024-03-29
26,31000,RENT,6.0,EDUCATION,A,7000,11.013786929274843,0,0.23,N,2,2024-11-28
25,31200,RENT,2.0,EDUCATION,A,7000,7.88,0,0.22,N,2,2024-04-20
22,31221,RENT,4.0,EDUCATION,B,7000,11.83,0,0.22,N,4,2024-09-27
24,54400,MORTGAGE,8.0,DEBTCONSOLIDATION,C,12000,11.013786929274843,0,0.22,Y,4,2024-01-19
24,54400,MORTGAGE,8.0,HOMEIMPROVEMENT,A,3300,7.66,0,0.06,N,2,2024-12-16
24,48442,MORTGAGE,8.0,DEBTCONSOLIDATION,D,9800,15.7,1,0.2,N,2,2024-05-29
25,54499,MORTGAGE,2.0,HOMEIMPROVEMENT,A,12000,9.63,0,0.22,N,4,2024-01-10
22,54500,MORTGAGE,6.0,EDUCATION,B,7500,10.59,0,0.14,N,3,2024-12-26
22,32340,RENT,6.0,DEBTCONSOLIDATION,A,7000,6.62,0,0.22,N,2,2024-04-16
24,32400,RENT,1.0,MEDICAL,C,7000,13.98,0,0.22,Y,2,2024-09-23
22,32769,RENT,3.0,VENTURE,A,7000,7.29,0,0.21,N,3,2024-01-03
26,54528,MORTGAGE,9.0,HOMEIMPROVEMENT,A,10000,8.94,0,0.18,N,3,2024-05-19
22,54566,MORTGAGE,6.0,PERSONAL,B,4000,12.53,0,0.07,N,2,2024-12-16
26,54578,OWN,10.0,HOMEIMPROVEMENT,B,24250,12.18,0,0.44,N,4,2024-07-12
23,33000,RENT,2.0,VENTURE,A,7000,7.9,0,0.21,N,2,2024-01-06
23,33000,RENT,1.0,DEBTCONSOLIDATION,C,7000,13.61,0,0.21,N,4,2024-04-18
22,48600,MORTGAGE,6.0,EDUCATION,B,12000,12.42,1,0.25,N,4,2024-06-18
26,54600,MORTGAGE,10.0,PERSONAL,B,4800,11.013786929274843,0,0.09,N,2,2024-04-03
24,48600,MORTGAGE,1.0,EDUCATION,D,8000,11.013786929274843,1,0.16,N,4,2024-08-30
22,33000,RENT,2.0,DEBTCONSOLIDATION,B,7000,11.013786929274843,0,0.21,N,2,2024-06-26
24,33198,RENT,3.0,MEDICAL,C,7000,14.27,1,0.21,N,3,2024-01-10
26,33996,RENT,10.0,VENTURE,A,7000,8.0,0,0.21,N,2,2024-08-10
24,33996,RENT,1.0,DEBTCONSOLIDATION,C,7000,13.16,1,0.21,N,3,2024-08-12
23,34482,RENT,7.0,PERSONAL,B,7000,10.99,0,0.2,N,4,2024-01-14
22,54800,OWN,7.0,EDUCATION,A,8000,11.013786929274843,0,0.15,N,2,2024-08-07
24,35000,RENT,8.0,MEDICAL,B,7000,12.69,0,0.2,N,2,2024-06-22
26,54828,MORTGAGE,10.0,EDUCATION,E,5000,16.82,0,0.09,N,4,2024-10-06
23,35000,RENT,5.0,DEBTCONSOLIDATION,A,7000,6.03,0,0.2,N,2,2024-01-29
24,54870,OWN,3.0,VENTURE,A,1000,8.59,0,0.02,N,2,2024-02-15
25,54900,MORTGAGE,2.0,HOMEIMPROVEMENT,B,3000,10.99,0,0.05,N,2,2024-10-20
25,48902,MORTGAGE,9.0,PERSONAL,C,6000,15.23,1,0.12,Y,3,2024-05-29
24,35000,RENT,9.0,PERSONAL,A,7000,5.99,0,0.2,N,2,2024-10-16
26,35000,RENT,5.0,VENTURE,B,7000,10.99,0,0.2,N,4,2024-05-02
23,54960,MORTGAGE,7.0,EDUCATION,A,5500,6.03,0,0.1,N,3,2024-08-22
22,54996,MORTGAGE,6.0,DEBTCONSOLIDATION,B,25000,12.42,0,0.45,N,2,2024-07-08
25,35000,RENT,2.0,PERSONAL,A,7000,8.94,0,0.2,N,3,2024-10-22
23,54996,MORTGAGE,7.0,EDUCATION,B,2100,11.49,0,0.04,N,3,2024-07-03
23,54996,MORTGAGE,2.0,MEDICAL,B,1925,10.59,0,0.04,N,4,2024-03-15
22,35350,RENT,3.0,DEBTCONSOLIDATION,B,7000,9.99,0,0.2,N,3,2024-12-08
24,54996,MORTGAGE,8.0,VENTURE,A,5500,5.99,0,0.1,N,4,2024-01-03
22,29654,RENT,3.0,EDUCATION,C,7000,14.22,1,0.24,N,3,2024-12-13
24,36000,RENT,1.0,MEDICAL,A,7000,6.03,0,0.19,N,3,2024-12-08
23,36000,RENT,1.0,EDUCATION,A,7000,7.9,0,0.19,N,4,2024-02-19
23,36000,RENT,5.0,VENTURE,B,7000,10.65,0,0.19,N,2,2024-11-10
23,36000,RENT,3.0,EDUCATION,B,7000,9.99,0,0.19,N,3,2024-01-19
23,54996,MORTGAGE,7.0,DEBTCONSOLIDATION,B,15000,11.013786929274843,0,0.27,N,2,2024-03-31
22,54996,MORTGAGE,3.0,EDUCATION,B,12000,9.63,0,0.22,N,2,2024-01-06
24,54996,OWN,4.0,EDUCATION,B,10000,10.37,0,0.18,N,4,2024-12-06
26,36000,RENT,1.0,VENTURE,A,7000,8.94,0,0.19,N,3,2024-02-05
23,31000,RENT,7.0,HOMEIMPROVEMENT,B,7000,11.013786929274843,1,0.23,N,3,2024-09-03
24,37000,RENT,2.0,PERSONAL,B,7000,9.99,0,0.19,N,2,2024-03-26
24,37000,RENT,2.0,MEDICAL,A,7000,7.51,0,0.19,N,4,2024-07-17
22,54996,MORTGAGE,3.0,EDUCATION,B,5000,10.75,0,0.09,N,3,2024-03-08
25,37200,RENT,6.0,VENTURE,A,7000,7.14,0,0.19,N,4,2024-10-03
23,54996,MORTGAGE,7.0,PERSONAL,C,8000,14.35,0,0.15,N,4,2024-06-06
25,48996,MORTGAGE,8.0,PERSONAL,B,5000,9.88,1,0.1,N,2,2024-10-26
23,37500,RENT,5.0,PERSONAL,B,7000,12.69,0,0.19,N,4,2024-05-25
22,37740,RENT,6.0,MEDICAL,A,7000,11.013786929274843,0,0.19,N,3,2024-09-07
26,38000,RENT,5.0,EDUCATION,A,7000,7.51,0,0.18,N,3,2024-10-21
23,38500,RENT,2.0,MEDICAL,B,7000,11.14,0,0.18,N,2,2024-02-09
22,39996,RENT,3.0,PERSONAL,B,7000,9.63,0,0.18,N,4,2024-11-04
22,48996,OTHER,3.0,DEBTCONSOLIDATION,D,10000,14.11,1,0.2,N,4,2024-09-11
24,54996,MORTGAGE,8.0,MEDICAL,B,19000,10.83,0,0.35,N,3,2024-10-05
24,39996,RENT,1.0,MEDICAL,C,7000,13.11,0,0.18,N,3,2024-02-18
22,40000,RENT,6.0,MEDICAL,A,7000,7.9,0,0.17,N,2,2024-04-10
22,40000,RENT,2.0,EDUCATION,B,7000,11.99,0,0.17,N,4,2024-10-05
22,40000,RENT,1.0,DEBTCONSOLIDATION,B,7000,11.11,0,0.17,N,3,2024-12-20
24,40000,RENT,3.0,VENTURE,A,7000,7.88,0,0.17,N,4,2024-04-22
22,40000,RENT,1.0,EDUCATION,B,7000,11.14,0,0.17,N,4,2024-10-29
22,55000,MORTGAGE,2.0,MEDICAL,B,20000,11.71,0,0.36,N,2,2024-09-22
25,40000,RENT,2.0,DEBTCONSOLIDATION,A,7000,8.94,0,0.17,N,3,2024-08-26
23,55000,MORTGAGE,8.0,VENTURE,B,7200,11.71,0,0.13,N,3,2024-12-11
23,55000,MORTGAGE,3.0,PERSONAL,A,7500,7.51,0,0.14,N,2,2024-10-23
23,40000,RENT,4.0,MEDICAL,B,7000,11.58,0,0.17,N,3,2024-01-18
24,40000,RENT,2.0,EDUCATION,C,7000,11.34,0,0.17,Y,2,2024-10-12
23,34320,RENT,5.0,DEBTCONSOLIDATION,F,7000,18.3,1,0.2,Y,3,2024-11-13
24,55000,MORTGAGE,8.0,MEDICAL,B,15000,9.91,0,0.27,N,3,2024-04-01
25,55000,MORTGAGE,6.0,PERSONAL,C,15000,15.27,0,0.27,N,3,2024-04-30
22,55000,MORTGAGE,5.0,EDUCATION,D,11100,16.77,0,0.2,N,2,2024-02-29
23,55000,MORTGAGE,7.0,MEDICAL,A,2800,11.013786929274843,0,0.05,N,2,2024-09-13
24,55000,MORTGAGE,5.0,PERSONAL,B,3100,11.71,0,0.06,N,2,2024-10-11
22,55000,MORTGAGE,6.0,EDUCATION,C,1400,13.49,0,0.03,N,3,2024-04-07
22,35000,RENT,2.0,MEDICAL,F,7000,18.09,1,0.2,Y,2,2024-03-17
23,55000,MORTGAGE,7.0,VENTURE,A,5200,8.9,0,0.09,N,4,2024-11-16
26,55000,MORTGAGE,6.0,EDUCATION,A,11500,8.9,0,0.21,N,4,2024-06-27
24,41000,RENT,1.0,MEDICAL,C,7000,12.53,0,0.17,N,2,2024-08-23
25,55000,MORTGAGE,2.0,DEBTCONSOLIDATION,A,8000,6.03,0,0.15,N,4,2024-01-01
22,55000,MORTGAGE,6.0,PERSONAL,C,3250,13.49,0,0.06,Y,4,2024-10-08
24,55000,MORTGAGE,1.0,MEDICAL,B,5225,9.91,0,0.1,N,4,2024-01-10
22,42000,RENT,2.0,EDUCATION,C,7000,14.27,0,0.17,N,2,2024-11-17
26,55000,MORTGAGE,6.0,PERSONAL,B,3775,11.71,0,0.07,N,3,2024-03-05
26,42000,RENT,10.0,DEBTCONSOLIDATION,A,7000,11.013786929274843,0,0.17,N,2,2024-09-05
25,55000,MORTGAGE,1.0,EDUCATION,A,6400,6.03,0,0.12,N,3,2024-06-25
22,42000,RENT,6.0,DEBTCONSOLIDATION,C,7000,12.68,0,0.17,N,2,2024-09-03
23,55000,MORTGAGE,7.0,DEBTCONSOLIDATION,A,7500,7.51,0,0.14,N,4,2024-04-27
25,42000,RENT,8.0,MEDICAL,A,7000,5.79,0,0.17,N,2,2024-06-01
23,55000,MORTGAGE,7.0,VENTURE,A,6500,7.9,0,0.12,N,3,2024-05-05
23,55000,MORTGAGE,7.0,PERSONAL,D,6625,16.77,0,0.12,Y,3,2024-03-07
22,42000,RENT,4.0,MEDICAL,C,7000,13.61,0,0.17,N,2,2024-11-30
26,36000,RENT,3.0,DEBTCONSOLIDATION,D,7000,14.96,1,0.19,Y,4,2024-01-24
23,42000,RENT,2.0,EDUCATION,A,7000,7.88,0,0.17,N,3,2024-02-07
25,55000,MORTGAGE,9.0,VENTURE,B,5000,9.91,0,0.09,N,4,2024-12-01
22,42000,RENT,4.0,EDUCATION,A,7000,8.63,0,0.17,N,4,2024-05-21
24,55000,MORTGAGE,3.0,PERSONAL,A,15000,6.62,0,0.27,N,3,2024-04-12
22,36614,RENT,5.0,MEDICAL,B,7000,9.99,1,0.19,N,4,2024-09-16
23,55000,MORTGAGE,8.0,EDUCATION,B,12375,9.91,0,0.23,N,3,2024-11-02
26,43000,RENT,2.0,MEDICAL,B,7000,9.99,0,0.16,N,3,2024-10-08
23,43000,RENT,7.0,EDUCATION,E,7000,11.013786929274843,0,0.16,N,4,2024-06-30
25,49000,MORTGAGE,8.0,MEDICAL,B,18200,11.99,1,0.37,N,4,2024-10-30
25,55000,MORTGAGE,6.0,HOMEIMPROVEMENT,B,6500,10.99,0,0.12,N,2,2024-05-14
25,55000,MORTGAGE,9.0,EDUCATION,B,6300,11.49,0,0.11,N,3,2024-02-09
23,55000,MORTGAGE,1.0,EDUCATION,B,4400,10.59,0,0.08,N,3,2024-01-13
26,43000,RENT,8.0,MEDICAL,A,7000,7.29,0,0.16,N,4,2024-02-26
22,37200,RENT,6.0,DEBTCONSOLIDATION,A,7000,7.9,1,0.19,N,4,2024-04-29
22,55000,OWN,6.0,MEDICAL,B,4800,11.99,0,0.09,N,2,2024-01-16
23,55000,OWN,5.0,VENTURE,C,15000,13.49,0,0.27,N,2,2024-04-29
23,49000,MORTGAGE,4.0,VENTURE,E,11400,17.99,1,0.23,Y,4,2024-12-07
25,55000,MORTGAGE,3.0,EDUCATION,D,5000,15.99,0,0.09,N,4,2024-06-04
22,55000,OWN,1.0,VENTURE,B,10000,10.99,0,0.18,N,3,2024-09-16
25,55000,MORTGAGE,9.0,VENTURE,A,6500,7.49,0,0.12,N,3,2024-05-20
22,55000,MORTGAGE,6.0,MEDICAL,A,9500,7.49,0,0.17,N,3,2024-10-23
23,44500,RENT,2.0,EDUCATION,A,7000,8.0,0,0.16,N,2,2024-06-11
26,45000,RENT,5.0,DEBTCONSOLIDATION,A,7000,8.9,0,0.16,N,4,2024-01-16
22,39000,RENT,2.0,PERSONAL,A,7000,8.9,1,0.18,N,3,2024-01-15
24,55000,MORTGAGE,8.0,VENTURE,A,1800,7.49,0,0.03,N,4,2024-12-05
25,55000,MORTGAGE,3.0,DEBTCONSOLIDATION,A,24200,8.49,0,0.44,N,3,2024-03-16
25,49000,MORTGAGE,1.0,EDUCATION,C,7000,11.013786929274843,1,0.14,N,4,2024-07-02
23,39000,RENT,1.0,VENTURE,D,7000,16.77,1,0.18,N,3,2024-10-05
26,45000,RENT,1.0,VENTURE,A,7000,7.51,0,0.16,N,3,2024-03-10
22,55000,MORTGAGE,7.0,VENTURE,A,3000,5.99,0,0.05,N,4,2024-08-06
26,55000,MORTGAGE,10.0,VENTURE,A,10000,7.49,0,0.18,N,2,2024-07-20
26,55000,MORTGAGE,10.0,VENTURE,C,2800,13.49,0,0.05,N,2,2024-09-11
23,55000,MORTGAGE,7.0,DEBTCONSOLIDATION,A,4000,5.42,0,0.07,N,3,2024-03-21
25,45000,RENT,9.0,EDUCATION,B,7000,10.99,0,0.16,N,2,2024-12-01
24,45000,RENT,5.0,VENTURE,A,7000,5.42,0,0.16,N,4,2024-01-13
24,55000,OWN,4.0,VENTURE,D,9000,16.49,0,0.16,Y,2,2024-03-21
24,39000,RENT,8.0,PERSONAL,D,7000,14.42,1,0.18,N,4,2024-09-05
25,46000,RENT,9.0,MEDICAL,A,7000,8.49,0,0.15,N,3,2024-09-19
25,46000,RENT,5.0,EDUCATION,B,7000,10.25,0,0.15,N,3,2024-01-05
23,46000,RENT,1.0,EDUCATION,A,7000,7.4,0,0.15,N,4,2024-12-30
22,55000,MORTGAGE,7.0,MEDICAL,B,13500,9.67,0,0.25,N,2,2024-05-13
23,55000,MORTGAGE,7.0,EDUCATION,A,15000,11.013786929274843,0,0.27,N,4,2024-02-19
25,46000,RENT,3.0,DEBTCONSOLIDATION,A,7000,9.07,0,0.15,N,3,2024-07-05
23,55000,MORTGAGE,7.0,DEBTCONSOLIDATION,A,3850,5.42,0,0.07,N,2,2024-01-30
24,47000,RENT,8.0,VENTURE,A,7000,6.62,0,0.15,N,3,2024-08-21
24,55000,MORTGAGE,1.0,DEBTCONSOLIDATION,A,8000,8.49,0,0.15,N,3,2024-06-22
23,55000,MORTGAGE,1.0,VENTURE,B,1500,11.49,0,0.03,N,3,2024-02-04
24,47000,RENT,3.0,MEDICAL,A,7000,6.54,0,0.15,N,4,2024-08-07
25,55000,OWN,1.0,PERSONAL,C,6000,15.23,0,0.11,Y,3,2024-05-08
23,55000,MORTGAGE,4.0,EDUCATION,A,8000,7.49,0,0.15,N,4,2024-04-14
23,55000,MORTGAGE,7.0,MEDICAL,A,8000,7.49,0,0.15,N,4,2024-01-13
23,55000,MORTGAGE,7.0,MEDICAL,C,10000,13.99,0,0.18,Y,3,2024-03-03
22,41500,RENT,3.0,VENTURE,D,7000,15.7,1,0.17,Y,3,2024-07-05
26,48000,RENT,10.0,MEDICAL,B,7000,12.69,0,0.15,N,2,2024-01-20
26,48000,RENT,5.0,MEDICAL,A,7000,5.79,0,0.15,N,3,2024-03-07
23,48000,RENT,6.0,EDUCATION,A,7000,8.94,0,0.15,N,3,2024-08-28
26,48000,RENT,10.0,MEDICAL,A,7000,9.63,0,0.15,N,2,2024-01-09
23,55000,MORTGAGE,2.0,EDUCATION,B,5000,11.11,0,0.09,N,2,2024-05-05
25,48226,RENT,9.0,MEDICAL,A,7000,7.9,0,0.15,N,3,2024-03-23
23,49500,RENT,2.0,MEDICAL,C,7000,11.013786929274843,0,0.14,N,4,2024-12-06
24,55000,MORTGAGE,8.0,EDUCATION,B,9600,11.013786929274843,0,0.17,N,3,2024-08-31
24,50000,RENT,8.0,DEBTCONSOLIDATION,B,7000,11.71,0,0.14,N,3,2024-03-05
26,55000,MORTGAGE,2.0,MEDICAL,A,11300,7.29,0,0.21,N,4,2024-05-15
22,55000,MORTGAGE,4.0,PERSONAL,A,5000,7.66,0,0.09,N,2,2024-12-22
23,50000,RENT,8.0,VENTURE,A,7000,11.013786929274843,0,0.14,N,2,2024-01-16
26,55000,MORTGAGE,10.0,VENTURE,A,5000,6.92,0,0.09,N,3,2024-11-21
22,50000,RENT,2.0,VENTURE,A,7000,7.66,0,0.14,N,3,2024-07-19
26,55000,MORTGAGE,1.0,EDUCATION,B,10000,10.0,0,0.18,N,2,2024-06-10
22,55000,MORTGAGE,1.0,EDUCATION,B,12000,9.63,0,0.22,N,4,2024-11-14
24,55000,MORTGAGE,8.0,DEBTCONSOLIDATION,A,10000,5.79,0,0.18,N,3,2024-12-08
22,55000,OWN,6.0,EDUCATION,B,25000,10.74,0,0.45,N,2,2024-09-25
23,50000,RENT,3.0,EDUCATION,A,7000,7.51,0,0.14,N,4,2024-10-20
25,55000,MORTGAGE,9.0,HOMEIMPROVEMENT,B,8500,11.013786929274843,0,0.15,N,2,2024-04-01
22,55000,MORTGAGE,6.0,VENTURE,B,12000,9.99,0,0.22,N,4,2024-03-28
26,50000,RENT,2.0,VENTURE,A,7000,9.63,0,0.14,N,2,2024-06-20
23,50000,RENT,2.0,EDUCATION,A,7000,9.32,0,0.14,N,3,2024-07-25
23,55000,MORTGAGE,5.0,PERSONAL,A,15000,6.17,0,0.27,N,2,2024-05-29
22,49000,MORTGAGE,6.0,PERSONAL,A,10000,5.79,1,0.2,N,4,2024-08-19
26,50026,RENT,3.0,PERSONAL,A,7000,11.013786929274843,0,0.14,N,4,2024-08-08
23,55000,MORTGAGE,5.0,PERSONAL,A,7750,6.17,0,0.14,N,4,2024-01-02
23,51000,RENT,1.0,MEDICAL,A,7000,6.99,0,0.14,N,3,2024-12-22
22,51000,RENT,6.0,VENTURE,B,7000,12.18,0,0.14,N,2,2024-09-04
23,52000,RENT,3.0,EDUCATION,B,7000,10.65,0,0.13,N,2,2024-11-12
24,55000,MORTGAGE,8.0,HOMEIMPROVEMENT,A,6000,5.42,0,0.11,N,3,2024-08-29
25,52000,RENT,2.0,HOMEIMPROVEMENT,B,7000,10.59,0,0.13,N,2,2024-03-25
22,55000,MORTGAGE,2.0,MEDICAL,C,4800,12.98,0,0.09,N,4,2024-05-30
22,55000,MORTGAGE,2.0,EDUCATION,A,12000,6.54,0,0.22,N,4,2024-09-03
26,52000,RENT,11.0,EDUCATION,A,7000,7.88,0,0.13,N,3,2024-12-22
24,52000,RENT,1.0,MEDICAL,A,7000,7.74,0,0.13,N,4,2024-02-28
22,55000,OWN,2.0,EDUCATION,A,2200,5.42,0,0.04,N,3,2024-03-23
25,52000,RENT,1.0,DEBTCONSOLIDATION,C,7000,12.53,0,0.13,N,3,2024-04-23
22,52800,RENT,3.0,PERSONAL,D,7000,17.58,0,0.13,N,3,2024-03-08
25,55000,MORTGAGE,9.0,DEBTCONSOLIDATION,A,17000,6.91,0,0.31,N,4,2024-10-14
26,49000,MORTGAGE,10.0,DEBTCONSOLIDATION,E,13000,16.45,1,0.27,N,3,2024-05-25
23,55000,OWN,7.0,VENTURE,B,1000,11.49,0,0.02,N,4,2024-10-02
25,55000,MORTGAGE,9.0,MEDICAL,A,15000,7.88,0,0.27,N,2,2024-09-06
22,54000,RENT,1.0,EDUCATION,C,7000,13.47,0,0.13,Y,2,2024-08-04
24,55000,MORTGAGE,3.0,DEBTCONSOLIDATION,B,3000,11.12,0,0.05,N,2,2024-11-17
23,54008,RENT,5.0,DEBTCONSOLIDATION,B,7000,9.91,0,0.13,N,3,2024-02-04
24,49000,RENT,8.0,EDUCATION,A,7000,7.49,1,0.14,N,3,2024-10-22
23,55000,MORTGAGE,1.0,EDUCATION,B,10000,10.75,0,0.18,N,4,2024-06-11
23,55000,OWN,5.0,EDUCATION,B,11000,10.38,0,0.2,N,3,2024-02-29
24,55000,OWN,3.0,MEDICAL,B,16000,11.013786929274843,0,0.29,N,3,2024-04-24
23,49000,MORTGAGE,7.0,MEDICAL,D,5000,15.21,1,0.1,N,2,2024-08-06
25,89000,RENT,4.0,EDUCATION,B,7000,10.99,0,0.08,N,3,2024-02-26
26,55000,MORTGAGE,10.0,HOMEIMPROVEMENT,A,9800,7.88,0,0.18,N,3,2024-07-29
23,89000,RENT,7.0,EDUCATION,C,7000,11.013786929274843,0,0.08,N,3,2024-10-24
24,55000,MORTGAGE,3.0,EDUCATION,D,7500,14.84,0,0.14,Y,2,2024-03-16
23,90000,RENT,1.0,MEDICAL,B,7000,10.65,0,0.08,N,2,2024-06-04
26,90000,RENT,8.0,PERSONAL,C,7000,13.49,0,0.08,Y,3,2024-04-02
26,50000,RENT,1.0,DEBTCONSOLIDATION,B,7150,12.69,0,0.14,N,2,2024-09-01
26,55000,MORTGAGE,4.0,DEBTCONSOLIDATION,C,13000,13.98,0,0.24,Y,3,2024-08-02
26,61200,RENT,3.0,HOMEIMPROVEMENT,A,7150,6.99,0,0.12,N,2,2024-07-25
23,55000,MORTGAGE,7.0,VENTURE,C,7000,13.23,0,0.13,Y,2,2024-10-10
26,55000,MORTGAGE,10.0,MEDICAL,A,3000,6.76,0,0.05,N,2,2024-04-03
24,55000,MORTGAGE,3.0,VENTURE,A,5000,7.88,0,0.09,N,4,2024-03-28
22,20800,RENT,1.0,DEBTCONSOLIDATION,A,7200,6.91,1,0.35,N,4,2024-06-01
26,21600,RENT,9.0,VENTURE,B,7200,10.38,1,0.33,N,3,2024-06-22
25,22000,RENT,3.0,VENTURE,A,7200,5.79,1,0.33,N,2,2024-01-26
24,23000,RENT,1.0,DEBTCONSOLIDATION,B,7200,12.69,1,0.31,N,2,2024-09-01
23,55000,MORTGAGE,5.0,DEBTCONSOLIDATION,C,8000,13.85,0,0.15,N,4,2024-01-21
22,55000,MORTGAGE,6.0,PERSONAL,B,10000,10.62,0,0.18,N,2,2024-12-06
23,25200,RENT,7.0,EDUCATION,B,7200,11.86,1,0.29,N,4,2024-10-10
26,55000,OWN,10.0,VENTURE,C,14500,12.73,0,0.26,N,2,2024-08-21
23,27600,RENT,2.0,PERSONAL,B,7200,9.99,0,0.26,N,2,2024-11-22
22,27600,RENT,7.0,MEDICAL,B,7200,10.59,0,0.26,N,3,2024-07-24
22,49000,MORTGAGE,4.0,EDUCATION,B,8000,10.25,1,0.16,N,4,2024-05-12
24,55000,MORTGAGE,3.0,PERSONAL,A,6000,7.51,0,0.11,N,4,2024-02-18
23,55000,MORTGAGE,6.0,EDUCATION,B,8000,9.88,0,0.15,N,3,2024-10-20
22,30000,RENT,5.0,VENTURE,B,7200,11.71,0,0.24,N,3,2024-11-26
22,30000,RENT,7.0,MEDICAL,A,7200,8.9,1,0.24,N,2,2024-07-14
22,55000,MORTGAGE,6.0,PERSONAL,C,13000,13.85,0,0.24,N,3,2024-09-29
24,31944,RENT,8.0,MEDICAL,C,7200,13.79,0,0.23,N,2,2024-12-27
25,55000,MORTGAGE,10.0,EDUCATION,C,15000,11.013786929274843,0,0.27,Y,3,2024-03-06
25,32496,RENT,9.0,MEDICAL,B,7200,9.51,0,0.22,N,4,2024-08-19
22,55000,OWN,4.0,DEBTCONSOLIDATION,D,5000,14.61,0,0.09,Y,2,2024-03-08
22,34000,RENT,5.0,VENTURE,A,7200,7.9,0,0.21,N,4,2024-05-25
23,49000,MORTGAGE,7.0,PERSONAL,G,15000,19.82,1,0.31,N,2,2024-06-14
26,34099,RENT,2.0,MEDICAL,C,7200,12.73,0,0.21,N,3,2024-10-11
25,35000,RENT,9.0,MEDICAL,A,7200,8.9,0,0.21,N,3,2024-08-21
23,55000,MORTGAGE,2.0,EDUCATION,A,7000,8.59,0,0.13,N,2,2024-03-28
24,55000,MORTGAGE,8.0,VENTURE,A,5500,8.59,0,0.1,N,3,2024-08-09
25,55000,MORTGAGE,9.0,PERSONAL,A,10200,8.94,0,0.19,N,3,2024-07-06
25,55000,OWN,9.0,EDUCATION,C,10000,13.57,0,0.18,Y,2,2024-09-09
22,55000,OWN,4.0,PERSONAL,A,2000,7.4,0,0.04,N,3,2024-06-15
24,35004,RENT,6.0,MEDICAL,D,7200,11.013786929274843,0,0.21,N,2,2024-10-30
23,31000,RENT,4.0,DEBTCONSOLIDATION,D,7200,14.54,1,0.23,N,3,2024-11-23
24,37200,RENT,8.0,EDUCATION,A,7200,7.9,0,0.19,N,2,2024-12-08
24,37245,RENT,9.0,EDUCATION,A,7200,8.9,0,0.19,N,4,2024-05-28
26,38400,RENT,2.0,MEDICAL,B,7200,9.91,0,0.19,N,2,2024-01-16
23,38896,RENT,2.0,PERSONAL,C,7200,13.48,0,0.19,Y,3,2024-12-30
22,40000,RENT,6.0,EDUCATION,D,7200,17.58,0,0.18,Y,2,2024-01-27
22,40000,RENT,3.0,PERSONAL,E,7200,18.79,0,0.18,N,3,2024-10-21
26,55000,MORTGAGE,8.0,VENTURE,B,7000,12.53,0,0.13,N,4,2024-07-25
26,55000,MORTGAGE,10.0,VENTURE,A,12500,8.94,0,0.23,N,2,2024-06-16
25,40000,RENT,1.0,EDUCATION,B,7200,9.88,0,0.18,N,4,2024-10-24
25,55000,MORTGAGE,1.0,DEBTCONSOLIDATION,C,2000,13.22,0,0.04,N,2,2024-12-14
24,41000,RENT,3.0,EDUCATION,B,7200,12.53,0,0.18,N,2,2024-05-01
22,55000,OWN,6.0,EDUCATION,A,4000,9.32,0,0.07,N,4,2024-01-07
23,55000,OWN,6.0,MEDICAL,C,18500,13.16,0,0.34,N,4,2024-05-27
23,42996,RENT,7.0,VENTURE,A,7200,8.0,0,0.17,N,2,2024-09-14
24,55000,MORTGAGE,2.0,HOMEIMPROVEMENT,A,8000,8.0,0,0.15,N,2,2024-12-23
24,43200,RENT,8.0,MEDICAL,C,7200,13.49,0,0.17,Y,4,2024-08-15
24,55000,MORTGAGE,2.0,VENTURE,A,6000,8.0,0,0.11,N,2,2024-07-11
26,55000,MORTGAGE,2.0,HOMEIMPROVEMENT,B,8500,12.21,0,0.15,N,2,2024-06-17
24,45000,RENT,3.0,DEBTCONSOLIDATION,B,7200,10.65,0,0.16,N,4,2024-06-30
25,46000,RENT,5.0,DEBTCONSOLIDATION,C,7200,11.013786929274843,0,0.16,Y,3,2024-10-10
22,48000,RENT,5.0,EDUCATION,B,7200,12.42,0,0.15,N,4,2024-05-26
23,48000,RENT,7.0,PERSONAL,C,7200,14.27,0,0.15,Y,3,2024-09-08
23,48000,RENT,7.0,PERSONAL,B,7200,11.71,0,0.15,N,2,2024-05-11
25,55000,MORTGAGE,2.0,EDUCATION,E,14000,15.68,0,0.25,Y,4,2024-12-25
22,48000,RENT,7.0,PERSONAL,B,7200,12.69,0,0.15,N,2,2024-07-30
22,48000,RENT,1.0,MEDICAL,B,7200,9.62,0,0.15,N,4,2024-08-17
22,49000,MORTGAGE,6.0,EDUCATION,A,10000,8.0,1,0.2,N,2,2024-06-10
25,48000,RENT,6.0,DEBTCONSOLIDATION,B,7200,11.36,0,0.15,N,3,2024-01-04
24,55000,MORTGAGE,8.0,PERSONAL,D,15000,11.013786929274843,0,0.27,Y,3,2024-08-01
24,55000,MORTGAGE,4.0,DEBTCONSOLIDATION,C,1600,13.79,0,0.03,N,2,2024-01-24
23,55000,OTHER,5.0,VENTURE,A,4000,9.32,0,0.07,N,2,2024-12-16
22,50000,RENT,6.0,DEBTCONSOLIDATION,B,7200,11.013786929274843,0,0.14,N,4,2024-06-26
22,49000,MORTGAGE,2.0,VENTURE,C,5000,11.28,1,0.1,Y,4,2024-10-28
25,50000,RENT,2.0,PERSONAL,A,7200,8.49,0,0.14,N,2,2024-04-11
25,50000,RENT,5.0,MEDICAL,A,7200,7.29,0,0.14,N,4,2024-06-26
24,50004,RENT,4.0,DEBTCONSOLIDATION,C,7200,12.84,0,0.14,Y,3,2024-06-15
25,55000,MORTGAGE,9.0,VENTURE,C,3600,11.34,0,0.07,Y,4,2024-11-17
24,49000,OTHER,1.0,PERSONAL,C,20000,11.34,1,0.41,Y,4,2024-05-28
23,55000,MORTGAGE,7.0,DEBTCONSOLIDATION,B,15000,9.2,0,0.27,N,4,2024-04-28
25,52000,RENT,3.0,EDUCATION,B,7200,12.69,0,0.14,N,3,2024-09-03
24,55000,MORTGAGE,1.0,HOMEIMPROVEMENT,A,5275,8.07,0,0.1,N,4,2024-11-04
24,54600,RENT,2.0,EDUCATION,C,7200,12.53,0,0.13,N,2,2024-10-09
23,55004,MORTGAGE,4.0,EDUCATION,D,9600,14.74,0,0.17,Y,2,2024-05-04
25,54990,RENT,4.0,DEBTCONSOLIDATION,C,7200,15.27,0,0.13,Y,3,2024-08-23
23,55008,OWN,5.0,MEDICAL,C,10500,13.16,0,0.19,Y,4,2024-01-26
24,54996,RENT,8.0,EDUCATION,B,7200,11.013786929274843,0,0.13,N,3,2024-05-04
22,54996,RENT,5.0,DEBTCONSOLIDATION,A,7200,7.66,0,0.13,N,2,2024-03-18
25,55000,RENT,1.0,MEDICAL,A,7200,7.9,0,0.13,N,2,2024-08-13
25,49700,RENT,2.0,PERSONAL,B,7200,10.38,1,0.14,N,2,2024-11-17
23,50000,RENT,7.0,MEDICAL,D,7200,17.58,1,0.14,Y,2,2024-05-22
23,51000,RENT,3.0,DEBTCONSOLIDATION,E,7200,14.67,1,0.14,N,3,2024-05-10
22,59000,RENT,2.0,EDUCATION,A,7200,8.0,0,0.12,N,3,2024-06-17
24,55152,MORTGAGE,8.0,PERSONAL,B,16000,11.49,0,0.29,N,2,2024-10-11
24,60000,RENT,2.0,VENTURE,A,7200,8.49,0,0.12,N,2,2024-05-02
25,55200,MORTGAGE,5.0,EDUCATION,B,4225,12.42,0,0.08,N,2,2024-06-21
25,60000,RENT,3.0,HOMEIMPROVEMENT,C,7200,13.48,0,0.12,Y,4,2024-05-18
22,49200,MORTGAGE,6.0,MEDICAL,C,6500,12.68,1,0.13,Y,2,2024-08-25
23,60000,RENT,5.0,EDUCATION,C,7200,13.22,0,0.12,N,4,2024-07-10
23,60036,RENT,7.0,MEDICAL,B,7200,9.91,0,0.12,N,4,2024-01-04
24,49200,MORTGAGE,8.0,MEDICAL,E,2500,11.013786929274843,1,0.05,N,2,2024-10-08
23,55200,MORTGAGE,2.0,DEBTCONSOLIDATION,B,2000,11.86,0,0.04,N,3,2024-03-18
23,55200,MORTGAGE,7.0,EDUCATION,B,4000,10.08,0,0.07,N,4,2024-05-27
25,63000,RENT,9.0,EDUCATION,A,7200,7.88,0,0.11,N,3,2024-02-26
26,55316,OWN,10.0,HOMEIMPROVEMENT,A,6000,5.42,0,0.11,N,3,2024-05-24
25,67500,RENT,2.0,EDUCATION,A,7200,7.88,0,0.11,N,4,2024-04-13
24,55400,MORTGAGE,8.0,VENTURE,A,11000,7.29,0,0.2,N,3,2024-07-19
23,62000,RENT,3.0,EDUCATION,A,7200,7.9,1,0.12,N,3,2024-03-15
23,68400,RENT,7.0,EDUCATION,C,7200,14.72,0,0.11,N,2,2024-11-05
26,49493,MORTGAGE,6.0,VENTURE,C,15250,13.11,1,0.31,Y,3,2024-04-06
22,75000,RENT,2.0,VENTURE,C,7200,13.61,0,0.1,N,4,2024-10-29
22,55500,MORTGAGE,6.0,MEDICAL,A,3000,7.37,0,0.05,N,2,2024-08-11
24,55530,MORTGAGE,8.0,HOMEIMPROVEMENT,A,8000,5.99,0,0.14,N,4,2024-07-06
23,49530,MORTGAGE,7.0,DEBTCONSOLIDATION,D,16000,14.54,1,0.32,Y,2,2024-12-21
26,76668,RENT,10.0,EDUCATION,A,7200,9.63,0,0.09,N,3,2024-05-25
23,80000,RENT,3.0,DEBTCONSOLIDATION,A,7200,8.9,0,0.09,N,2,2024-01-08
23,80500,RENT,5.0,DEBTCONSOLIDATION,B,7200,9.25,0,0.09,N,4,2024-11-14
24,55600,MORTGAGE,2.0,HOMEIMPROVEMENT,C,11700,13.57,0,0.21,Y,2,2024-08-08
24,55605,MORTGAGE,8.0,MEDICAL,B,6500,10.99,0,0.12,N,2,2024-11-09
23,49635,MORTGAGE,6.0,PERSONAL,A,12000,7.29,1,0.24,N,3,2024-08-08
24,55680,MORTGAGE,4.0,DEBTCONSOLIDATION,B,7875,10.65,0,0.14,N,3,2024-10-04
25,73000,RENT,2.0,PERSONAL,D,7200,14.96,1,0.1,N,3,2024-05-09
25,88500,RENT,3.0,DEBTCONSOLIDATION,C,7200,13.47,0,0.08,N,3,2024-04-26
25,55800,MORTGAGE,9.0,MEDICAL,C,3500,14.17,0,0.06,Y,3,2024-09-24
25,55800,MORTGAGE,1.0,PERSONAL,B,4000,10.75,0,0.07,N,2,2024-02-27
23,55812,MORTGAGE,4.0,MEDICAL,B,21825,11.36,0,0.39,N,2,2024-01-30
26,90000,RENT,1.0,DEBTCONSOLIDATION,B,7200,9.91,0,0.08,N,2,2024-03-31
26,55900,MORTGAGE,5.0,PERSONAL,C,18200,14.26,0,0.33,N,4,2024-07-20
25,49963,MORTGAGE,9.0,EDUCATION,B,2100,11.49,1,0.04,N,3,2024-04-23
23,49980,MORTGAGE,7.0,MEDICAL,B,4800,10.37,1,0.1,N,2,2024-12-20
24,56000,MORTGAGE,8.0,DEBTCONSOLIDATION,A,12000,11.013786929274843,0,0.21,N,3,2024-11-05
23,93000,RENT,1.0,DEBTCONSOLIDATION,A,7200,6.92,0,0.08,N,2,2024-08-06
23,105000,RENT,7.0,PERSONAL,B,7200,11.71,0,0.07,N,4,2024-06-30
22,56000,MORTGAGE,3.0,EDUCATION,D,10075,16.29,0,0.18,Y,4,2024-07-27
25,56000,MORTGAGE,5.0,PERSONAL,C,10250,14.65,0,0.18,Y,4,2024-04-21
26,111000,RENT,1.0,HOMEIMPROVEMENT,B,7200,12.18,0,0.06,N,3,2024-06-25
26,56000,MORTGAGE,9.0,HOMEIMPROVEMENT,B,10000,12.42,0,0.18,N,2,2024-12-06
23,56000,MORTGAGE,7.0,VENTURE,A,7200,6.03,0,0.13,N,2,2024-02-29
24,56000,MORTGAGE,8.0,MEDICAL,A,12250,6.03,0,0.22,N,4,2024-02-24
25,135000,RENT,6.0,HOMEIMPROVEMENT,B,7200,9.91,0,0.05,N,3,2024-04-14
25,149000,RENT,9.0,MEDICAL,A,7200,11.013786929274843,0,0.05,N,2,2024-07-31
25,62467,RENT,1.0,HOMEIMPROVEMENT,B,7250,10.65,0,0.12,N,4,2024-10-26
26,56000,MORTGAGE,2.0,DEBTCONSOLIDATION,C,6000,15.23,0,0.11,N,4,2024-02-12
24,80000,RENT,6.0,VENTURE,A,7250,5.42,0,0.09,N,2,2024-09-19
24,56000,OWN,8.0,VENTURE,A,2000,6.99,0,0.04,N,3,2024-12-06
25,26729,RENT,5.0,MEDICAL,B,7300,11.14,0,0.27,N,3,2024-08-06
23,56000,MORTGAGE,4.0,DEBTCONSOLIDATION,C,13600,15.23,0,0.24,Y,4,2024-04-13
24,56000,MORTGAGE,3.0,VENTURE,B,2000,10.99,0,0.04,N,4,2024-11-08
24,56000,MORTGAGE,4.0,HOMEIMPROVEMENT,C,19125,13.99,0,0.34,Y,3,2024-08-28
25,50000,MORTGAGE,6.0,PERSONAL,A,12800,7.49,1,0.26,N,4,2024-12-30
22,56000,MORTGAGE,4.0,MEDICAL,B,9000,10.59,0,0.16,N,2,2024-04-05
26,37086,RENT,7.0,DEBTCONSOLIDATION,A,7300,7.88,0,0.2,N,4,2024-09-13
23,38000,RENT,1.0,MEDICAL,A,7300,11.013786929274843,0,0.19,N,2,2024-03-01
24,56000,MORTGAGE,3.0,EDUCATION,A,15000,8.49,0,0.27,N,2,2024-09-28
26,41400,RENT,5.0,DEBTCONSOLIDATION,B,7300,9.45,0,0.18,N,4,2024-08-24
24,56000,MORTGAGE,8.0,EDUCATION,A,10000,7.49,0,0.18,N,3,2024-03-02
22,45999,RENT,1.0,VENTURE,A,7300,7.88,0,0.16,N,2,2024-06-19
23,50000,MORTGAGE,7.0,MEDICAL,D,7500,15.62,1,0.15,N,3,2024-05-26
25,56000,MORTGAGE,9.0,VENTURE,B,12375,11.49,0,0.22,N,4,2024-11-02
24,56000,MORTGAGE,2.0,EDUCATION,C,5250,12.87,0,0.09,N,2,2024-11-20
24,56000,MORTGAGE,5.0,MEDICAL,A,17400,5.99,0,0.31,N,2,2024-09-25
25,53600,RENT,1.0,EDUCATION,A,7300,8.0,0,0.14,N,4,2024-06-16
23,96000,RENT,7.0,EDUCATION,A,7300,8.49,0,0.08,N,4,2024-10-07
23,56000,MORTGAGE,4.0,VENTURE,A,6000,5.99,0,0.11,N,2,2024-11-14
22,56000,MORTGAGE,3.0,DEBTCONSOLIDATION,B,20000,10.99,0,0.36,N,4,2024-09-13
23,42000,RENT,1.0,VENTURE,B,7325,12.69,0,0.17,N,3,2024-09-27
24,12480,RENT,1.0,VENTURE,A,7350,6.92,1,0.59,N,2,2024-11-14
25,32500,RENT,5.0,MEDICAL,C,7350,13.43,0,0.23,Y,3,2024-10-10
24,33000,RENT,1.0,MEDICAL,B,7350,11.71,0,0.22,N,3,2024-05-26
23,56000,OWN,7.0,EDUCATION,B,20000,11.013786929274843,0,0.36,N,3,2024-01-11
23,42000,RENT,4.0,EDUCATION,B,7400,11.013786929274843,0,0.18,N,3,2024-07-12
25,57996,RENT,5.0,EDUCATION,B,7400,10.36,0,0.13,N,2,2024-12-14
26,56000,MORTGAGE,10.0,EDUCATION,A,6000,5.42,0,0.11,N,4,2024-07-12
24,72000,RENT,5.0,EDUCATION,D,7400,15.65,0,0.1,Y,3,2024-05-29
26,56000,MORTGAGE,10.0,EDUCATION,C,15000,14.35,0,0.27,N,2,2024-10-23
22,34359,RENT,6.0,EDUCATION,A,7475,9.63,0,0.22,N,2,2024-04-03
23,56000,MORTGAGE,4.0,EDUCATION,A,3000,6.76,0,0.05,N,3,2024-06-13
24,56000,OWN,8.0,EDUCATION,B,2000,11.49,0,0.04,N,2,2024-08-18
22,56000,MORTGAGE,6.0,PERSONAL,A,4750,7.14,0,0.08,N,2,2024-12-07
24,20796,RENT,2.0,VENTURE,A,7500,7.88,1,0.36,N,3,2024-05-13
23,56000,MORTGAGE,6.0,DEBTCONSOLIDATION,A,5500,7.51,0,0.1,N,4,2024-03-28
22,56000,MORTGAGE,5.0,MEDICAL,B,12000,10.99,0,0.21,N,2,2024-05-26
23,21000,RENT,6.0,DEBTCONSOLIDATION,A,7500,6.91,1,0.36,N,4,2024-12-25
23,56000,OWN,2.0,MEDICAL,B,15000,10.62,0,0.27,N,3,2024-07-03
25,21500,RENT,2.0,MEDICAL,C,7500,11.34,1,0.35,N,2,2024-05-11
22,22596,RENT,4.0,MEDICAL,B,7500,9.76,1,0.33,N,4,2024-10-20
24,23196,RENT,1.0,EDUCATION,D,7500,13.24,1,0.32,N,2,2024-05-13
25,24996,RENT,3.0,EDUCATION,C,7500,12.98,0,0.3,Y,3,2024-02-24
24,56000,MORTGAGE,5.0,VENTURE,A,13000,8.94,0,0.23,N,3,2024-01-29
22,25200,RENT,7.0,MEDICAL,D,7500,14.96,1,0.3,N,3,2024-04-02
26,26000,RENT,2.0,PERSONAL,B,7500,12.18,0,0.29,N,2,2024-04-30
23,56000,MORTGAGE,1.0,MEDICAL,A,10000,8.59,0,0.18,N,3,2024-04-27
23,56000,MORTGAGE,7.0,PERSONAL,F,13750,18.43,0,0.25,N,2,2024-02-21
23,26400,RENT,8.0,VENTURE,C,7500,12.73,0,0.28,N,4,2024-06-14
25,28128,RENT,2.0,EDUCATION,D,7500,15.33,1,0.27,Y,3,2024-06-26
23,30000,RENT,3.0,DEBTCONSOLIDATION,B,7500,11.013786929274843,0,0.25,N,4,2024-08-14
24,30000,RENT,8.0,EDUCATION,A,7500,5.79,0,0.25,N,2,2024-01-01
23,56000,MORTGAGE,7.0,PERSONAL,B,4500,11.83,0,0.08,N,4,2024-06-14
26,56000,MORTGAGE,11.0,MEDICAL,B,12000,11.89,0,0.21,N,3,2024-12-16
26,30000,RENT,1.0,PERSONAL,E,7500,14.75,1,0.25,N,3,2024-03-18
23,30000,RENT,1.0,PERSONAL,D,7500,13.24,1,0.25,Y,3,2024-05-03
23,56000,MORTGAGE,3.0,MEDICAL,C,7500,13.79,0,0.13,Y,3,2024-08-27
22,31200,RENT,3.0,PERSONAL,B,7500,9.91,0,0.24,N,4,2024-07-11
22,31875,RENT,3.0,EDUCATION,C,7500,13.11,0,0.24,N,2,2024-11-29
26,32000,RENT,1.0,MEDICAL,C,7500,13.79,0,0.23,Y,3,2024-06-25
22,33000,RENT,2.0,EDUCATION,B,7500,11.013786929274843,0,0.23,N,4,2024-08-21
26,34000,RENT,5.0,DEBTCONSOLIDATION,A,7500,7.9,1,0.22,N,3,2024-05-06
22,56004,MORTGAGE,6.0,MEDICAL,B,6000,11.86,0,0.11,N,3,2024-01-19
22,56004,MORTGAGE,6.0,MEDICAL,A,6000,7.88,0,0.11,N,4,2024-10-11
22,56004,OWN,5.0,EDUCATION,C,12000,13.98,0,0.21,N,3,2024-05-20
22,56004,MORTGAGE,6.0,DEBTCONSOLIDATION,A,2000,7.51,0,0.04,N,4,2024-11-13
22,34404,RENT,2.0,HOMEIMPROVEMENT,D,7500,15.05,1,0.22,N,2,2024-03-17
26,56004,MORTGAGE,10.0,EDUCATION,C,20000,13.57,0,0.36,Y,4,2024-12-12
26,56004,MORTGAGE,3.0,EDUCATION,A,13000,8.59,0,0.23,N,3,2024-06-22
26,56004,OWN,2.0,MEDICAL,A,10000,9.32,0,0.18,N,3,2024-12-17
23,34780,RENT,5.0,PERSONAL,D,7500,12.61,0,0.22,N,4,2024-06-27
25,35000,RENT,2.0,DEBTCONSOLIDATION,B,7500,10.99,0,0.21,N,2,2024-06-25
24,50160,MORTGAGE,2.0,EDUCATION,D,6000,15.62,1,0.12,N,2,2024-10-12
23,56160,MORTGAGE,2.0,PERSONAL,B,3050,10.59,0,0.05,N,2,2024-11-05
26,36000,RENT,10.0,VENTURE,B,7500,10.59,0,0.21,N,3,2024-03-07
26,30320,RENT,2.0,PERSONAL,B,7500,12.18,1,0.25,N,3,2024-11-18
22,56368,MORTGAGE,5.0,EDUCATION,C,6000,12.99,0,0.11,N,2,2024-07-11
22,36750,RENT,6.0,EDUCATION,D,7500,14.84,0,0.2,N,3,2024-12-26
25,50400,MORTGAGE,9.0,DEBTCONSOLIDATION,D,12000,16.89,1,0.24,N,4,2024-05-26
22,56400,MORTGAGE,6.0,EDUCATION,D,17300,15.62,0,0.31,N,4,2024-07-31
25,37676,RENT,6.0,PERSONAL,A,7500,8.32,0,0.2,N,4,2024-07-26
22,38000,RENT,5.0,PERSONAL,A,7500,5.79,0,0.2,N,4,2024-04-30
26,38400,RENT,10.0,MEDICAL,D,7500,17.58,0,0.2,N,2,2024-07-19
22,32400,RENT,6.0,VENTURE,C,7500,14.27,1,0.23,N,2,2024-03-13
23,56500,MORTGAGE,7.0,MEDICAL,A,9800,11.013786929274843,0,0.17,N,2,2024-12-18
23,40000,RENT,7.0,VENTURE,B,7500,12.69,0,0.19,N,2,2024-09-20
23,56600,OWN,3.0,MEDICAL,B,12000,10.38,0,0.21,N,2,2024-08-20
24,40000,RENT,1.0,PERSONAL,A,7500,5.79,0,0.19,N,4,2024-01-13
22,56650,MORTGAGE,2.0,MEDICAL,B,6500,10.65,0,0.11,N,2,2024-10-29
25,56655,MORTGAGE,9.0,VENTURE,C,20000,13.61,0,0.35,N,2,2024-08-02
23,56700,MORTGAGE,7.0,EDUCATION,A,12000,5.42,0,0.21,N,2,2024-06-20
26,56700,MORTGAGE,3.0,DEBTCONSOLIDATION,A,6000,9.63,0,0.11,N,4,2024-06-06
26,56810,MORTGAGE,10.0,DEBTCONSOLIDATION,C,2500,11.013786929274843,0,0.04,Y,3,2024-10-17
22,34000,RENT,2.0,MEDICAL,C,7500,12.53,1,0.22,Y,4,2024-02-27
25,56900,MORTGAGE,9.0,PERSONAL,A,25000,7.51,0,0.44,N,3,2024-07-11
23,56900,MORTGAGE,7.0,MEDICAL,B,11200,11.013786929274843,0,0.2,N,3,2024-04-22
22,56902,MORTGAGE,6.0,DEBTCONSOLIDATION,A,12000,7.14,0,0.21,N,4,2024-12-25
23,56996,OWN,2.0,VENTURE,A,9575,9.63,0,0.17,N,4,2024-04-27
22,40906,RENT,4.0,VENTURE,B,7500,9.63,0,0.18,N,2,2024-07-02
22,57000,MORTGAGE,4.0,EDUCATION,A,12875,7.9,0,0.23,N,2,2024-11-06
23,42000,RENT,1.0,PERSONAL,B,7500,10.33,0,0.18,N,4,2024-09-22
23,36000,RENT,1.0,PERSONAL,D,7500,12.61,1,0.21,Y,2,2024-01-10
22,57000,MORTGAGE,6.0,PERSONAL,B,11425,9.91,0,0.2,N,4,2024-03-02
25,57000,MORTGAGE,5.0,PERSONAL,A,13000,8.9,0,0.23,N,2,2024-04-21
22,57000,MORTGAGE,6.0,VENTURE,B,7200,11.013786929274843,0,0.13,N,2,2024-09-29
25,51000,MORTGAGE,9.0,DEBTCONSOLIDATION,D,5500,16.77,1,0.11,Y,2,2024-04-23
22,57000,MORTGAGE,2.0,MEDICAL,C,5950,13.49,0,0.1,Y,3,2024-07-19
25,39000,RENT,9.0,MEDICAL,D,7500,15.62,1,0.19,Y,2,2024-09-20
26,57000,MORTGAGE,6.0,MEDICAL,C,9000,12.99,0,0.16,Y,4,2024-12-02
26,57000,MORTGAGE,10.0,VENTURE,A,14000,5.42,0,0.25,N,4,2024-01-25
24,57000,MORTGAGE,8.0,HOMEIMPROVEMENT,B,19725,9.99,0,0.35,N,2,2024-11-09
23,45000,RENT,5.0,EDUCATION,D,7500,15.37,0,0.17,Y,4,2024-10-02
22,39000,RENT,1.0,VENTURE,D,7500,11.013786929274843,1,0.19,Y,4,2024-09-09
24,57000,MORTGAGE,8.0,EDUCATION,A,6000,5.99,0,0.11,N,3,2024-06-19
26,57000,MORTGAGE,4.0,EDUCATION,C,12000,13.49,0,0.21,Y,2,2024-12-16
22,57000,MORTGAGE,1.0,VENTURE,A,3200,5.99,0,0.06,N,4,2024-09-07
26,45450,RENT,2.0,MEDICAL,B,7500,11.14,0,0.17,N,3,2024-04-05
22,45600,RENT,6.0,EDUCATION,C,7500,11.013786929274843,0,0.16,N,4,2024-06-28
26,46800,RENT,6.0,DEBTCONSOLIDATION,B,7500,9.99,0,0.16,N,3,2024-02-28
23,57000,MORTGAGE,7.0,PERSONAL,A,9250,5.99,0,0.16,N,4,2024-02-07
25,57000,OWN,9.0,MEDICAL,B,12000,10.59,0,0.21,N,3,2024-02-06
23,48000,RENT,4.0,MEDICAL,A,7500,5.79,0,0.16,N,4,2024-05-07
22,42000,RENT,7.0,DEBTCONSOLIDATION,E,7500,17.04,1,0.18,N,2,2024-10-04
25,48000,RENT,9.0,DEBTCONSOLIDATION,C,7500,12.53,0,0.16,N,3,2024-09-26
23,57000,MORTGAGE,1.0,MEDICAL,C,4200,12.68,0,0.07,Y,4,2024-01-25
24,57000,MORTGAGE,5.0,EDUCATION,A,8000,5.42,0,0.14,N,3,2024-07-07
24,57000,MORTGAGE,8.0,VENTURE,D,14000,14.91,0,0.25,N,4,2024-03-29
23,57000,MORTGAGE,5.0,VENTURE,B,18000,11.11,0,0.32,N,2,2024-01-31
25,48659,RENT,4.0,EDUCATION,B,7500,11.013786929274843,0,0.15,N,4,2024-03-03
23,57000,MORTGAGE,6.0,PERSONAL,A,7000,11.013786929274843,0,0.12,N,2,2024-07-28
22,49000,RENT,7.0,PERSONAL,A,7500,6.62,0,0.15,N,3,2024-09-15
25,57000,MORTGAGE,5.0,HOMEIMPROVEMENT,D,11200,14.46,0,0.2,Y,4,2024-06-02
22,43000,RENT,1.0,VENTURE,D,7500,14.96,1,0.17,N,3,2024-10-27
25,50000,RENT,3.0,PERSONAL,B,7500,10.99,0,0.15,N,2,2024-07-01
23,57000,MORTGAGE,6.0,EDUCATION,D,17500,14.09,0,0.31,Y,3,2024-07-29
22,50000,RENT,1.0,MEDICAL,A,7500,8.94,0,0.15,N,3,2024-08-01
25,44000,RENT,7.0,MEDICAL,C,7500,13.92,1,0.17,N,3,2024-11-21
22,51000,MORTGAGE,3.0,HOMEIMPROVEMENT,B,12000,11.86,1,0.24,N,3,2024-07-20
24,50000,RENT,2.0,HOMEIMPROVEMENT,B,7500,10.01,0,0.15,N,3,2024-11-04
22,57000,MORTGAGE,6.0,EDUCATION,A,7000,7.14,0,0.12,N,3,2024-03-13
25,57000,OWN,5.0,PERSONAL,C,12000,13.23,0,0.21,N,3,2024-03-18
22,50000,RENT,1.0,PERSONAL,A,7500,8.32,0,0.15,N,4,2024-04-21
26,51000,MORTGAGE,5.0,MEDICAL,D,7000,15.21,1,0.14,N,4,2024-09-19
22,57000,MORTGAGE,5.0,PERSONAL,B,7500,11.86,0,0.13,N,3,2024-10-22
22,44400,RENT,4.0,DEBTCONSOLIDATION,A,7500,8.49,1,0.17,N,4,2024-11-21
22,57000,MORTGAGE,5.0,PERSONAL,B,7500,10.25,0,0.13,N,2,2024-08-15
26,51000,MORTGAGE,10.0,MEDICAL,D,13000,15.33,1,0.25,Y,3,2024-01-17
22,51000,RENT,6.0,PERSONAL,A,7500,5.99,0,0.15,N,2,2024-02-12
22,57000,MORTGAGE,6.0,EDUCATION,B,11400,12.53,0,0.2,N,3,2024-04-10
22,51000,RENT,6.0,EDUCATION,C,7500,11.013786929274843,0,0.15,N,4,2024-08-16
23,52000,RENT,7.0,VENTURE,B,7500,10.38,0,0.14,N,2,2024-02-17
24,51000,MORTGAGE,8.0,DEBTCONSOLIDATION,B,12000,11.013786929274843,1,0.24,N,3,2024-11-10
22,55000,RENT,6.0,DEBTCONSOLIDATION,A,7500,6.03,0,0.14,N,2,2024-01-08
26,57000,MORTGAGE,10.0,VENTURE,B,2500,11.58,0,0.04,N,3,2024-02-25
24,57000,OWN,8.0,EDUCATION,A,9000,8.0,0,0.16,N,4,2024-07-04
24,57000,MORTGAGE,3.0,VENTURE,A,5500,8.0,0,0.1,N,3,2024-01-16
23,57000,OWN,7.0,EDUCATION,B,4200,10.51,0,0.07,N,3,2024-08-27
24,55000,RENT,1.0,HOMEIMPROVEMENT,B,7500,12.53,0,0.14,N,2,2024-08-23
25,57000,OWN,4.0,MEDICAL,A,900,8.63,0,0.02,N,4,2024-09-12
22,57000,MORTGAGE,6.0,EDUCATION,B,25000,9.01,0,0.44,N,2,2024-12-08
25,57000,MORTGAGE,5.0,VENTURE,C,7250,10.59,0,0.13,N,4,2024-10-30
26,57006,MORTGAGE,10.0,DEBTCONSOLIDATION,A,6000,6.17,0,0.11,N,2,2024-12-31
23,57000,RENT,8.0,EDUCATION,C,7500,11.97,0,0.13,N,4,2024-12-18
23,57600,RENT,5.0,MEDICAL,C,7500,13.85,0,0.13,N,3,2024-11-01
26,57068,OWN,2.0,VENTURE,C,1600,15.23,0,0.03,Y,4,2024-08-16
22,52000,RENT,1.0,HOMEIMPROVEMENT,D,7500,11.013786929274843,1,0.14,Y,4,2024-10-13
23,57188,MORTGAGE,7.0,VENTURE,A,17450,6.62,0,0.31,N,3,2024-05-20
23,59000,RENT,7.0,EDUCATION,A,7500,6.54,0,0.13,N,2,2024-09-03
25,53000,RENT,3.0,MEDICAL,D,7500,12.92,1,0.14,N,4,2024-08-09
22,57200,MORTGAGE,7.0,DEBTCONSOLIDATION,A,7500,7.51,0,0.13,N,3,2024-11-01
25,57200,MORTGAGE,1.0,EDUCATION,A,2400,7.49,0,0.04,N,2,2024-03-24
22,57200,MORTGAGE,4.0,EDUCATION,A,7000,7.51,0,0.12,N,2,2024-05-18
25,60000,RENT,6.0,MEDICAL,C,7500,14.27,0,0.13,Y,2,2024-09-09
22,57204,MORTGAGE,6.0,EDUCATION,D,9000,15.58,0,0.16,Y,3,2024-04-09
22,60000,RENT,6.0,MEDICAL,B,7500,9.99,0,0.13,N,3,2024-09-09
23,60000,RENT,4.0,PERSONAL,A,7500,7.66,0,0.13,N,2,2024-03-13
25,57400,MORTGAGE,9.0,DEBTCONSOLIDATION,A,8475,6.99,0,0.15,N,2,2024-04-11
24,57431,MORTGAGE,8.0,PERSONAL,A,4000,6.76,0,0.07,N,3,2024-03-20
22,60000,RENT,3.0,PERSONAL,A,7500,6.17,0,0.13,N,3,2024-09-19
22,60000,RENT,1.0,VENTURE,B,7500,11.013786929274843,0,0.13,N,4,2024-09-02
23,57468,MORTGAGE,8.0,EDUCATION,B,14075,9.91,0,0.24,N,2,2024-08-13
23,60000,RENT,8.0,VENTURE,A,7500,9.07,0,0.13,N,2,2024-10-23
22,60000,RENT,6.0,EDUCATION,C,7500,11.34,0,0.13,Y,4,2024-01-19
26,64000,RENT,8.0,DEBTCONSOLIDATION,B,7500,9.83,0,0.12,N,3,2024-11-06
25,57500,MORTGAGE,5.0,MEDICAL,C,12275,11.013786929274843,0,0.21,Y,3,2024-12-27
26,57500,MORTGAGE,2.0,DEBTCONSOLIDATION,A,7750,6.76,0,0.13,N,3,2024-07-04
25,51500,OTHER,1.0,MEDICAL,D,13000,16.07,1,0.25,N,2,2024-12-22
26,66000,RENT,2.0,EDUCATION,A,7500,6.62,0,0.11,N,2,2024-07-14
25,67000,RENT,7.0,MEDICAL,B,7500,12.18,0,0.11,N,4,2024-10-22
23,57504,MORTGAGE,1.0,DEBTCONSOLIDATION,A,9000,6.54,0,0.16,N,3,2024-08-10
23,57504,MORTGAGE,7.0,PERSONAL,A,10000,8.59,0,0.17,N,2,2024-06-17
22,57564,MORTGAGE,6.0,MEDICAL,B,21000,11.48,0,0.36,N,3,2024-04-10
22,67500,RENT,1.0,VENTURE,B,7500,9.76,0,0.11,N,2,2024-04-05
23,68000,RENT,1.0,EDUCATION,B,7500,11.49,0,0.11,N,3,2024-11-19
24,57600,MORTGAGE,8.0,HOMEIMPROVEMENT,A,10500,6.62,0,0.18,N,3,2024-12-30
26,57600,MORTGAGE,10.0,MEDICAL,B,1800,12.42,0,0.03,N,3,2024-04-25
22,57600,OWN,6.0,VENTURE,A,6500,7.49,0,0.11,N,3,2024-04-22
23,51600,MORTGAGE,1.0,PERSONAL,B,4800,10.99,1,0.09,N,3,2024-02-13
23,62844,RENT,7.0,HOMEIMPROVEMENT,C,7500,11.97,1,0.12,N,4,2024-02-08
22,57600,MORTGAGE,6.0,VENTURE,B,6000,10.74,0,0.1,N,3,2024-04-10
24,57600,MORTGAGE,9.0,VENTURE,B,6500,11.013786929274843,0,0.11,N,2,2024-04-01
24,69996,RENT,5.0,VENTURE,A,7500,7.49,0,0.11,N,2,2024-09-12
22,57600,MORTGAGE,1.0,PERSONAL,B,6000,10.0,0,0.1,N,2,2024-07-17
22,57600,MORTGAGE,2.0,DEBTCONSOLIDATION,C,4000,11.013786929274843,0,0.07,Y,2,2024-11-10
23,57600,MORTGAGE,6.0,DEBTCONSOLIDATION,A,4000,5.42,0,0.07,N,2,2024-02-28
23,57600,MORTGAGE,7.0,PERSONAL,A,5000,5.79,0,0.09,N,3,2024-12-09
23,57600,MORTGAGE,7.0,DEBTCONSOLIDATION,A,4000,11.013786929274843,0,0.07,N,3,2024-01-16
22,72000,RENT,3.0,EDUCATION,C,7500,11.41,0,0.1,N,3,2024-04-22
23,75000,RENT,8.0,EDUCATION,C,7500,13.48,0,0.1,Y,3,2024-05-31
23,75000,RENT,4.0,EDUCATION,B,7500,11.83,0,0.1,N,2,2024-01-28
25,57600,MORTGAGE,4.0,PERSONAL,A,7000,7.88,0,0.12,N,3,2024-04-13
23,57600,MORTGAGE,7.0,EDUCATION,C,10000,13.11,0,0.17,N,3,2024-12-19
25,58650,RENT,5.0,MEDICAL,D,7500,15.37,1,0.11,N,4,2024-04-29
23,57664,MORTGAGE,4.0,EDUCATION,A,10000,6.62,0,0.17,N,4,2024-06-17
25,74004,RENT,2.0,DEBTCONSOLIDATION,D,7500,12.61,1,0.1,Y,4,2024-01-14
23,57700,MORTGAGE,7.0,PERSONAL,B,3500,10.65,0,0.06,N,4,2024-03-20
25,57700,MORTGAGE,9.0,HOMEIMPROVEMENT,A,9000,11.013786929274843,0,0.16,N,3,2024-12-09
23,57738,MORTGAGE,7.0,EDUCATION,A,7000,7.14,0,0.12,N,4,2024-09-01
23,57744,MORTGAGE,7.0,PERSONAL,B,2500,10.37,0,0.04,N,2,2024-08-10
23,87000,RENT,1.0,DEBTCONSOLIDATION,B,7500,10.33,0,0.09,N,2,2024-09-30
23,90000,RENT,5.0,VENTURE,D,7500,15.58,0,0.08,Y,3,2024-09-14
22,66300,RENT,3.0,MEDICAL,D,7500,14.96,1,0.1,N,2,2024-11-22
23,90000,RENT,7.0,EDUCATION,C,7500,11.03,0,0.08,N,4,2024-08-06
23,57850,MORTGAGE,8.0,EDUCATION,B,4000,10.99,0,0.07,N,2,2024-12-23
22,57860,MORTGAGE,1.0,EDUCATION,C,20000,11.41,0,0.35,N,3,2024-02-02
22,57900,MORTGAGE,3.0,EDUCATION,A,4850,8.49,0,0.08,N,2,2024-03-23
24,79500,RENT,2.0,VENTURE,D,7500,16.89,1,0.09,N,4,2024-09-08
22,57996,MORTGAGE,4.0,VENTURE,A,21250,6.91,0,0.37,N,4,2024-05-27
24,100300,RENT,3.0,MEDICAL,B,7500,11.49,0,0.07,N,4,2024-08-26
23,57996,MORTGAGE,5.0,EDUCATION,A,8800,7.51,0,0.15,N,2,2024-10-04
23,115275,RENT,7.0,DEBTCONSOLIDATION,C,7500,11.28,0,0.07,Y,4,2024-02-27
26,116600,RENT,2.0,HOMEIMPROVEMENT,C,7500,11.59,0,0.06,Y,3,2024-09-05
23,116700,RENT,2.0,EDUCATION,C,7500,11.013786929274843,0,0.06,N,4,2024-04-29
22,57996,MORTGAGE,2.0,VENTURE,B,2500,12.53,0,0.04,N,3,2024-03-01
26,108000,RENT,2.0,DEBTCONSOLIDATION,D,7500,16.77,1,0.07,Y,3,2024-10-21
24,57996,MORTGAGE,5.0,HOMEIMPROVEMENT,B,2400,11.89,0,0.04,N,4,2024-10-21
25,125000,RENT,3.0,HOMEIMPROVEMENT,B,7500,12.69,0,0.06,N,4,2024-10-11
26,51996,MORTGAGE,2.0,MEDICAL,E,6500,15.68,1,0.13,N,4,2024-03-04
23,57996,MORTGAGE,7.0,DEBTCONSOLIDATION,A,7200,11.013786929274843,0,0.12,N,2,2024-01-27
26,58000,MORTGAGE,5.0,MEDICAL,B,31300,11.71,0,0.54,N,3,2024-12-08
26,50000,RENT,3.0,EDUCATION,B,7525,11.49,0,0.15,N,2,2024-05-10
24,20400,RENT,3.0,VENTURE,C,7550,14.79,1,0.37,N,4,2024-01-05
25,58000,MORTGAGE,7.0,DEBTCONSOLIDATION,B,7200,11.71,0,0.12,N,3,2024-01-18
24,58000,MORTGAGE,8.0,DEBTCONSOLIDATION,A,15700,7.9,0,0.27,N,3,2024-03-26
24,58000,MORTGAGE,3.0,EDUCATION,D,11000,16.77,0,0.19,N,4,2024-08-28
22,70000,RENT,4.0,VENTURE,A,7550,7.51,0,0.11,N,2,2024-12-03
26,56950,RENT,10.0,MEDICAL,B,7550,9.99,1,0.11,N,3,2024-01-25
24,58000,MORTGAGE,3.0,PERSONAL,D,15000,11.013786929274843,0,0.26,N,4,2024-09-29
25,54000,RENT,7.0,HOMEIMPROVEMENT,A,7575,6.99,0,0.14,N,4,2024-01-07
22,58000,OWN,6.0,MEDICAL,B,20000,11.99,0,0.34,N,4,2024-11-03
22,52000,MORTGAGE,6.0,DEBTCONSOLIDATION,D,14825,15.62,1,0.29,N,3,2024-04-28
25,39000,RENT,3.0,MEDICAL,C,7600,12.84,1,0.19,N,3,2024-03-17
25,60000,RENT,1.0,HOMEIMPROVEMENT,B,7600,12.21,0,0.13,N,4,2024-06-02
26,67000,RENT,2.0,VENTURE,B,7600,10.0,0,0.11,N,4,2024-03-15
24,58000,MORTGAGE,5.0,DEBTCONSOLIDATION,A,7000,6.99,0,0.12,N,4,2024-02-14
25,61680,RENT,1.0,VENTURE,C,7600,13.23,1,0.12,N,4,2024-08-30
26,58000,MORTGAGE,5.0,PERSONAL,A,10000,11.013786929274843,0,0.17,N,4,2024-01-10
24,58000,MORTGAGE,3.0,HOMEIMPROVEMENT,A,6000,5.42,0,0.1,N,4,2024-06-15
24,58000,MORTGAGE,8.0,DEBTCONSOLIDATION,A,3000,5.42,0,0.05,N,4,2024-07-01
24,76554,RENT,8.0,HOMEIMPROVEMENT,D,7600,12.61,0,0.1,N,2,2024-02-28
23,57000,RENT,5.0,VENTURE,B,7650,11.71,0,0.13,N,4,2024-05-23
26,58000,MORTGAGE,2.0,PERSONAL,A,3000,6.92,0,0.05,N,4,2024-05-13
25,65000,RENT,6.0,PERSONAL,D,7675,15.33,0,0.12,Y,3,2024-10-25
24,52000,MORTGAGE,8.0,EDUCATION,D,5000,15.28,1,0.1,N,4,2024-08-26
25,24000,RENT,6.0,PERSONAL,A,7700,8.9,1,0.32,N,3,2024-08-26
24,58000,MORTGAGE,8.0,EDUCATION,C,8000,13.43,0,0.14,N,4,2024-11-09
22,58000,MORTGAGE,1.0,VENTURE,A,4000,7.29,0,0.07,N,3,2024-05-07
23,29772,RENT,3.0,PERSONAL,D,7700,16.77,1,0.26,Y,4,2024-08-17
22,58000,OWN,6.0,EDUCATION,D,10000,14.83,0,0.17,N,2,2024-05-23
22,58000,MORTGAGE,4.0,MEDICAL,A,11050,6.54,0,0.19,N,4,2024-01-09
25,58000,MORTGAGE,9.0,MEDICAL,A,8500,7.14,0,0.15,N,3,2024-10-06
24,96408,RENT,1.0,EDUCATION,C,7700,12.53,0,0.08,Y,4,2024-06-22
22,19680,RENT,2.0,EDUCATION,D,7750,14.83,1,0.39,Y,3,2024-11-21
22,23000,RENT,2.0,EDUCATION,C,7750,11.013786929274843,1,0.34,Y,4,2024-02-11
23,58000,MORTGAGE,8.0,VENTURE,C,8000,13.61,0,0.14,Y,3,2024-01-23
26,24000,RENT,1.0,DEBTCONSOLIDATION,C,7750,14.35,1,0.32,N,3,2024-05-01
23,58000,OWN,4.0,MEDICAL,C,6400,13.48,0,0.11,Y,3,2024-07-02
25,58000,MORTGAGE,8.0,HOMEIMPROVEMENT,C,17500,13.11,0,0.3,Y,4,2024-03-25
23,58000,OWN,4.0,MEDICAL,B,15000,10.25,0,0.26,N,3,2024-04-04
26,58000,MORTGAGE,10.0,VENTURE,B,5000,10.62,0,0.09,N,2,2024-06-14
23,58000,MORTGAGE,3.0,DEBTCONSOLIDATION,A,5000,7.14,0,0.09,N,2,2024-07-14
26,29760,RENT,6.0,MEDICAL,B,7750,9.62,0,0.26,N,4,2024-04-11
24,30000,RENT,6.0,EDUCATION,E,7750,11.013786929274843,0,0.26,Y,2,2024-11-15
24,33000,RENT,2.0,VENTURE,F,7750,11.013786929274843,1,0.23,N,2,2024-06-19
23,29000,RENT,6.0,MEDICAL,D,7750,14.59,1,0.27,Y,3,2024-08-21
25,58000,MORTGAGE,9.0,MEDICAL,B,10400,12.18,0,0.18,N,2,2024-12-18
22,52000,MORTGAGE,6.0,VENTURE,D,6000,11.013786929274843,1,0.12,Y,3,2024-06-06
23,52000,MORTGAGE,7.0,PERSONAL,B,5000,11.48,1,0.1,N,2,2024-09-26
22,48000,RENT,1.0,PERSONAL,A,7750,7.74,0,0.16,N,2,2024-04-10
25,49000,RENT,2.0,MEDICAL,A,7750,9.63,0,0.16,N,4,2024-03-12
25,100000,RENT,9.0,PERSONAL,B,7750,9.99,1,0.08,N,4,2024-08-21
24,58000,MORTGAGE,6.0,DEBTCONSOLIDATION,A,2200,7.4,0,0.04,N,3,2024-11-18
22,33000,RENT,5.0,DEBTCONSOLIDATION,B,7800,10.99,0,0.24,N,3,2024-05-12
24,33600,RENT,1.0,PERSONAL,D,7800,16.49,1,0.23,N,4,2024-09-10
25,58000,MORTGAGE,4.0,MEDICAL,B,17000,10.95,0,0.29,N,4,2024-01-07
22,58000,OWN,5.0,EDUCATION,C,4500,13.16,0,0.08,N,2,2024-12-13
26,36000,RENT,3.0,VENTURE,C,7800,14.27,0,0.22,N,2,2024-09-28
22,58000,OTHER,3.0,DEBTCONSOLIDATION,C,15000,13.79,0,0.26,Y,4,2024-09-07
26,38000,RENT,6.0,VENTURE,B,7800,12.53,0,0.21,N,4,2024-02-08
26,58000,MORTGAGE,5.0,MEDICAL,C,12000,13.16,0,0.21,Y,4,2024-09-20
24,40000,RENT,1.0,MEDICAL,A,7800,11.013786929274843,0,0.2,N,2,2024-06-17
25,58000,MORTGAGE,2.0,PERSONAL,D,2750,12.86,0,0.05,Y,4,2024-04-05
25,58000,MORTGAGE,5.0,HOMEIMPROVEMENT,D,10000,13.24,0,0.17,N,4,2024-07-24
22,52000,MORTGAGE,6.0,EDUCATION,D,10000,13.87,1,0.19,Y,2,2024-04-02
25,43000,RENT,2.0,VENTURE,A,7800,7.14,0,0.18,N,3,2024-09-15
25,58000,MORTGAGE,5.0,EDUCATION,A,3150,6.17,0,0.05,N,4,2024-06-27
26,43000,RENT,5.0,MEDICAL,A,7800,7.88,0,0.18,N,2,2024-02-10
23,43955,RENT,7.0,EDUCATION,D,7800,15.62,0,0.18,N,3,2024-08-17
24,45000,RENT,3.0,PERSONAL,A,7800,7.51,0,0.17,N,3,2024-11-05
24,54000,RENT,2.0,DEBTCONSOLIDATION,A,7800,7.9,0,0.14,N,4,2024-08-04
26,58125,MORTGAGE,10.0,VENTURE,B,6000,10.25,0,0.1,N,2,2024-09-08
24,49000,RENT,2.0,VENTURE,D,7800,15.62,1,0.16,N,2,2024-12-19
25,59000,RENT,2.0,VENTURE,B,7800,12.21,0,0.13,N,2,2024-07-01
22,60000,RENT,6.0,VENTURE,D,7800,15.21,0,0.13,N,4,2024-12-29
22,58200,MORTGAGE,1.0,EDUCATION,C,10000,12.53,0,0.17,N,2,2024-02-28
23,58200,MORTGAGE,2.0,DEBTCONSOLIDATION,B,13000,11.013786929274843,0,0.22,N,2,2024-05-05
23,59004,RENT,1.0,DEBTCONSOLIDATION,D,7800,15.99,1,0.13,Y,3,2024-04-25
26,78000,RENT,6.0,VENTURE,D,7800,16.77,0,0.1,N,3,2024-08-28
23,80000,RENT,2.0,VENTURE,B,7800,9.99,0,0.1,N,2,2024-04-22
24,26000,RENT,3.0,MEDICAL,B,7850,9.96,0,0.3,N,2,2024-09-28
23,58500,MORTGAGE,6.0,MEDICAL,A,4000,8.0,0,0.07,N,2,2024-06-29
25,58560,MORTGAGE,9.0,DEBTCONSOLIDATION,B,5000,10.59,0,0.09,N,4,2024-03-19
23,58560,MORTGAGE,7.0,MEDICAL,B,8000,12.21,0,0.14,N,3,2024-12-29
23,58600,MORTGAGE,6.0,PERSONAL,A,7800,7.9,0,0.13,N,4,2024-02-27
22,28000,RENT,7.0,VENTURE,B,7900,9.99,0,0.28,N,2,2024-06-13
22,58608,MORTGAGE,6.0,EDUCATION,A,12000,6.03,0,0.2,N,4,2024-12-31
22,52650,MORTGAGE,1.0,DEBTCONSOLIDATION,F,19200,17.26,1,0.36,N,4,2024-09-12
23,30000,RENT,4.0,DEBTCONSOLIDATION,C,7925,15.27,0,0.26,Y,4,2024-06-17
26,52704,MORTGAGE,8.0,HOMEIMPROVEMENT,B,3000,10.95,1,0.06,N,4,2024-02-20
25,58750,MORTGAGE,6.0,HOMEIMPROVEMENT,D,6000,15.33,0,0.1,Y,3,2024-05-26
22,58800,MORTGAGE,6.0,EDUCATION,B,5100,10.99,0,0.09,N,4,2024-04-25
22,14400,RENT,3.0,HOMEIMPROVEMENT,B,8000,9.99,1,0.56,N,4,2024-03-19
22,19200,RENT,4.0,HOMEIMPROVEMENT,D,8000,16.29,1,0.42,Y,3,2024-04-16
22,58896,MORTGAGE,6.0,PERSONAL,A,9500,6.76,0,0.16,N,3,2024-12-26
24,19200,RENT,1.0,HOMEIMPROVEMENT,C,8000,13.61,1,0.42,Y,3,2024-01-04
26,58900,MORTGAGE,8.0,PERSONAL,A,6400,8.63,0,0.11,N,3,2024-04-01
22,19800,RENT,4.0,MEDICAL,A,8000,11.013786929274843,1,0.4,N,4,2024-09-27
24,20000,RENT,5.0,EDUCATION,B,8000,10.99,1,0.4,N,4,2024-11-05
22,59000,MORTGAGE,5.0,MEDICAL,A,6000,11.013786929274843,0,0.1,N,2,2024-12-28
26,59000,MORTGAGE,9.0,PERSONAL,A,6000,7.51,0,0.1,N,4,2024-11-19
23,59000,MORTGAGE,7.0,PERSONAL,A,3600,7.51,0,0.06,N,2,2024-02-22
23,53000,MORTGAGE,6.0,DEBTCONSOLIDATION,B,6000,10.65,1,0.11,N,3,2024-08-16
25,59000,MORTGAGE,5.0,HOMEIMPROVEMENT,A,6000,6.99,0,0.1,N,3,2024-08-11
22,59000,MORTGAGE,6.0,EDUCATION,B,10000,10.99,0,0.17,N,4,2024-02-01
22,21000,RENT,7.0,EDUCATION,D,8000,16.77,1,0.38,Y,2,2024-10-05
23,59000,MORTGAGE,5.0,EDUCATION,A,13000,5.42,0,0.22,N,4,2024-03-12
23,59000,MORTGAGE,7.0,VENTURE,A,2000,5.42,0,0.03,N,2,2024-02-27
22,59000,MORTGAGE,1.0,MEDICAL,A,15000,5.99,0,0.25,N,3,2024-08-06
25,53000,MORTGAGE,9.0,MEDICAL,A,10625,11.013786929274843,1,0.2,N,4,2024-08-16
22,59000,MORTGAGE,6.0,DEBTCONSOLIDATION,A,6400,11.013786929274843,0,0.11,N,4,2024-06-15
22,21600,RENT,3.0,MEDICAL,B,8000,11.49,1,0.37,N,3,2024-01-17
24,53000,MORTGAGE,6.0,MEDICAL,D,5000,15.62,1,0.09,N,4,2024-10-10
23,59000,MORTGAGE,7.0,EDUCATION,A,9000,8.49,0,0.15,N,3,2024-11-13
25,21996,RENT,3.0,HOMEIMPROVEMENT,C,8000,13.98,1,0.36,Y,2,2024-03-12
24,22100,RENT,4.0,EDUCATION,C,8000,13.23,1,0.36,N,2,2024-03-09
22,59000,MORTGAGE,1.0,EDUCATION,A,13375,6.92,0,0.23,N,4,2024-11-21
22,53000,MORTGAGE,6.0,EDUCATION,C,25000,13.8,1,0.47,N,3,2024-05-15
22,23400,RENT,2.0,MEDICAL,A,8000,8.59,1,0.34,N,2,2024-07-26
22,59000,MORTGAGE,4.0,EDUCATION,A,20000,6.91,0,0.34,N,4,2024-03-07
24,59000,MORTGAGE,5.0,PERSONAL,A,8000,6.54,0,0.14,N,4,2024-07-10
25,59000,OWN,6.0,HOMEIMPROVEMENT,A,5000,6.17,0,0.08,N,2,2024-06-24
23,24000,RENT,7.0,PERSONAL,A,8000,7.29,1,0.33,N,2,2024-10-16
25,59000,MORTGAGE,7.0,EDUCATION,B,25000,10.62,0,0.42,N,3,2024-05-08
26,59000,MORTGAGE,4.0,EDUCATION,B,3500,10.99,0,0.06,N,2,2024-09-04
26,25000,RENT,1.0,MEDICAL,B,8000,11.71,1,0.32,N,4,2024-12-29
25,25000,RENT,1.0,HOMEIMPROVEMENT,B,8000,12.42,1,0.32,N,3,2024-10-04
22,25000,RENT,4.0,VENTURE,B,8000,10.74,1,0.32,N,4,2024-04-15
23,25000,RENT,6.0,PERSONAL,C,8000,13.61,1,0.32,Y,4,2024-07-03
22,25000,RENT,6.0,EDUCATION,B,8000,11.36,1,0.32,N,2,2024-06-04
26,59000,MORTGAGE,7.0,HOMEIMPROVEMENT,B,500,9.76,0,0.01,N,2,2024-02-06
25,59000,MORTGAGE,6.0,MEDICAL,A,5100,8.32,0,0.09,N,3,2024-01-30
23,59004,OWN,3.0,VENTURE,A,4000,6.99,0,0.07,N,3,2024-08-27
23,25200,RENT,1.0,DEBTCONSOLIDATION,C,8000,12.73,1,0.32,N,4,2024-06-27
26,59020,MORTGAGE,10.0,PERSONAL,B,7000,10.0,0,0.12,N,2,2024-01-09
25,26000,RENT,4.0,MEDICAL,C,8000,12.87,1,0.31,N,4,2024-04-29
24,27000,RENT,3.0,VENTURE,A,8000,8.9,0,0.3,N,4,2024-12-30
24,59393,MORTGAGE,4.0,DEBTCONSOLIDATION,B,2400,12.69,0,0.04,N,4,2024-09-20
25,59400,MORTGAGE,9.0,EDUCATION,C,18500,12.73,0,0.31,N,2,2024-06-09
25,59436,MORTGAGE,1.0,DEBTCONSOLIDATION,A,7500,6.76,0,0.13,N,3,2024-12-27
25,28000,RENT,3.0,DEBTCONSOLIDATION,C,8000,14.65,0,0.29,Y,4,2024-10-31
26,59500,MORTGAGE,9.0,VENTURE,A,12000,6.62,0,0.2,N,3,2024-05-09
26,59500,MORTGAGE,8.0,PERSONAL,B,5100,10.37,0,0.09,N,4,2024-03-25
23,28000,RENT,8.0,DEBTCONSOLIDATION,A,8000,7.74,0,0.29,N,4,2024-01-27
24,28000,RENT,9.0,DEBTCONSOLIDATION,C,8000,12.84,0,0.29,N,4,2024-11-19
22,59600,MORTGAGE,6.0,PERSONAL,A,6000,5.42,0,0.1,N,3,2024-06-25
25,59650,MORTGAGE,9.0,PERSONAL,C,10000,13.61,0,0.17,Y,2,2024-04-10
24,28590,RENT,7.0,MEDICAL,D,8000,15.65,0,0.28,Y,2,2024-04-01
26,59700,MORTGAGE,5.0,VENTURE,B,15000,10.99,0,0.25,N,4,2024-06-24
22,53774,MORTGAGE,6.0,DEBTCONSOLIDATION,E,8600,19.42,1,0.16,N,2,2024-07-25
22,28800,RENT,6.0,EDUCATION,B,8000,11.49,0,0.28,N,2,2024-03-19
25,59796,MORTGAGE,4.0,HOMEIMPROVEMENT,B,7000,9.63,0,0.12,N,2,2024-10-29
23,59800,MORTGAGE,7.0,VENTURE,C,15000,15.96,0,0.25,Y,3,2024-09-05
26,53826,MORTGAGE,10.0,VENTURE,C,8500,14.79,1,0.16,N,3,2024-10-14
24,28800,RENT,5.0,MEDICAL,A,8000,11.013786929274843,0,0.28,N,2,2024-06-30
23,59928,OWN,7.0,EDUCATION,A,18000,6.91,0,0.3,N,3,2024-11-10
23,53950,MORTGAGE,8.0,EDUCATION,E,15000,16.63,1,0.28,Y,2,2024-05-11
22,59959,MORTGAGE,4.0,EDUCATION,B,6000,11.013786929274843,0,0.1,N,3,2024-06-26
26,28800,RENT,5.0,EDUCATION,D,8000,11.013786929274843,0,0.28,Y,3,2024-10-05
23,30000,RENT,2.0,EDUCATION,B,8000,12.42,0,0.27,N,2,2024-06-03
24,30000,RENT,3.0,MEDICAL,E,8000,11.013786929274843,0,0.27,Y,2,2024-03-31
22,30000,RENT,6.0,MEDICAL,A,8000,5.42,0,0.27,N,4,2024-10-15
26,54000,MORTGAGE,10.0,HOMEIMPROVEMENT,B,3600,12.69,1,0.07,N,4,2024-06-17
26,30000,RENT,5.0,PERSONAL,C,8000,12.99,0,0.27,N,2,2024-11-14
23,60000,MORTGAGE,5.0,DEBTCONSOLIDATION,B,10000,11.71,0,0.17,N,4,2024-05-27
26,60000,MORTGAGE,9.0,PERSONAL,C,7200,13.49,0,0.12,N,2,2024-03-13
25,30000,RENT,6.0,DEBTCONSOLIDATION,B,8000,10.74,0,0.27,N,3,2024-06-17
26,30000,RENT,1.0,MEDICAL,B,8000,10.0,0,0.27,N,3,2024-09-20
24,30000,RENT,8.0,PERSONAL,B,8000,9.25,0,0.27,N,2,2024-08-30
26,30000,RENT,3.0,EDUCATION,C,8000,12.61,0,0.27,Y,4,2024-04-13
24,60000,MORTGAGE,8.0,PERSONAL,A,18000,7.9,0,0.3,N,3,2024-07-12
23,60000,MORTGAGE,7.0,EDUCATION,A,25850,7.9,0,0.43,N,4,2024-03-01
24,30000,RENT,7.0,MEDICAL,C,8000,13.61,0,0.27,Y,3,2024-07-28
26,30000,RENT,4.0,MEDICAL,C,8000,13.98,0,0.27,N,2,2024-07-09
24,30000,RENT,5.0,VENTURE,C,8000,14.26,0,0.27,Y,2,2024-07-25
22,30000,RENT,3.0,VENTURE,B,8000,12.53,0,0.27,N,2,2024-05-24
25,30000,RENT,5.0,PERSONAL,C,8000,12.87,0,0.27,N,4,2024-10-12
23,30000,RENT,4.0,MEDICAL,B,8000,12.18,0,0.27,N,2,2024-03-17
25,60000,MORTGAGE,4.0,DEBTCONSOLIDATION,C,1200,13.49,0,0.02,N,4,2024-04-01
24,60000,MORTGAGE,8.0,EDUCATION,A,10000,6.03,0,0.17,N,3,2024-03-27
23,60000,MORTGAGE,7.0,EDUCATION,A,10000,6.03,0,0.17,N,3,2024-10-20
23,60000,MORTGAGE,7.0,DEBTCONSOLIDATION,B,21000,11.71,0,0.35,N,4,2024-10-27
23,30188,RENT,3.0,PERSONAL,C,8000,14.65,0,0.27,N,2,2024-01-26
22,30996,RENT,2.0,DEBTCONSOLIDATION,B,8000,11.49,0,0.26,N,2,2024-07-15
23,60000,MORTGAGE,3.0,PERSONAL,C,12000,15.27,0,0.2,Y,4,2024-07-04
26,60000,MORTGAGE,2.0,MEDICAL,C,18000,13.49,0,0.3,N,4,2024-06-10
26,31000,RENT,5.0,HOMEIMPROVEMENT,C,8000,14.27,1,0.26,Y,3,2024-09-29
26,60000,MORTGAGE,10.0,VENTURE,B,20000,12.69,0,0.33,N,2,2024-03-16
24,31200,RENT,7.0,MEDICAL,B,8000,11.49,0,0.26,N,2,2024-09-16
23,31200,RENT,6.0,VENTURE,B,8000,11.49,0,0.26,N,4,2024-11-30
25,31416,RENT,5.0,PERSONAL,C,8000,12.61,0,0.25,Y,4,2024-11-23
23,54000,MORTGAGE,7.0,EDUCATION,B,21200,12.42,1,0.39,N,2,2024-11-22
26,60000,MORTGAGE,8.0,HOMEIMPROVEMENT,B,12000,10.65,0,0.2,N,2,2024-09-30
23,60000,OWN,5.0,EDUCATION,C,16000,14.27,0,0.27,Y,4,2024-11-11
25,32000,RENT,2.0,DEBTCONSOLIDATION,B,8000,10.62,0,0.25,N,3,2024-01-07
24,60000,MORTGAGE,7.0,MEDICAL,A,20000,7.9,0,0.33,N,4,2024-01-31
22,32400,RENT,6.0,EDUCATION,A,8000,7.9,0,0.25,N,2,2024-06-16
23,33000,RENT,4.0,EDUCATION,C,8000,11.013786929274843,0,0.24,Y,4,2024-05-14
24,54000,MORTGAGE,6.0,HOMEIMPROVEMENT,C,6300,14.65,1,0.12,Y,2,2024-12-31
22,33996,RENT,1.0,DEBTCONSOLIDATION,B,8000,10.51,1,0.24,N,3,2024-01-04
22,34000,RENT,2.0,DEBTCONSOLIDATION,B,8000,9.91,0,0.24,N,4,2024-07-24
23,60000,MORTGAGE,7.0,MEDICAL,A,7000,7.9,0,0.12,N,4,2024-10-01
25,60000,MORTGAGE,9.0,EDUCATION,A,12000,7.9,0,0.2,N,3,2024-07-31
24,60000,MORTGAGE,8.0,EDUCATION,B,7000,11.71,0,0.12,N,2,2024-06-26
24,29000,RENT,4.0,HOMEIMPROVEMENT,B,8000,12.42,1,0.28,N,2,2024-08-25
23,60000,MORTGAGE,7.0,MEDICAL,A,3000,8.9,0,0.05,N,4,2024-08-30
23,60000,MORTGAGE,3.0,PERSONAL,B,12000,10.65,0,0.2,N,2,2024-05-05
23,60000,MORTGAGE,6.0,EDUCATION,C,25600,11.013786929274843,0,0.43,N,4,2024-03-04
22,60000,MORTGAGE,6.0,PERSONAL,A,10000,8.9,0,0.17,N,4,2024-02-22
22,35000,RENT,3.0,DEBTCONSOLIDATION,C,8000,14.27,0,0.23,N,3,2024-05-03
24,35000,RENT,8.0,EDUCATION,A,8000,6.03,0,0.23,N,2,2024-11-12
26,60000,MORTGAGE,3.0,EDUCATION,C,30000,14.27,0,0.5,N,4,2024-01-02
25,60000,MORTGAGE,10.0,VENTURE,D,10000,16.77,0,0.17,N,3,2024-12-12
25,60000,MORTGAGE,7.0,EDUCATION,D,12000,16.77,0,0.2,N,4,2024-03-03
26,35000,RENT,10.0,PERSONAL,D,8000,11.013786929274843,0,0.23,N,3,2024-01-15
22,35000,RENT,5.0,EDUCATION,A,8000,7.29,0,0.23,N,2,2024-05-18
23,60000,OWN,2.0,MEDICAL,A,5000,6.03,0,0.08,N,3,2024-05-10
23,60000,MORTGAGE,7.0,EDUCATION,A,15000,7.9,0,0.25,N,3,2024-07-16
23,29000,RENT,7.0,EDUCATION,C,8000,12.73,1,0.28,N,3,2024-09-02
22,60000,MORTGAGE,1.0,MEDICAL,A,10000,7.9,0,0.17,N,4,2024-04-27
22,35000,RENT,1.0,VENTURE,C,8000,12.41,0,0.23,N,3,2024-11-28
26,60000,MORTGAGE,10.0,PERSONAL,D,8000,16.77,0,0.13,N,2,2024-02-28
25,60000,MORTGAGE,4.0,VENTURE,A,14000,7.9,0,0.23,N,2,2024-06-04
25,60000,MORTGAGE,6.0,HOMEIMPROVEMENT,B,4000,12.69,0,0.07,N,2,2024-07-20
22,35000,RENT,1.0,EDUCATION,B,8000,9.2,0,0.23,N,3,2024-02-26
24,60000,MORTGAGE,6.0,DEBTCONSOLIDATION,A,10000,8.9,0,0.17,N,2,2024-10-21
23,35004,RENT,7.0,VENTURE,A,8000,11.013786929274843,0,0.23,N,3,2024-09-06
22,29570,RENT,6.0,DEBTCONSOLIDATION,D,8000,14.42,1,0.27,Y,4,2024-12-10
22,60000,MORTGAGE,6.0,EDUCATION,B,3950,10.65,0,0.07,N,2,2024-08-07
22,60000,MORTGAGE,3.0,VENTURE,A,5000,7.9,0,0.08,N,2,2024-11-25
26,60000,MORTGAGE,7.0,EDUCATION,A,16000,7.9,0,0.27,N,2,2024-05-16
26,30000,RENT,6.0,HOMEIMPROVEMENT,C,8000,11.013786929274843,1,0.27,N,3,2024-05-28
22,30000,RENT,2.0,DEBTCONSOLIDATION,B,8000,11.11,1,0.27,N,3,2024-10-29
24,60000,MORTGAGE,8.0,EDUCATION,B,3000,10.65,0,0.05,N,2,2024-04-29
23,36000,RENT,5.0,VENTURE,B,8000,11.013786929274843,0,0.22,N,2,2024-09-28
23,60000,OWN,7.0,VENTURE,A,11500,11.013786929274843,0,0.19,N,4,2024-08-29
24,60000,MORTGAGE,9.0,HOMEIMPROVEMENT,B,1500,12.42,0,0.03,N,2,2024-05-04
22,36000,RENT,4.0,EDUCATION,D,8000,15.33,0,0.22,N,2,2024-08-18
25,60000,MORTGAGE,9.0,DEBTCONSOLIDATION,B,23275,12.42,0,0.39,N,3,2024-06-14
22,60000,MORTGAGE,6.0,EDUCATION,B,6000,9.91,0,0.1,N,4,2024-04-05
24,60000,MORTGAGE,2.0,DEBTCONSOLIDATION,B,10000,11.71,0,0.17,N,2,2024-07-07
24,60000,MORTGAGE,9.0,VENTURE,A,3000,7.51,0,0.05,N,4,2024-06-17
25,60000,MORTGAGE,1.0,HOMEIMPROVEMENT,C,5000,15.27,0,0.08,Y,2,2024-03-10
24,36000,RENT,8.0,VENTURE,B,8000,11.48,0,0.22,N,4,2024-07-04
25,60000,MORTGAGE,9.0,DEBTCONSOLIDATION,A,9600,6.03,0,0.16,N,3,2024-02-16
24,60000,MORTGAGE,4.0,EDUCATION,A,4000,7.9,0,0.07,N,3,2024-09-13
26,36903,RENT,3.0,DEBTCONSOLIDATION,B,8000,12.21,0,0.22,N,2,2024-03-09
22,30996,RENT,6.0,EDUCATION,A,8000,7.14,1,0.26,N,4,2024-08-12
25,60000,MORTGAGE,4.0,MEDICAL,A,8650,7.51,0,0.14,N,2,2024-11-22
23,60000,MORTGAGE,7.0,PERSONAL,A,6000,8.9,0,0.1,N,4,2024-07-10
25,31008,RENT,7.0,MEDICAL,D,8000,11.013786929274843,1,0.26,N,3,2024-04-20
23,60000,MORTGAGE,6.0,EDUCATION,A,1200,6.03,0,0.02,N,3,2024-12-31
23,37440,RENT,8.0,EDUCATION,E,8000,14.18,0,0.21,N,2,2024-08-24
23,37500,RENT,2.0,VENTURE,C,8000,14.26,0,0.21,N,4,2024-07-26
22,60000,OWN,6.0,MEDICAL,B,1000,10.99,0,0.02,N,2,2024-04-14
22,60000,OWN,7.0,VENTURE,D,15000,16.49,0,0.25,Y,2,2024-02-19
24,54000,MORTGAGE,1.0,DEBTCONSOLIDATION,A,1500,5.42,1,0.03,N,3,2024-02-19
22,60000,MORTGAGE,6.0,EDUCATION,B,16800,11.99,0,0.28,N,3,2024-12-18
24,37876,RENT,4.0,MEDICAL,B,8000,9.63,0,0.21,N,2,2024-03-05
23,60000,MORTGAGE,7.0,EDUCATION,A,12000,5.99,0,0.2,N,3,2024-06-08
22,60000,MORTGAGE,6.0,DEBTCONSOLIDATION,C,18000,12.99,0,0.3,N,2,2024-07-23
22,60000,MORTGAGE,6.0,EDUCATION,D,2500,15.99,0,0.04,N,3,2024-06-14
22,60000,MORTGAGE,1.0,MEDICAL,B,6750,10.99,0,0.11,N,4,2024-02-25
25,60000,MORTGAGE,6.0,VENTURE,D,8400,16.89,0,0.14,N,3,2024-05-28
23,38000,RENT,5.0,PERSONAL,B,8000,10.65,0,0.21,N,3,2024-06-19
26,38000,RENT,4.0,MEDICAL,B,8000,12.69,0,0.21,N,4,2024-09-15
24,38000,RENT,8.0,MEDICAL,B,8000,11.49,0,0.21,N,2,2024-11-05
23,60000,MORTGAGE,8.0,EDUCATION,B,21000,11.013786929274843,0,0.35,N,3,2024-06-09
25,60000,MORTGAGE,2.0,PERSONAL,B,6900,9.99,0,0.12,N,3,2024-07-20
25,60000,MORTGAGE,10.0,DEBTCONSOLIDATION,B,10000,11.49,0,0.17,N,2,2024-03-07
26,60000,MORTGAGE,3.0,HOMEIMPROVEMENT,A,2000,11.013786929274843,0,0.03,N,4,2024-12-01
22,60000,MORTGAGE,5.0,DEBTCONSOLIDATION,A,8000,6.99,0,0.13,N,4,2024-12-23
23,60000,MORTGAGE,5.0,EDUCATION,A,8850,6.99,0,0.15,N,3,2024-03-10
26,54000,MORTGAGE,10.0,EDUCATION,A,8500,5.42,1,0.16,N,3,2024-10-04
22,38004,RENT,2.0,DEBTCONSOLIDATION,B,8000,11.36,0,0.21,N,3,2024-10-06
22,38400,RENT,6.0,EDUCATION,A,8000,7.88,0,0.21,N,4,2024-08-11
23,32698,RENT,3.0,DEBTCONSOLIDATION,F,8000,18.43,1,0.24,Y,3,2024-03-18
23,60000,MORTGAGE,6.0,DEBTCONSOLIDATION,C,7000,12.99,0,0.12,N,4,2024-09-07
26,39000,RENT,2.0,DEBTCONSOLIDATION,A,8000,6.62,0,0.21,N,2,2024-07-13
25,60000,MORTGAGE,9.0,VENTURE,A,15000,8.49,0,0.25,N,3,2024-08-19
23,54000,MORTGAGE,3.0,VENTURE,D,4000,15.62,1,0.07,N,3,2024-04-02
23,60000,MORTGAGE,6.0,EDUCATION,C,8000,13.49,0,0.13,Y,2,2024-06-06
26,54000,MORTGAGE,11.0,DEBTCONSOLIDATION,B,4800,11.49,1,0.09,N,2,2024-05-30
22,60000,MORTGAGE,2.0,EDUCATION,B,3500,9.99,0,0.06,N,2,2024-05-16
22,39860,RENT,6.0,PERSONAL,B,8000,11.11,0,0.2,N,3,2024-11-02
22,39996,RENT,2.0,PERSONAL,A,8000,7.14,0,0.2,N,4,2024-09-04
24,60000,MORTGAGE,8.0,MEDICAL,A,17000,7.49,0,0.28,N,2,2024-05-20
22,60000,MORTGAGE,2.0,PERSONAL,A,5200,5.99,0,0.09,N,2,2024-12-11
23,33996,RENT,7.0,PERSONAL,B,8000,10.95,1,0.24,N,3,2024-07-02
25,40000,RENT,9.0,DEBTCONSOLIDATION,B,8000,12.42,0,0.2,N,2,2024-04-24
26,60000,MORTGAGE,6.0,HOMEIMPROVEMENT,B,5000,9.99,0,0.08,N,2,2024-04-08
22,40000,RENT,1.0,VENTURE,A,8000,7.9,0,0.2,N,4,2024-02-12
25,60000,MORTGAGE,10.0,PERSONAL,A,3600,5.99,0,0.06,N,3,2024-09-30
22,40000,RENT,2.0,EDUCATION,C,8000,12.99,0,0.2,N,2,2024-11-07
22,60000,MORTGAGE,5.0,VENTURE,A,5600,7.49,0,0.09,N,3,2024-01-06
23,40000,RENT,3.0,EDUCATION,B,8000,11.49,0,0.2,N,3,2024-06-18
23,54000,MORTGAGE,5.0,MEDICAL,C,5200,13.99,1,0.1,N,3,2024-04-12
24,40000,RENT,4.0,MEDICAL,B,8000,9.63,0,0.2,N,3,2024-07-28
24,40000,RENT,2.0,PERSONAL,A,8000,6.17,0,0.2,N,2,2024-05-08
22,40000,RENT,2.0,DEBTCONSOLIDATION,B,8000,11.36,0,0.2,N,4,2024-11-28
23,60000,OWN,8.0,EDUCATION,A,20000,7.49,0,0.33,N,3,2024-04-16
25,60000,MORTGAGE,5.0,VENTURE,A,5000,11.013786929274843,0,0.08,N,4,2024-05-10
24,60000,OWN,1.0,VENTURE,D,15000,16.89,0,0.25,Y,2,2024-12-21
22,40000,RENT,2.0,EDUCATION,B,8000,12.18,0,0.2,N,4,2024-12-09
24,60000,MORTGAGE,3.0,EDUCATION,A,4000,5.42,0,0.07,N,2,2024-06-11
24,40560,RENT,5.0,VENTURE,A,8000,7.66,0,0.2,N,2,2024-06-20
25,60000,OWN,1.0,DEBTCONSOLIDATION,D,10000,16.49,0,0.17,N,3,2024-04-30
25,41000,RENT,3.0,VENTURE,B,8000,10.99,0,0.2,N,4,2024-05-30
25,60000,MORTGAGE,5.0,PERSONAL,A,10425,8.49,0,0.17,N,4,2024-02-16
25,60000,MORTGAGE,2.0,MEDICAL,B,12500,11.49,0,0.21,N,2,2024-10-03
25,41579,RENT,9.0,VENTURE,C,8000,13.92,0,0.19,Y,3,2024-01-18
26,54000,MORTGAGE,8.0,MEDICAL,D,5000,15.62,1,0.09,Y,4,2024-01-11
24,60000,MORTGAGE,8.0,PERSONAL,C,9600,12.99,0,0.16,N,2,2024-05-16
23,60000,MORTGAGE,7.0,MEDICAL,C,5000,12.99,0,0.08,N,2,2024-07-11
23,36000,RENT,2.0,MEDICAL,A,8000,7.51,1,0.22,N,2,2024-12-29
25,60000,MORTGAGE,1.0,EDUCATION,A,4000,11.013786929274843,0,0.07,N,4,2024-07-14
25,60000,MORTGAGE,9.0,PERSONAL,A,1800,8.49,0,0.03,N,4,2024-09-22
24,42000,RENT,2.0,EDUCATION,B,8000,11.013786929274843,0,0.19,N,4,2024-05-11
24,36000,RENT,1.0,PERSONAL,B,8000,12.12,1,0.22,N,4,2024-07-19
25,42000,RENT,1.0,VENTURE,A,8000,5.99,0,0.19,N,2,2024-07-02
22,60000,MORTGAGE,6.0,EDUCATION,B,2800,10.99,0,0.05,N,4,2024-09-03
24,36000,RENT,6.0,PERSONAL,D,8000,15.28,1,0.22,N,3,2024-05-01
22,60000,MORTGAGE,6.0,DEBTCONSOLIDATION,A,5000,5.99,0,0.08,N,4,2024-07-29
22,60000,MORTGAGE,2.0,MEDICAL,A,10000,11.013786929274843,0,0.17,N,2,2024-08-15
22,60000,MORTGAGE,6.0,EDUCATION,A,6000,6.62,0,0.1,N,3,2024-03-17
23,60000,MORTGAGE,6.0,VENTURE,A,10000,5.42,0,0.17,N,4,2024-07-15
25,42000,RENT,3.0,EDUCATION,A,8000,11.013786929274843,0,0.19,N,4,2024-05-02
25,36000,RENT,9.0,PERSONAL,C,8000,12.73,1,0.22,Y,2,2024-06-01
22,60000,MORTGAGE,1.0,EDUCATION,A,4800,7.49,0,0.08,N,3,2024-02-29
23,60000,MORTGAGE,7.0,PERSONAL,C,2000,15.23,0,0.03,Y,2,2024-12-13
24,36000,RENT,2.0,VENTURE,D,8000,14.96,1,0.22,Y,2,2024-08-26
23,42000,RENT,1.0,VENTURE,C,8000,12.84,0,0.19,N,4,2024-06-30
25,42500,RENT,1.0,PERSONAL,C,8000,11.013786929274843,0,0.19,Y,4,2024-04-17
24,60000,MORTGAGE,8.0,MEDICAL,C,21000,11.013786929274843,0,0.35,Y,4,2024-03-14
23,42996,RENT,3.0,PERSONAL,B,8000,11.11,0,0.19,N,2,2024-05-05
23,43000,RENT,3.0,DEBTCONSOLIDATION,B,8000,10.37,0,0.19,N,4,2024-07-17
22,60000,MORTGAGE,6.0,EDUCATION,A,2500,6.99,0,0.04,N,3,2024-03-25
25,60000,MORTGAGE,3.0,DEBTCONSOLIDATION,A,3000,5.99,0,0.05,N,4,2024-09-28
24,60000,MORTGAGE,2.0,MEDICAL,B,12000,9.99,0,0.2,N,2,2024-07-28
26,43000,RENT,1.0,MEDICAL,C,8000,12.87,0,0.19,Y,3,2024-05-17
22,43200,RENT,2.0,EDUCATION,A,8000,5.99,0,0.19,N,3,2024-04-09
22,60000,MORTGAGE,1.0,PERSONAL,A,10000,5.42,0,0.17,N,2,2024-05-09
25,43200,RENT,10.0,VENTURE,B,8000,11.013786929274843,0,0.19,N,3,2024-04-19
24,43300,RENT,4.0,MEDICAL,A,8000,7.29,0,0.18,N,4,2024-01-07
23,43800,RENT,8.0,VENTURE,E,8000,17.93,0,0.18,N,3,2024-09-21
22,60000,MORTGAGE,3.0,DEBTCONSOLIDATION,A,15000,7.49,0,0.25,N,4,2024-06-23
26,44000,RENT,10.0,PERSONAL,C,8000,13.8,0,0.18,N,3,2024-07-05
22,44684,RENT,1.0,DEBTCONSOLIDATION,C,8000,12.04,0,0.18,Y,2,2024-02-06
22,60000,MORTGAGE,6.0,PERSONAL,C,12000,13.99,0,0.2,Y,3,2024-09-02
25,54000,MORTGAGE,4.0,EDUCATION,D,12000,17.49,1,0.22,N,4,2024-10-11
26,45000,RENT,5.0,EDUCATION,D,8000,18.25,0,0.18,N,2,2024-05-02
25,60000,MORTGAGE,3.0,DEBTCONSOLIDATION,A,3200,5.42,0,0.05,N,4,2024-06-04
23,39000,RENT,3.0,DEBTCONSOLIDATION,D,8000,16.49,1,0.21,N,3,2024-11-25
24,39000,RENT,4.0,DEBTCONSOLIDATION,C,8000,11.013786929274843,1,0.21,N,2,2024-02-20
23,60000,MORTGAGE,7.0,PERSONAL,A,3800,5.42,0,0.06,N,3,2024-03-12
25,45000,RENT,4.0,PERSONAL,B,8000,10.38,0,0.18,N,3,2024-01-06
26,60000,MORTGAGE,10.0,EDUCATION,A,7875,7.66,0,0.13,N,3,2024-04-22
26,45000,RENT,3.0,PERSONAL,D,8000,15.33,0,0.18,Y,4,2024-11-30
23,39000,RENT,3.0,HOMEIMPROVEMENT,B,8000,11.36,1,0.21,N,3,2024-02-19
24,45000,RENT,8.0,MEDICAL,C,8000,12.73,0,0.18,Y,4,2024-05-16
22,60000,MORTGAGE,7.0,EDUCATION,B,10950,11.11,0,0.18,N,3,2024-02-02
24,60000,MORTGAGE,8.0,MEDICAL,A,13000,7.29,0,0.22,N,2,2024-10-28
23,60000,OWN,3.0,MEDICAL,A,10000,6.92,0,0.17,N,4,2024-03-01
22,60000,MORTGAGE,5.0,EDUCATION,B,8800,10.37,0,0.15,N,4,2024-05-20
23,60000,MORTGAGE,3.0,MEDICAL,A,4000,7.66,0,0.07,N,2,2024-08-14
22,45000,RENT,1.0,DEBTCONSOLIDATION,C,8000,12.84,0,0.18,Y,3,2024-11-07
25,45000,RENT,1.0,EDUCATION,C,8000,13.47,0,0.18,N,4,2024-01-17
25,39000,RENT,4.0,PERSONAL,C,8000,11.34,1,0.21,Y,2,2024-05-04
23,45286,RENT,5.0,PERSONAL,A,8000,7.29,0,0.18,N,4,2024-08-28
22,45996,RENT,2.0,EDUCATION,A,8000,7.51,0,0.17,N,3,2024-07-14
25,60000,MORTGAGE,9.0,HOMEIMPROVEMENT,A,6500,5.79,0,0.11,N,4,2024-03-07
22,46000,RENT,3.0,DEBTCONSOLIDATION,A,8000,6.17,0,0.17,N,2,2024-10-09
25,60000,MORTGAGE,1.0,VENTURE,A,5000,7.29,0,0.08,N,2,2024-03-04
26,60000,MORTGAGE,10.0,MEDICAL,A,5000,6.92,0,0.08,N,4,2024-08-05
23,60000,MORTGAGE,7.0,DEBTCONSOLIDATION,A,12000,7.29,0,0.2,N,3,2024-02-08
23,60000,MORTGAGE,5.0,MEDICAL,C,22000,13.06,0,0.37,Y,3,2024-01-20
24,40000,RENT,5.0,EDUCATION,B,8000,9.88,1,0.2,N,2,2024-07-15
26,60000,MORTGAGE,10.0,VENTURE,A,12500,6.92,0,0.21,N,2,2024-08-22
24,46700,RENT,5.0,EDUCATION,D,8000,15.65,0,0.17,Y,3,2024-03-14
22,60000,MORTGAGE,2.0,PERSONAL,A,10000,11.013786929274843,0,0.17,N,4,2024-12-18
25,60000,MORTGAGE,6.0,MEDICAL,C,13000,14.17,0,0.22,Y,3,2024-03-20
24,60000,OWN,7.0,PERSONAL,B,10000,10.37,0,0.17,N,4,2024-01-07
26,60000,MORTGAGE,6.0,PERSONAL,A,3050,7.29,0,0.05,N,3,2024-10-25
26,60000,MORTGAGE,3.0,EDUCATION,B,20000,10.74,0,0.33,N,4,2024-09-24
22,60000,MORTGAGE,6.0,VENTURE,A,7800,7.29,0,0.13,N,2,2024-03-22
25,47004,RENT,1.0,DEBTCONSOLIDATION,C,8000,12.53,0,0.17,Y,4,2024-12-04
23,48000,RENT,5.0,VENTURE,B,8000,11.013786929274843,0,0.17,N,2,2024-04-14
24,42000,RENT,8.0,MEDICAL,D,8000,16.29,1,0.19,N,4,2024-09-11
23,48000,RENT,3.0,DEBTCONSOLIDATION,A,8000,8.49,0,0.17,N,2,2024-03-21
22,48000,RENT,6.0,DEBTCONSOLIDATION,C,8000,12.99,0,0.17,Y,3,2024-12-07
24,60000,MORTGAGE,7.0,VENTURE,B,15850,11.11,0,0.26,N,3,2024-02-15
22,60000,MORTGAGE,6.0,VENTURE,A,11200,5.79,0,0.19,N,4,2024-04-23
25,48000,RENT,2.0,VENTURE,B,8000,10.59,0,0.17,N,4,2024-06-23
23,60000,MORTGAGE,7.0,DEBTCONSOLIDATION,A,7200,11.013786929274843,0,0.12,N,2,2024-03-17
25,60000,OWN,9.0,HOMEIMPROVEMENT,A,5000,7.29,0,0.08,N,4,2024-06-30
22,60000,MORTGAGE,7.0,PERSONAL,B,12000,10.0,0,0.2,N,3,2024-11-20
25,48000,RENT,4.0,EDUCATION,C,8000,14.35,0,0.17,N,2,2024-11-17
23,42000,RENT,3.0,HOMEIMPROVEMENT,D,8000,15.58,1,0.19,N,2,2024-08-20
25,60000,MORTGAGE,9.0,HOMEIMPROVEMENT,B,5500,10.74,0,0.09,N,2,2024-05-11
25,48000,RENT,2.0,PERSONAL,C,8000,13.11,0,0.17,N,4,2024-12-05
26,48000,RENT,3.0,DEBTCONSOLIDATION,B,8000,9.96,0,0.17,N,3,2024-04-26
24,48500,RENT,5.0,MEDICAL,C,8000,15.96,0,0.16,N,3,2024-06-29
22,60000,MORTGAGE,6.0,VENTURE,A,6125,6.17,0,0.1,N,3,2024-05-17
26,48701,RENT,3.0,MEDICAL,B,8000,11.48,0,0.16,N,4,2024-09-27
25,49244,RENT,3.0,EDUCATION,A,8000,8.0,0,0.16,N,3,2024-08-21
24,49992,RENT,5.0,VENTURE,D,8000,15.95,0,0.16,Y,2,2024-06-19
24,50000,RENT,8.0,PERSONAL,C,8000,15.96,0,0.16,N,3,2024-01-16
24,50000,RENT,3.0,MEDICAL,B,8000,12.42,0,0.16,N,2,2024-04-14
22,50000,RENT,2.0,EDUCATION,A,8000,6.62,0,0.16,N,3,2024-02-09
23,50000,RENT,4.0,EDUCATION,A,8000,6.62,0,0.16,N,3,2024-06-27
24,60000,MORTGAGE,8.0,VENTURE,B,9000,11.013786929274843,0,0.15,N,4,2024-10-07
25,50000,RENT,6.0,VENTURE,A,8000,7.9,0,0.16,N,4,2024-10-16
23,44000,RENT,5.0,EDUCATION,C,8000,13.49,1,0.18,Y,2,2024-07-21
25,60000,OWN,4.0,HOMEIMPROVEMENT,A,6500,6.17,0,0.11,N,3,2024-12-25
22,60000,MORTGAGE,6.0,EDUCATION,C,2000,12.61,0,0.03,Y,2,2024-04-20
26,60000,MORTGAGE,6.0,EDUCATION,A,9000,6.91,0,0.15,N,3,2024-10-25
24,50000,RENT,9.0,DEBTCONSOLIDATION,B,8000,9.99,0,0.16,N,2,2024-01-01
24,60000,OWN,4.0,EDUCATION,A,5000,5.79,0,0.08,N,3,2024-08-15
23,60000,MORTGAGE,8.0,MEDICAL,B,10000,11.013786929274843,0,0.17,N,3,2024-12-14
24,60000,MORTGAGE,8.0,VENTURE,B,12000,9.62,0,0.2,N,4,2024-03-19
23,60000,MORTGAGE,7.0,PERSONAL,A,12000,11.013786929274843,0,0.2,N,4,2024-11-10
22,60000,MORTGAGE,6.0,PERSONAL,A,2000,6.54,0,0.03,N,3,2024-09-24
25,50000,RENT,4.0,DEBTCONSOLIDATION,C,8000,13.85,0,0.16,N,3,2024-04-15
24,60000,MORTGAGE,2.0,MEDICAL,B,9700,8.88,0,0.16,N,3,2024-06-07
22,50000,RENT,2.0,PERSONAL,B,8000,12.18,0,0.16,N,4,2024-01-14
23,60000,MORTGAGE,6.0,PERSONAL,B,2000,10.36,0,0.03,N,2,2024-04-08
23,60000,MORTGAGE,6.0,EDUCATION,A,7000,6.54,0,0.12,N,3,2024-04-02
22,50000,RENT,2.0,PERSONAL,C,8000,13.16,0,0.16,Y,2,2024-08-12
25,44000,RENT,1.0,MEDICAL,D,8000,12.92,1,0.18,N,4,2024-02-22
23,60000,MORTGAGE,4.0,PERSONAL,A,20000,6.54,0,0.33,N,3,2024-02-14
25,60000,MORTGAGE,7.0,DEBTCONSOLIDATION,A,8000,5.79,0,0.13,N,2,2024-06-07
23,60000,MORTGAGE,5.0,DEBTCONSOLIDATION,A,7200,11.013786929274843,0,0.12,N,4,2024-04-15
23,50004,RENT,5.0,MEDICAL,C,8000,12.73,0,0.16,N,4,2024-01-25
26,50049,RENT,5.0,DEBTCONSOLIDATION,C,8000,12.99,0,0.16,N,3,2024-02-24
26,60000,MORTGAGE,4.0,EDUCATION,B,7000,9.62,0,0.12,N,3,2024-04-17
23,60000,MORTGAGE,4.0,EDUCATION,A,13000,6.91,0,0.22,N,2,2024-09-16
26,60000,MORTGAGE,2.0,MEDICAL,B,5000,11.013786929274843,0,0.08,N,4,2024-12-12
25,60000,MORTGAGE,3.0,EDUCATION,B,10000,10.36,0,0.17,N,4,2024-03-02
25,51996,RENT,6.0,MEDICAL,B,8000,10.37,0,0.15,N,2,2024-06-18
24,52000,RENT,3.0,HOMEIMPROVEMENT,B,8000,10.99,0,0.15,N,4,2024-09-17
24,52000,RENT,2.0,MEDICAL,A,8000,7.51,0,0.15,N,4,2024-02-24
26,52000,RENT,3.0,EDUCATION,B,8000,10.25,0,0.15,N,4,2024-07-03
23,52000,RENT,5.0,DEBTCONSOLIDATION,C,8000,13.22,0,0.15,N,2,2024-06-05
26,46000,RENT,3.0,PERSONAL,D,8000,14.42,1,0.17,N,2,2024-04-24
22,60000,OWN,3.0,PERSONAL,D,8700,15.58,0,0.14,Y,4,2024-08-08
24,52000,RENT,1.0,EDUCATION,C,8000,11.78,0,0.15,N,3,2024-07-21
23,46000,RENT,2.0,EDUCATION,D,8000,11.86,1,0.17,N,3,2024-06-24
25,60000,MORTGAGE,3.0,VENTURE,B,10000,11.49,0,0.17,N,4,2024-04-05
24,60000,MORTGAGE,3.0,VENTURE,A,20000,7.88,0,0.33,N,2,2024-10-31
25,60000,OWN,9.0,MEDICAL,A,16000,7.88,0,0.27,N,4,2024-05-06
24,46500,RENT,2.0,HOMEIMPROVEMENT,C,8000,15.23,1,0.17,Y,2,2024-09-04
24,52800,RENT,1.0,MEDICAL,C,8000,12.87,0,0.15,Y,3,2024-12-28
24,60000,MORTGAGE,8.0,DEBTCONSOLIDATION,C,14000,11.013786929274843,0,0.23,N,2,2024-08-11
25,53000,RENT,9.0,EDUCATION,C,8000,12.23,0,0.15,N,3,2024-07-25
23,53000,RENT,6.0,MEDICAL,C,8000,14.26,0,0.15,Y,4,2024-06-06
23,60000,MORTGAGE,7.0,EDUCATION,A,12000,7.88,0,0.2,N,2,2024-01-10
26,53688,RENT,11.0,DEBTCONSOLIDATION,A,8000,5.42,0,0.15,N,4,2024-12-04
23,54000,RENT,7.0,DEBTCONSOLIDATION,B,8000,10.99,0,0.15,N,4,2024-06-19
23,48000,RENT,3.0,DEBTCONSOLIDATION,D,8000,15.58,1,0.17,N,2,2024-08-18
24,54000,RENT,7.0,MEDICAL,A,8000,7.88,0,0.15,N,3,2024-03-03
22,60000,MORTGAGE,6.0,MEDICAL,A,17500,7.88,0,0.29,N,4,2024-04-24
24,54000,RENT,3.0,MEDICAL,A,8000,8.07,0,0.15,N,4,2024-01-06
23,54000,MORTGAGE,5.0,DEBTCONSOLIDATION,E,10000,16.45,1,0.19,N,3,2024-05-25
23,54500,RENT,2.0,DEBTCONSOLIDATION,A,8000,11.013786929274843,0,0.15,N,2,2024-03-09
22,54600,RENT,6.0,DEBTCONSOLIDATION,A,8000,7.51,0,0.15,N,2,2024-03-25
26,54600,RENT,4.0,HOMEIMPROVEMENT,C,8000,13.8,0,0.15,Y,4,2024-07-01
23,60000,MORTGAGE,5.0,PERSONAL,D,15000,15.21,0,0.25,Y,3,2024-09-17
23,54000,MORTGAGE,2.0,MEDICAL,D,7500,15.58,1,0.14,N,2,2024-07-15
23,55000,RENT,2.0,PERSONAL,B,8000,10.65,0,0.15,N,2,2024-12-26
23,54000,MORTGAGE,5.0,EDUCATION,B,7750,10.38,1,0.14,N,4,2024-03-15
22,55000,RENT,6.0,PERSONAL,B,8000,11.71,0,0.15,N,3,2024-10-05
23,55000,RENT,1.0,MEDICAL,A,8000,5.42,0,0.15,N,4,2024-12-27
26,54000,MORTGAGE,2.0,HOMEIMPROVEMENT,C,6000,13.98,1,0.11,Y,3,2024-07-13
23,60000,OWN,1.0,VENTURE,B,2000,11.12,0,0.03,N,4,2024-05-26
24,60000,MORTGAGE,5.0,DEBTCONSOLIDATION,A,14000,7.51,0,0.23,N,2,2024-05-09
22,60000,OWN,6.0,EDUCATION,B,5900,11.12,0,0.1,N,2,2024-08-09
24,55000,RENT,8.0,HOMEIMPROVEMENT,C,8000,13.8,0,0.15,Y,2,2024-10-25
23,55000,RENT,4.0,EDUCATION,B,8000,9.25,0,0.15,N,2,2024-04-16
25,60000,MORTGAGE,3.0,VENTURE,A,7000,11.013786929274843,0,0.12,N,3,2024-04-20
22,60000,MORTGAGE,7.0,VENTURE,C,7000,13.61,0,0.12,Y,3,2024-08-24
24,60000,MORTGAGE,6.0,PERSONAL,C,2400,13.61,0,0.04,Y,4,2024-06-08
22,49000,RENT,1.0,EDUCATION,A,8000,6.91,1,0.16,N,2,2024-02-04
23,55000,RENT,7.0,VENTURE,C,8000,13.11,0,0.15,N,3,2024-11-26
22,60000,MORTGAGE,4.0,EDUCATION,A,8000,7.14,0,0.13,N,2,2024-06-04
25,60000,OWN,9.0,MEDICAL,A,4000,6.39,0,0.07,N,4,2024-03-24
24,60000,MORTGAGE,2.0,PERSONAL,B,2600,11.49,0,0.04,N,4,2024-12-11
23,49161,RENT,1.0,HOMEIMPROVEMENT,D,8000,13.17,1,0.16,Y,4,2024-03-15
23,55550,RENT,7.0,DEBTCONSOLIDATION,B,8000,11.013786929274843,0,0.14,N,3,2024-06-30
26,60000,OWN,8.0,VENTURE,A,9800,11.013786929274843,0,0.16,N,4,2024-07-24
25,56000,RENT,9.0,VENTURE,A,8000,5.99,0,0.14,N,2,2024-02-24
25,60000,OWN,8.0,EDUCATION,B,14000,11.12,0,0.23,N,2,2024-04-04
23,50000,RENT,7.0,DEBTCONSOLIDATION,D,8000,16.02,1,0.16,N,3,2024-01-03
22,60000,MORTGAGE,7.0,VENTURE,B,6000,10.38,0,0.1,N,2,2024-03-22
23,56000,RENT,1.0,EDUCATION,B,8000,10.0,0,0.14,N,3,2024-11-07
24,56000,RENT,2.0,MEDICAL,A,8000,7.51,0,0.14,N,3,2024-11-09
23,60000,MORTGAGE,7.0,EDUCATION,A,10500,11.013786929274843,0,0.17,N,4,2024-04-01
24,60000,MORTGAGE,3.0,HOMEIMPROVEMENT,B,4000,11.86,0,0.07,N,2,2024-04-13
24,60000,MORTGAGE,5.0,DEBTCONSOLIDATION,A,7000,7.14,0,0.12,N,2,2024-01-24
24,60000,MORTGAGE,9.0,PERSONAL,A,5000,7.88,0,0.08,N,4,2024-01-29
23,60000,MORTGAGE,3.0,EDUCATION,A,20000,7.88,0,0.33,N,4,2024-08-21
23,57750,RENT,3.0,EDUCATION,A,8000,7.49,0,0.14,N,3,2024-09-08
23,57996,RENT,5.0,DEBTCONSOLIDATION,A,8000,7.14,0,0.14,N,2,2024-02-27
25,60000,MORTGAGE,5.0,HOMEIMPROVEMENT,D,3000,14.59,0,0.05,Y,3,2024-09-25
25,60000,MORTGAGE,9.0,VENTURE,B,12000,10.99,0,0.2,N,2,2024-09-25
25,60000,OWN,9.0,HOMEIMPROVEMENT,C,1400,14.22,0,0.02,Y,3,2024-01-10
24,52000,RENT,8.0,EDUCATION,C,8000,13.99,1,0.15,Y,2,2024-05-27
23,58000,RENT,4.0,EDUCATION,B,8000,10.37,0,0.14,N,4,2024-08-31
22,60000,OWN,6.0,MEDICAL,C,10000,11.013786929274843,0,0.17,Y,3,2024-12-20
25,60000,OWN,8.0,MEDICAL,B,25000,10.99,0,0.42,N,3,2024-09-08
24,58033,RENT,4.0,VENTURE,B,8000,10.62,0,0.14,N,2,2024-05-24
22,60000,OWN,6.0,EDUCATION,A,14000,7.88,0,0.23,N,2,2024-11-24
23,58600,RENT,3.0,MEDICAL,C,8000,11.013786929274843,0,0.14,Y,3,2024-12-20
26,54000,MORTGAGE,10.0,MEDICAL,C,10000,11.013786929274843,1,0.19,N,3,2024-08-28
22,60000,RENT,2.0,DEBTCONSOLIDATION,C,8000,13.49,0,0.13,N,3,2024-07-29
22,60000,RENT,2.0,EDUCATION,B,8000,10.0,0,0.13,N,4,2024-06-25
25,60000,RENT,1.0,VENTURE,A,8000,5.42,0,0.13,N,2,2024-12-02
25,60000,RENT,6.0,PERSONAL,B,8000,9.63,0,0.13,N,3,2024-07-06
25,60000,RENT,3.0,MEDICAL,B,8000,11.86,0,0.13,N,4,2024-10-27
23,60000,MORTGAGE,3.0,PERSONAL,A,13000,7.88,0,0.22,N,4,2024-11-19
26,60000,RENT,2.0,MEDICAL,C,8000,13.61,0,0.13,N,4,2024-03-26
22,60000,RENT,6.0,MEDICAL,C,8000,14.72,0,0.13,Y,2,2024-06-25
25,54000,RENT,1.0,HOMEIMPROVEMENT,B,8000,11.49,1,0.15,N,4,2024-10-04
23,60000,RENT,3.0,EDUCATION,B,8000,10.25,0,0.13,N,3,2024-02-19
22,60000,RENT,6.0,MEDICAL,A,8000,7.88,0,0.13,N,2,2024-09-18
22,54000,RENT,4.0,EDUCATION,C,8000,13.48,1,0.15,Y,3,2024-04-08
22,60000,MORTGAGE,4.0,VENTURE,A,3000,6.76,0,0.05,N,4,2024-10-27
23,60000,RENT,2.0,DEBTCONSOLIDATION,B,8000,11.013786929274843,0,0.13,N,3,2024-02-17
25,54000,MORTGAGE,7.0,DEBTCONSOLIDATION,D,8400,14.59,1,0.16,N,2,2024-07-10
24,60000,RENT,3.0,HOMEIMPROVEMENT,D,8000,14.59,0,0.13,Y,3,2024-04-23
23,60000,RENT,2.0,EDUCATION,A,8000,8.94,0,0.13,N,3,2024-01-06
23,60000,MORTGAGE,5.0,DEBTCONSOLIDATION,A,4000,7.14,0,0.07,N,3,2024-02-15
23,60000,RENT,1.0,VENTURE,B,8000,12.21,0,0.13,N,4,2024-05-03
22,60000,RENT,6.0,PERSONAL,B,8000,11.14,0,0.13,N,3,2024-11-07
23,60228,RENT,7.0,MEDICAL,C,8000,12.98,0,0.13,Y,2,2024-09-01
23,60400,RENT,2.0,VENTURE,B,8000,9.25,0,0.13,N,4,2024-10-15
23,60000,MORTGAGE,7.0,EDUCATION,A,10750,7.88,0,0.18,N,3,2024-12-27
23,61000,RENT,3.0,VENTURE,C,8000,13.22,0,0.13,Y,2,2024-06-01
22,55000,RENT,5.0,PERSONAL,D,8000,15.31,1,0.15,N,4,2024-08-10
24,55000,RENT,2.0,HOMEIMPROVEMENT,D,8000,14.61,1,0.15,N,2,2024-02-18
22,60000,MORTGAGE,3.0,MEDICAL,C,3250,12.73,0,0.05,Y,4,2024-08-04
22,60000,MORTGAGE,5.0,DEBTCONSOLIDATION,C,12500,13.11,0,0.21,Y,2,2024-01-22
25,61440,RENT,9.0,VENTURE,B,8000,10.36,0,0.13,N,4,2024-10-16
26,55700,RENT,2.0,HOMEIMPROVEMENT,C,8000,13.49,1,0.14,Y,4,2024-12-29
25,61995,RENT,2.0,VENTURE,B,8000,9.99,0,0.13,N,4,2024-06-10
23,54000,MORTGAGE,7.0,DEBTCONSOLIDATION,D,5000,14.96,1,0.09,Y,2,2024-05-31
22,52000,RENT,3.0,EDUCATION,C,5200,11.013786929274843,0,0.1,Y,4,2024-07-13
23,54000,RENT,4.0,MEDICAL,B,5200,11.71,0,0.1,N,2,2024-02-06
24,54000,RENT,7.0,PERSONAL,B,5200,10.37,1,0.1,N,3,2024-08-20
22,60000,MORTGAGE,6.0,VENTURE,A,7000,7.14,0,0.12,N,3,2024-04-09
26,62000,RENT,1.0,MEDICAL,C,5200,15.96,0,0.08,N,4,2024-07-29
22,54000,MORTGAGE,6.0,HOMEIMPROVEMENT,C,12000,13.48,1,0.22,N,2,2024-10-29
22,60000,OWN,6.0,VENTURE,A,11500,7.88,0,0.19,N,2,2024-11-10
23,60000,MORTGAGE,4.0,EDUCATION,A,10000,11.013786929274843,0,0.17,N,4,2024-08-29
23,15000,RENT,3.0,DEBTCONSOLIDATION,B,5175,12.18,1,0.34,N,2,2024-05-09
25,60000,OWN,5.0,VENTURE,C,1200,13.85,0,0.02,N,2,2024-03-17
22,60000,MORTGAGE,6.0,DEBTCONSOLIDATION,C,6000,13.11,0,0.1,Y,4,2024-04-20
22,60000,RENT,2.0,MEDICAL,B,5125,11.86,0,0.09,N,3,2024-08-29
26,28000,RENT,6.0,EDUCATION,B,5100,11.89,0,0.18,N,4,2024-06-21
23,60000,OWN,2.0,MEDICAL,D,18500,15.33,0,0.31,N,2,2024-09-07
25,60000,OWN,10.0,EDUCATION,B,5500,10.99,0,0.09,N,2,2024-06-09
25,32000,RENT,4.0,VENTURE,A,5100,8.38,0,0.16,N,3,2024-01-18
26,60000,MORTGAGE,3.0,PERSONAL,A,11500,7.88,0,0.19,N,2,2024-03-14
25,45000,RENT,4.0,MEDICAL,B,5100,10.0,0,0.11,N,4,2024-08-28
22,60000,MORTGAGE,6.0,MEDICAL,B,5000,11.83,0,0.08,N,4,2024-10-25
22,60000,MORTGAGE,6.0,VENTURE,D,24250,15.31,0,0.4,Y,2,2024-02-11
24,53000,RENT,5.0,EDUCATION,A,5100,7.9,0,0.1,N,2,2024-04-29
26,56000,RENT,1.0,PERSONAL,A,5100,8.0,0,0.09,N,4,2024-10-15
23,60000,MORTGAGE,7.0,VENTURE,B,2450,11.48,0,0.04,N,2,2024-06-29
25,33600,RENT,5.0,PERSONAL,A,5075,5.79,0,0.15,N,2,2024-12-20
22,36000,RENT,4.0,DEBTCONSOLIDATION,B,5075,11.013786929274843,0,0.14,N,2,2024-01-30
26,34000,RENT,8.0,MEDICAL,D,5050,16.89,1,0.15,N,4,2024-01-26
25,66000,RENT,1.0,HOMEIMPROVEMENT,B,5050,11.49,0,0.08,N,2,2024-06-17
24,60000,OWN,9.0,MEDICAL,B,15000,11.83,0,0.25,N,4,2024-08-23
23,60000,MORTGAGE,3.0,MEDICAL,A,4500,7.4,0,0.07,N,3,2024-01-20
22,74000,RENT,4.0,PERSONAL,A,5050,5.42,0,0.07,N,3,2024-06-04
22,40000,RENT,2.0,DEBTCONSOLIDATION,C,5025,13.43,0,0.13,N,2,2024-09-27
22,60000,MORTGAGE,3.0,MEDICAL,A,2000,7.4,0,0.03,N,2,2024-04-21
24,10800,RENT,8.0,VENTURE,A,5000,7.88,1,0.46,N,2,2024-10-05
23,60000,MORTGAGE,7.0,EDUCATION,B,20000,12.18,0,0.33,N,4,2024-09-02
23,60000,MORTGAGE,7.0,PERSONAL,C,2000,14.26,0,0.03,Y,3,2024-07-03
23,14400,RENT,2.0,VENTURE,A,5000,6.91,1,0.35,N,3,2024-06-01
26,60000,MORTGAGE,10.0,PERSONAL,A,1200,7.4,0,0.02,N,4,2024-06-28
25,60000,OWN,3.0,PERSONAL,C,16000,13.57,0,0.27,Y,4,2024-12-01
25,60000,MORTGAGE,9.0,PERSONAL,C,10200,13.92,0,0.17,Y,4,2024-06-16
23,60000,OWN,4.0,VENTURE,C,10000,13.22,0,0.17,N,4,2024-11-06
24,60000,MORTGAGE,3.0,VENTURE,B,4000,12.18,0,0.07,N,2,2024-06-03
22,54000,MORTGAGE,1.0,HOMEIMPROVEMENT,D,10000,14.61,1,0.19,Y,4,2024-10-12
26,15600,RENT,5.0,DEBTCONSOLIDATION,A,5000,5.99,1,0.32,N,3,2024-03-15
22,54000,MORTGAGE,3.0,DEBTCONSOLIDATION,D,22750,11.013786929274843,1,0.42,Y,2,2024-06-22
22,60000,MORTGAGE,6.0,EDUCATION,D,5000,14.61,0,0.08,Y,3,2024-11-09
22,60000,OTHER,6.0,VENTURE,D,8000,16.0,0,0.13,N,2,2024-08-05
25,15600,RENT,6.0,MEDICAL,B,5000,10.75,1,0.32,N,3,2024-12-25
23,60000,MORTGAGE,6.0,PERSONAL,A,3350,11.013786929274843,0,0.06,N,4,2024-01-20
23,60000,MORTGAGE,7.0,PERSONAL,B,9500,12.53,0,0.16,N,2,2024-04-29
26,16120,RENT,2.0,PERSONAL,B,5000,11.58,1,0.31,N,3,2024-12-17
26,60000,MORTGAGE,10.0,DEBTCONSOLIDATION,A,6000,8.94,0,0.1,N,4,2024-04-24
24,60000,MORTGAGE,6.0,HOMEIMPROVEMENT,A,14000,8.94,0,0.23,N,2,2024-08-27
26,60000,MORTGAGE,5.0,EDUCATION,B,6000,11.83,0,0.1,N,2,2024-02-16
24,16800,RENT,1.0,EDUCATION,C,5000,14.22,1,0.3,Y,4,2024-04-12
25,54000,MORTGAGE,9.0,DEBTCONSOLIDATION,B,12000,12.53,1,0.22,N,4,2024-01-09
23,17004,RENT,3.0,MEDICAL,A,5000,6.54,1,0.29,N,2,2024-11-25
25,60000,OTHER,3.0,DEBTCONSOLIDATION,B,5000,11.14,0,0.08,N,3,2024-05-11
22,17720,RENT,6.0,HOMEIMPROVEMENT,B,5000,9.62,1,0.28,N,4,2024-06-29
22,60000,MORTGAGE,6.0,PERSONAL,B,12900,11.14,0,0.21,N,4,2024-10-13
23,60000,MORTGAGE,1.0,MEDICAL,C,13200,13.16,0,0.22,Y,2,2024-04-30
25,60000,MORTGAGE,2.0,PERSONAL,B,1800,12.21,0,0.03,N,2,2024-12-28
25,19200,RENT,3.0,VENTURE,B,5000,10.99,1,0.26,N,3,2024-04-29
22,60000,MORTGAGE,5.0,VENTURE,B,20000,12.21,0,0.33,N,3,2024-03-04
24,19200,RENT,2.0,DEBTCONSOLIDATION,B,5000,11.013786929274843,1,0.26,N,3,2024-09-02
22,60000,MORTGAGE,7.0,EDUCATION,D,10000,11.013786929274843,0,0.17,N,3,2024-12-05
23,60000,MORTGAGE,6.0,EDUCATION,B,11500,11.26,0,0.19,N,2,2024-12-21
24,60000,MORTGAGE,8.0,PERSONAL,D,10000,14.42,0,0.17,N,4,2024-03-08
24,60000,MORTGAGE,7.0,PERSONAL,A,10000,9.63,0,0.17,N,2,2024-08-03
24,60000,MORTGAGE,8.0,VENTURE,A,2800,9.32,0,0.05,N,4,2024-06-05
25,60000,OWN,9.0,HOMEIMPROVEMENT,C,3000,13.79,0,0.05,Y,2,2024-03-16
22,60000,MORTGAGE,6.0,MEDICAL,C,9000,13.79,0,0.15,Y,2,2024-02-08
22,20000,RENT,2.0,DEBTCONSOLIDATION,B,5000,11.86,0,0.25,N,4,2024-04-11
24,54000,MORTGAGE,8.0,VENTURE,D,1500,14.42,1,0.03,Y,2,2024-01-22
22,60000,MORTGAGE,4.0,EDUCATION,C,16750,12.53,0,0.28,N,2,2024-01-27
22,60000,MORTGAGE,3.0,VENTURE,A,10000,8.0,0,0.17,N,4,2024-03-12
25,60000,MORTGAGE,8.0,EDUCATION,C,8000,11.013786929274843,0,0.13,N,3,2024-01-18
24,54000,MORTGAGE,9.0,MEDICAL,A,10000,9.63,1,0.19,N,2,2024-12-07
26,21000,RENT,3.0,PERSONAL,A,5000,6.99,0,0.24,N,3,2024-08-14
23,54000,OTHER,7.0,HOMEIMPROVEMENT,E,16000,16.32,1,0.3,N,3,2024-04-25
24,21120,RENT,3.0,PERSONAL,B,5000,11.71,1,0.24,N,2,2024-02-09
25,60000,MORTGAGE,2.0,PERSONAL,B,10000,12.21,0,0.17,N,3,2024-02-10
23,21600,RENT,5.0,PERSONAL,C,5000,13.06,1,0.23,Y,4,2024-12-22
24,21648,RENT,8.0,EDUCATION,A,5000,6.99,0,0.23,N,3,2024-10-02
26,54000,MORTGAGE,2.0,DEBTCONSOLIDATION,B,8000,11.89,1,0.15,N,2,2024-09-19
22,60000,MORTGAGE,4.0,PERSONAL,C,3000,13.16,0,0.05,N,2,2024-05-06
22,60000,MORTGAGE,2.0,EDUCATION,A,1000,9.63,0,0.02,N,3,2024-07-14
25,22000,RENT,3.0,PERSONAL,E,5000,16.32,1,0.23,N,3,2024-11-28
25,60000,MORTGAGE,9.0,HOMEIMPROVEMENT,B,10000,10.83,0,0.17,N,4,2024-04-02
22,22800,RENT,4.0,EDUCATION,C,5000,13.85,0,0.22,Y,2,2024-07-09
26,22800,RENT,4.0,DEBTCONSOLIDATION,C,5000,13.57,0,0.22,N,4,2024-09-01
23,22944,RENT,7.0,EDUCATION,B,5000,11.11,0,0.22,N,3,2024-02-15
24,22992,RENT,1.0,HOMEIMPROVEMENT,C,5000,13.06,1,0.22,Y,3,2024-06-27
24,23000,RENT,1.0,PERSONAL,C,5000,11.013786929274843,0,0.22,Y,2,2024-02-22
24,23000,RENT,2.0,EDUCATION,B,5000,11.013786929274843,0,0.22,N,4,2024-01-11
22,60000,MORTGAGE,6.0,EDUCATION,C,1600,11.66,0,0.03,N,4,2024-12-27
24,24000,RENT,4.0,DEBTCONSOLIDATION,A,5000,7.51,0,0.21,N,2,2024-06-19
23,24000,RENT,4.0,PERSONAL,A,5000,6.62,0,0.21,N,4,2024-08-27
22,24000,RENT,4.0,EDUCATION,D,5000,16.49,0,0.21,N,4,2024-04-25
23,54000,MORTGAGE,3.0,MEDICAL,C,7500,11.03,1,0.14,Y,3,2024-04-24
23,60000,MORTGAGE,1.0,PERSONAL,B,9900,9.76,0,0.17,N,3,2024-09-25
22,60000,MORTGAGE,1.0,EDUCATION,C,7500,11.66,0,0.13,N,2,2024-08-31
23,60000,MORTGAGE,7.0,DEBTCONSOLIDATION,B,6000,9.45,0,0.1,N,2,2024-03-22
25,24000,RENT,3.0,EDUCATION,A,5000,6.92,0,0.21,N,4,2024-01-13
22,60000,MORTGAGE,1.0,EDUCATION,B,17000,9.45,0,0.28,N,4,2024-08-31
22,60000,MORTGAGE,6.0,MEDICAL,A,8000,8.07,0,0.13,N,4,2024-05-10
25,24000,RENT,2.0,DEBTCONSOLIDATION,C,5000,12.61,0,0.21,N,3,2024-04-07
23,24000,RENT,5.0,PERSONAL,B,5000,10.75,0,0.21,N,3,2024-04-24
23,24000,RENT,4.0,DEBTCONSOLIDATION,B,5000,10.62,0,0.21,N,4,2024-03-05
23,24000,RENT,1.0,VENTURE,B,5000,11.48,0,0.21,N,4,2024-01-07
22,24000,RENT,2.0,PERSONAL,A,5000,8.94,0,0.21,N,3,2024-11-01
22,24044,RENT,2.0,PERSONAL,A,5000,8.9,0,0.21,N,3,2024-02-04
24,60204,MORTGAGE,8.0,PERSONAL,A,10000,7.49,0,0.17,N,4,2024-03-31
22,24996,RENT,3.0,MEDICAL,D,5000,11.013786929274843,1,0.2,Y,3,2024-03-13
26,25000,RENT,2.0,MEDICAL,B,5000,12.69,0,0.2,N,3,2024-04-20
24,60400,OWN,5.0,VENTURE,A,5500,8.0,0,0.09,N,2,2024-05-02
24,54417,MORTGAGE,1.0,MEDICAL,C,9525,11.66,1,0.18,Y,3,2024-08-11
23,25000,RENT,1.0,EDUCATION,B,5000,10.99,0,0.2,N,4,2024-06-12
24,25000,RENT,5.0,VENTURE,A,5000,11.013786929274843,0,0.2,N,4,2024-08-29
25,60500,OWN,6.0,PERSONAL,B,17000,12.42,0,0.28,N,2,2024-01-28
23,60500,MORTGAGE,4.0,EDUCATION,C,5000,14.27,0,0.08,Y,3,2024-12-14
24,54500,MORTGAGE,7.0,MEDICAL,D,8000,17.49,1,0.15,N,4,2024-11-21
24,25000,RENT,3.0,VENTURE,A,5000,7.14,0,0.2,N,2,2024-07-01
22,60500,MORTGAGE,6.0,EDUCATION,A,12000,8.94,0,0.2,N,3,2024-01-12
23,25000,RENT,8.0,EDUCATION,B,5000,10.62,0,0.2,N,3,2024-12-28
24,60500,MORTGAGE,8.0,EDUCATION,A,6000,7.68,0,0.1,N,4,2024-02-01
24,25000,RENT,2.0,DEBTCONSOLIDATION,A,5000,8.94,1,0.2,N,2,2024-09-03
22,60612,MORTGAGE,2.0,MEDICAL,C,18000,13.72,0,0.3,Y,3,2024-01-31
22,60612,MORTGAGE,6.0,PERSONAL,B,5300,11.013786929274843,0,0.09,N,4,2024-01-16
25,60626,MORTGAGE,4.0,DEBTCONSOLIDATION,A,2500,6.92,0,0.04,N,3,2024-06-25
22,60635,MORTGAGE,5.0,EDUCATION,C,6800,13.49,0,0.11,Y,2,2024-12-29
23,60785,MORTGAGE,7.0,DEBTCONSOLIDATION,C,10625,13.99,0,0.17,N,2,2024-11-23
22,26000,RENT,6.0,PERSONAL,B,5000,11.99,0,0.19,N,2,2024-04-27
26,60996,MORTGAGE,2.0,PERSONAL,B,12000,12.21,0,0.2,N,4,2024-07-27
24,26400,RENT,5.0,MEDICAL,A,5000,7.9,0,0.19,N,4,2024-02-29
25,61000,OWN,2.0,EDUCATION,C,15000,14.65,0,0.25,Y,3,2024-06-26
23,26400,RENT,3.0,EDUCATION,D,5000,15.99,0,0.19,N,3,2024-09-09
22,61000,MORTGAGE,6.0,MEDICAL,C,12000,13.49,0,0.2,N,2,2024-11-23
25,55000,MORTGAGE,4.0,MEDICAL,D,9000,16.77,1,0.16,Y,2,2024-12-27
23,61000,OWN,1.0,PERSONAL,B,12000,11.71,0,0.2,N,2,2024-01-15
23,27000,RENT,2.0,MEDICAL,E,5000,16.77,1,0.19,Y,2,2024-08-11
22,61000,MORTGAGE,6.0,EDUCATION,A,2100,6.62,0,0.03,N,3,2024-09-11
24,55000,MORTGAGE,8.0,EDUCATION,B,6000,11.99,1,0.11,N,2,2024-05-29
22,27000,RENT,6.0,DEBTCONSOLIDATION,A,5000,9.32,0,0.19,N,2,2024-06-28
22,27000,RENT,1.0,VENTURE,B,5000,10.08,0,0.19,N,2,2024-06-05
25,27096,RENT,7.0,DEBTCONSOLIDATION,A,5000,7.9,1,0.18,N,2,2024-08-26
22,61000,MORTGAGE,1.0,DEBTCONSOLIDATION,B,8000,11.49,0,0.13,N,2,2024-09-11
23,61000,MORTGAGE,2.0,VENTURE,E,18400,19.29,0,0.3,N,2,2024-10-08
26,61000,MORTGAGE,10.0,PERSONAL,B,12000,10.99,0,0.2,N,3,2024-10-18
22,61000,MORTGAGE,6.0,EDUCATION,A,12000,7.49,0,0.2,N,2,2024-01-05
26,61000,MORTGAGE,4.0,PERSONAL,A,8000,7.49,0,0.13,N,2,2024-02-03
22,27264,RENT,4.0,EDUCATION,C,5000,13.11,0,0.18,Y,3,2024-10-10
24,61000,MORTGAGE,7.0,PERSONAL,D,3000,15.62,0,0.05,N,3,2024-06-17
22,27360,RENT,5.0,EDUCATION,A,5000,7.51,0,0.18,N,2,2024-08-11
26,61000,MORTGAGE,10.0,PERSONAL,A,4200,7.29,0,0.07,N,4,2024-04-30
22,61000,MORTGAGE,6.0,DEBTCONSOLIDATION,A,12000,7.29,0,0.2,N,3,2024-11-07
22,62000,RENT,6.0,PERSONAL,A,8000,5.42,0,0.13,N,3,2024-12-16
24,61000,MORTGAGE,4.0,PERSONAL,D,10000,15.65,0,0.16,N,3,2024-02-01
25,61000,MORTGAGE,4.0,EDUCATION,A,7000,5.79,0,0.11,N,4,2024-06-13
22,61000,MORTGAGE,1.0,MEDICAL,A,8000,5.79,0,0.13,N,4,2024-10-20
26,62000,RENT,7.0,PERSONAL,C,8000,12.99,0,0.13,N,4,2024-04-04
26,61000,MORTGAGE,8.0,MEDICAL,B,21000,11.013786929274843,0,0.34,N,2,2024-01-27
26,55000,MORTGAGE,4.0,DEBTCONSOLIDATION,A,10000,7.51,1,0.18,N,3,2024-08-12
22,61000,MORTGAGE,2.0,MEDICAL,A,18200,7.51,0,0.3,N,4,2024-08-02
22,62000,RENT,2.0,EDUCATION,C,8000,12.68,0,0.13,Y,4,2024-01-24
23,55000,MORTGAGE,6.0,DEBTCONSOLIDATION,D,10000,15.33,1,0.18,N,2,2024-05-26
25,61000,MORTGAGE,9.0,HOMEIMPROVEMENT,B,15000,9.88,0,0.25,N,2,2024-06-09
26,61000,MORTGAGE,3.0,PERSONAL,B,7500,10.25,0,0.12,N,4,2024-12-20
24,62000,RENT,3.0,VENTURE,B,8000,11.14,0,0.13,N,4,2024-11-27
22,61000,MORTGAGE,1.0,DEBTCONSOLIDATION,C,21000,14.26,0,0.34,Y,4,2024-02-07
24,56400,RENT,4.0,MEDICAL,D,8000,14.96,1,0.14,Y,2,2024-11-06
26,61000,MORTGAGE,5.0,VENTURE,B,19200,11.48,0,0.31,N,3,2024-04-02
26,63000,RENT,2.0,VENTURE,B,8000,12.53,0,0.13,N,2,2024-10-18
25,63900,RENT,1.0,VENTURE,A,8000,6.03,0,0.13,N,2,2024-05-14
24,64000,RENT,8.0,HOMEIMPROVEMENT,A,8000,7.9,0,0.13,N,2,2024-09-06
24,61080,MORTGAGE,8.0,VENTURE,B,25000,10.59,0,0.41,N,3,2024-07-18
23,64000,RENT,5.0,VENTURE,B,8000,10.0,0,0.13,N,2,2024-03-07
24,61147,MORTGAGE,5.0,MEDICAL,A,17000,6.03,0,0.28,N,4,2024-12-05
23,65000,RENT,2.0,EDUCATION,A,8000,6.62,0,0.12,N,4,2024-05-21
24,61193,MORTGAGE,5.0,EDUCATION,A,6400,8.59,0,0.1,N,3,2024-05-04
24,65000,RENT,3.0,EDUCATION,B,8000,12.69,0,0.12,N,3,2024-09-04
26,65000,RENT,4.0,PERSONAL,A,8000,6.92,0,0.12,N,4,2024-02-19
23,61200,MORTGAGE,2.0,VENTURE,A,9000,11.013786929274843,0,0.15,N,2,2024-07-19
24,65000,RENT,5.0,PERSONAL,B,8000,9.63,0,0.12,N,3,2024-05-26
25,61200,MORTGAGE,1.0,PERSONAL,A,5650,7.66,0,0.09,N,4,2024-04-15
25,61200,MORTGAGE,10.0,MEDICAL,A,5200,5.42,0,0.08,N,4,2024-07-27
22,65000,RENT,7.0,EDUCATION,A,8000,6.54,0,0.12,N,4,2024-06-02
23,61200,MORTGAGE,2.0,DEBTCONSOLIDATION,A,10000,7.88,0,0.16,N,3,2024-02-09
23,55200,MORTGAGE,1.0,PERSONAL,E,15250,15.68,1,0.28,N,2,2024-03-04
26,61200,OWN,4.0,HOMEIMPROVEMENT,C,1500,12.84,0,0.02,Y,2,2024-03-30
24,61200,MORTGAGE,5.0,EDUCATION,B,5100,10.51,0,0.08,N,2,2024-10-06
22,55200,MORTGAGE,6.0,HOMEIMPROVEMENT,A,7200,11.013786929274843,1,0.13,N,4,2024-01-24
24,55200,MORTGAGE,8.0,EDUCATION,C,9600,10.78,1,0.17,N,4,2024-12-03
23,65000,RENT,2.0,DEBTCONSOLIDATION,C,8000,14.72,0,0.12,Y,2,2024-04-11
23,65000,RENT,6.0,PERSONAL,A,8000,9.32,0,0.12,N,3,2024-02-19
24,61289,MORTGAGE,8.0,PERSONAL,B,2000,11.49,0,0.03,N,4,2024-02-28
23,61300,OWN,1.0,EDUCATION,D,9000,16.49,0,0.15,Y,3,2024-08-28
22,61300,MORTGAGE,4.0,VENTURE,A,13000,9.63,0,0.21,N,3,2024-08-27
23,61360,OWN,3.0,MEDICAL,A,6125,8.59,0,0.1,N,4,2024-04-16
23,55365,MORTGAGE,4.0,PERSONAL,F,25000,19.04,1,0.45,N,4,2024-10-30
24,65004,RENT,4.0,PERSONAL,A,8000,8.49,0,0.12,N,2,2024-12-30
23,55400,MORTGAGE,1.0,MEDICAL,D,5500,14.61,1,0.1,N,2,2024-12-30
22,61402,MORTGAGE,7.0,EDUCATION,B,10800,9.99,0,0.18,N,2,2024-04-26
23,61440,OWN,6.0,PERSONAL,B,2500,11.013786929274843,0,0.04,N,3,2024-08-09
23,61498,MORTGAGE,5.0,PERSONAL,B,5000,11.36,0,0.08,N,2,2024-05-06
22,61500,MORTGAGE,5.0,VENTURE,A,30000,6.62,0,0.49,N,3,2024-09-25
26,67000,RENT,9.0,VENTURE,A,8000,7.14,0,0.12,N,2,2024-04-03
24,61500,MORTGAGE,8.0,VENTURE,B,3200,11.49,0,0.05,N,2,2024-12-06
22,61547,OWN,1.0,EDUCATION,D,24250,14.96,0,0.39,Y,3,2024-02-20
23,61615,MORTGAGE,4.0,PERSONAL,B,13000,10.62,0,0.21,N,4,2024-03-12
24,61650,MORTGAGE,4.0,HOMEIMPROVEMENT,A,6500,6.03,0,0.11,N,4,2024-05-29
25,70000,RENT,4.0,PERSONAL,C,8000,15.96,0,0.11,Y,3,2024-10-30
24,61717,OWN,8.0,PERSONAL,A,3200,7.68,0,0.05,N,4,2024-05-27
24,61781,MORTGAGE,6.0,EDUCATION,B,17800,10.25,0,0.29,N,3,2024-04-27
24,70000,RENT,8.0,DEBTCONSOLIDATION,B,8000,11.71,0,0.11,N,3,2024-01-29
25,61800,OWN,1.0,VENTURE,A,4000,7.75,0,0.06,N,4,2024-04-02
26,70000,RENT,10.0,HOMEIMPROVEMENT,A,8000,7.9,0,0.11,N,4,2024-08-20
26,70000,RENT,8.0,EDUCATION,C,8000,15.96,0,0.11,Y,3,2024-03-13
22,70000,RENT,6.0,EDUCATION,A,8000,6.99,0,0.11,N,2,2024-02-14
23,70000,RENT,5.0,MEDICAL,B,8000,11.99,0,0.11,N,4,2024-12-15
25,64000,RENT,7.0,DEBTCONSOLIDATION,D,8000,15.28,1,0.13,Y,4,2024-10-22
23,70000,RENT,4.0,EDUCATION,D,8000,16.02,0,0.11,N,2,2024-07-25
23,62000,MORTGAGE,3.0,VENTURE,A,4000,8.9,0,0.06,N,2,2024-01-08
24,70000,RENT,2.0,EDUCATION,C,8000,14.72,0,0.11,Y,3,2024-07-13
25,70000,RENT,3.0,PERSONAL,C,8000,14.26,0,0.11,N,4,2024-10-07
26,62000,MORTGAGE,1.0,DEBTCONSOLIDATION,A,8400,6.62,0,0.14,N,4,2024-12-28
26,71000,RENT,10.0,HOMEIMPROVEMENT,C,8000,13.49,0,0.11,Y,4,2024-07-08
24,62000,MORTGAGE,7.0,PERSONAL,A,6200,11.013786929274843,0,0.1,N,3,2024-11-13
23,62000,MORTGAGE,6.0,EDUCATION,B,1800,11.71,0,0.03,N,3,2024-01-21
22,62000,MORTGAGE,2.0,DEBTCONSOLIDATION,C,13000,15.27,0,0.21,Y,2,2024-05-02
25,72000,RENT,2.0,DEBTCONSOLIDATION,A,8000,7.9,0,0.11,N,4,2024-01-09
22,72000,RENT,2.0,EDUCATION,A,8000,7.9,0,0.11,N,4,2024-04-03
22,62000,MORTGAGE,6.0,EDUCATION,A,15075,6.03,0,0.24,N,2,2024-05-18
22,66000,RENT,6.0,HOMEIMPROVEMENT,C,8000,14.65,1,0.12,Y,4,2024-03-22
24,62000,MORTGAGE,8.0,PERSONAL,A,5875,6.03,0,0.09,N,2,2024-06-06
22,62000,MORTGAGE,3.0,EDUCATION,A,2000,6.03,0,0.03,N,3,2024-05-09
23,62000,MORTGAGE,1.0,MEDICAL,A,10000,7.9,0,0.16,N,3,2024-09-10
22,62000,MORTGAGE,6.0,PERSONAL,A,5000,6.03,0,0.08,N,4,2024-09-17
24,62000,MORTGAGE,8.0,EDUCATION,C,10000,13.99,0,0.16,Y,4,2024-06-30
25,62000,MORTGAGE,7.0,VENTURE,A,12000,5.42,0,0.19,N,2,2024-05-08
24,72000,RENT,5.0,HOMEIMPROVEMENT,B,8000,10.0,0,0.11,N,3,2024-09-01
25,62000,MORTGAGE,9.0,VENTURE,B,8500,10.99,0,0.14,N,2,2024-02-05
23,62000,OWN,2.0,VENTURE,B,5575,11.013786929274843,0,0.09,N,3,2024-06-07
24,74000,RENT,7.0,EDUCATION,D,8000,15.62,0,0.11,Y,2,2024-03-07
26,74000,RENT,2.0,EDUCATION,C,8000,13.92,0,0.11,N,3,2024-11-08
23,62000,MORTGAGE,2.0,VENTURE,A,5000,5.42,0,0.08,N,3,2024-11-21
23,75000,RENT,2.0,MEDICAL,A,8000,7.9,0,0.11,N,4,2024-05-31
24,62000,MORTGAGE,8.0,DEBTCONSOLIDATION,A,10000,7.49,0,0.16,N,3,2024-08-13
23,75000,RENT,5.0,DEBTCONSOLIDATION,B,8000,10.74,0,0.11,N,3,2024-01-16
25,62000,MORTGAGE,9.0,HOMEIMPROVEMENT,C,3000,12.99,0,0.05,N,2,2024-12-01
23,62000,MORTGAGE,3.0,MEDICAL,A,9000,11.013786929274843,0,0.15,N,4,2024-04-02
23,75000,RENT,5.0,PERSONAL,C,8000,13.79,0,0.11,N,3,2024-12-22
24,75000,RENT,5.0,VENTURE,D,8000,15.37,0,0.11,Y,3,2024-10-24
22,62000,MORTGAGE,2.0,EDUCATION,A,10000,5.99,0,0.16,N,4,2024-05-30
25,69000,RENT,1.0,HOMEIMPROVEMENT,D,8000,13.99,1,0.12,Y,2,2024-11-22
23,75638,RENT,2.0,PERSONAL,A,8000,5.99,0,0.11,N,4,2024-04-15
26,76000,RENT,6.0,PERSONAL,C,8000,13.11,0,0.11,N,3,2024-03-12
25,76460,RENT,1.0,MEDICAL,A,8000,6.03,0,0.1,N,3,2024-11-10
24,77000,RENT,2.0,DEBTCONSOLIDATION,A,8000,7.51,0,0.1,N,3,2024-09-04
22,62000,MORTGAGE,5.0,EDUCATION,B,9000,10.0,0,0.15,N,2,2024-12-26
22,78000,RENT,3.0,MEDICAL,C,8000,13.79,0,0.1,Y,4,2024-08-28
26,62000,MORTGAGE,10.0,VENTURE,C,10000,13.43,0,0.16,Y,2,2024-09-19
23,56000,MORTGAGE,7.0,VENTURE,D,8000,14.54,1,0.14,Y,2,2024-10-08
23,80000,RENT,5.0,EDUCATION,A,8000,7.9,0,0.1,N,3,2024-05-12
24,62000,MORTGAGE,6.0,HOMEIMPROVEMENT,B,10000,10.74,0,0.16,N,2,2024-10-16
24,62000,MORTGAGE,8.0,EDUCATION,B,7750,10.0,0,0.13,N,2,2024-08-31
22,80000,RENT,3.0,VENTURE,E,8000,18.39,0,0.1,Y,3,2024-03-17
24,62000,MORTGAGE,1.0,MEDICAL,A,20000,11.013786929274843,0,0.32,N,4,2024-07-22
25,74000,RENT,9.0,HOMEIMPROVEMENT,A,8000,7.29,1,0.11,N,3,2024-07-17
23,62000,MORTGAGE,2.0,PERSONAL,A,10000,11.013786929274843,0,0.16,N,2,2024-08-17
22,62000,MORTGAGE,6.0,EDUCATION,A,1500,6.91,0,0.02,N,2,2024-12-16
22,62000,MORTGAGE,6.0,EDUCATION,A,17000,6.91,0,0.27,N,3,2024-09-01
24,81600,RENT,5.0,VENTURE,C,8000,12.84,0,0.1,Y,2,2024-09-25
26,82000,RENT,5.0,VENTURE,B,8000,10.99,0,0.1,N,3,2024-02-13
26,62000,MORTGAGE,5.0,MEDICAL,A,10000,7.88,0,0.16,N,2,2024-07-03
26,76000,RENT,6.0,HOMEIMPROVEMENT,C,8000,13.48,1,0.11,Y,4,2024-12-19
25,56000,MORTGAGE,7.0,HOMEIMPROVEMENT,B,2000,11.49,1,0.04,N,3,2024-12-31
26,62000,MORTGAGE,4.0,MEDICAL,B,20000,10.38,0,0.32,N,4,2024-03-23
25,62000,MORTGAGE,9.0,EDUCATION,B,2100,11.86,0,0.03,N,2,2024-01-09
24,56000,MORTGAGE,1.0,VENTURE,C,10000,14.35,1,0.18,N,4,2024-08-27
22,66300,RENT,4.0,MEDICAL,E,8000,18.39,1,0.1,N,4,2024-01-05
22,84996,RENT,2.0,PERSONAL,C,8000,13.92,0,0.09,Y,3,2024-04-19
25,62000,MORTGAGE,6.0,DEBTCONSOLIDATION,A,6000,7.88,0,0.1,N,4,2024-08-11
25,62000,MORTGAGE,5.0,DEBTCONSOLIDATION,A,10000,7.88,0,0.16,N,3,2024-06-10
23,62000,MORTGAGE,7.0,VENTURE,A,11200,7.88,0,0.18,N,4,2024-02-25
22,86004,RENT,6.0,EDUCATION,C,8000,13.92,0,0.09,Y,2,2024-02-08
26,86502,RENT,7.0,PERSONAL,B,8000,10.36,0,0.09,N,3,2024-01-09
22,62000,MORTGAGE,6.0,VENTURE,A,5000,8.59,0,0.08,N,4,2024-09-07
25,87000,RENT,3.0,MEDICAL,B,8000,10.37,0,0.09,N,2,2024-01-09
25,62000,OWN,7.0,VENTURE,C,3500,13.57,0,0.06,N,4,2024-11-20
23,62000,MORTGAGE,4.0,MEDICAL,B,10000,12.18,0,0.16,N,2,2024-08-20
22,62000,MORTGAGE,2.0,EDUCATION,C,6000,13.92,0,0.1,N,4,2024-10-14
23,62000,MORTGAGE,2.0,VENTURE,C,5000,13.57,0,0.08,Y,3,2024-01-05
26,62000,MORTGAGE,2.0,PERSONAL,B,12000,11.013786929274843,0,0.19,N,4,2024-03-15
26,90000,RENT,3.0,EDUCATION,C,8000,14.27,0,0.09,N,3,2024-09-30
24,62000,MORTGAGE,8.0,VENTURE,E,20000,16.7,0,0.32,N,2,2024-01-09
23,62000,MORTGAGE,1.0,PERSONAL,B,6500,10.95,0,0.1,N,3,2024-04-05
22,62000,OWN,1.0,VENTURE,B,10000,11.58,0,0.16,N,2,2024-04-04
23,90000,RENT,5.0,MEDICAL,A,8000,6.92,0,0.09,N,3,2024-03-07
22,90000,RENT,5.0,PERSONAL,D,8000,11.013786929274843,0,0.09,N,3,2024-07-08
22,56000,MORTGAGE,5.0,MEDICAL,E,15000,16.0,1,0.27,Y,4,2024-09-16
22,91000,RENT,6.0,PERSONAL,A,8000,6.92,0,0.09,N,4,2024-09-07
22,91000,RENT,2.0,PERSONAL,B,8000,11.86,0,0.09,N,3,2024-07-04
23,92004,RENT,2.0,DEBTCONSOLIDATION,B,8000,11.49,0,0.09,N,4,2024-08-24
22,62000,MORTGAGE,2.0,EDUCATION,D,7500,13.87,0,0.12,N,3,2024-01-27
23,62000,MORTGAGE,7.0,DEBTCONSOLIDATION,B,6400,10.08,0,0.1,N,2,2024-01-28
24,62000,MORTGAGE,2.0,HOMEIMPROVEMENT,B,8000,10.08,0,0.13,N,3,2024-10-04
23,62000,MORTGAGE,4.0,VENTURE,B,9600,9.2,0,0.15,N,2,2024-02-19
25,95000,RENT,4.0,PERSONAL,C,8000,15.23,0,0.08,N,4,2024-07-25
25,95000,RENT,8.0,PERSONAL,B,8000,10.99,0,0.08,N,3,2024-06-28
25,95000,RENT,3.0,HOMEIMPROVEMENT,C,8000,13.8,0,0.08,N,3,2024-08-02
22,62000,MORTGAGE,5.0,MEDICAL,B,3000,8.7,0,0.05,N,3,2024-07-24
25,56004,MORTGAGE,5.0,DEBTCONSOLIDATION,B,8000,11.71,1,0.14,N,3,2024-05-15
25,84000,RENT,1.0,VENTURE,E,8000,16.45,1,0.1,N,2,2024-11-26
26,96500,RENT,10.0,DEBTCONSOLIDATION,C,8000,13.61,0,0.08,Y,3,2024-09-10
24,56004,MORTGAGE,5.0,DEBTCONSOLIDATION,B,6000,10.0,1,0.11,N,3,2024-04-01
24,97000,RENT,3.0,EDUCATION,D,8000,15.31,0,0.08,N,3,2024-01-07
26,62004,MORTGAGE,3.0,MEDICAL,B,4000,9.99,0,0.06,N,2,2024-10-24
26,99996,RENT,7.0,PERSONAL,D,8000,16.32,0,0.08,Y,3,2024-07-08
23,56004,MORTGAGE,7.0,PERSONAL,B,15000,11.26,1,0.27,N,2,2024-11-29
23,62004,MORTGAGE,1.0,DEBTCONSOLIDATION,B,9600,10.95,0,0.15,N,3,2024-09-17
26,100000,RENT,6.0,MEDICAL,A,8000,6.54,0,0.08,N,3,2024-10-02
25,62004,MORTGAGE,10.0,HOMEIMPROVEMENT,C,15000,13.47,0,0.24,N,4,2024-11-26
22,62004,MORTGAGE,6.0,EDUCATION,A,3600,7.37,0,0.06,N,2,2024-04-10
23,62004,MORTGAGE,7.0,MEDICAL,A,10000,9.07,0,0.16,N,4,2024-01-01
23,89000,RENT,8.0,DEBTCONSOLIDATION,D,8000,14.74,1,0.09,N,3,2024-09-23
26,62100,MORTGAGE,2.0,EDUCATION,B,9600,11.71,0,0.15,N,4,2024-08-06
24,105000,RENT,8.0,DEBTCONSOLIDATION,A,8000,7.51,0,0.08,N,3,2024-01-17
26,62100,MORTGAGE,8.0,PERSONAL,C,1600,12.61,0,0.03,N,4,2024-10-19
24,62100,MORTGAGE,8.0,EDUCATION,C,6000,12.53,0,0.1,N,2,2024-10-31
26,81600,RENT,10.0,MEDICAL,D,8000,16.29,1,0.08,Y,3,2024-06-20
24,108000,RENT,8.0,DEBTCONSOLIDATION,B,8000,9.88,0,0.07,N,4,2024-12-21
24,110000,RENT,4.0,PERSONAL,A,8000,5.99,0,0.07,N,3,2024-08-04
25,115000,RENT,2.0,VENTURE,B,8000,11.71,0,0.07,N,4,2024-04-09
22,56208,MORTGAGE,6.0,DEBTCONSOLIDATION,D,12000,16.29,1,0.21,Y,2,2024-04-05
24,116664,RENT,8.0,VENTURE,D,8000,16.49,0,0.07,N,3,2024-01-09
22,108000,RENT,1.0,PERSONAL,D,8000,16.29,1,0.07,Y,2,2024-08-24
25,108000,RENT,5.0,DEBTCONSOLIDATION,E,8000,16.77,1,0.07,N,3,2024-05-24
25,120000,RENT,1.0,EDUCATION,B,8000,11.013786929274843,0,0.07,N,3,2024-03-18
23,62352,OWN,7.0,EDUCATION,B,29800,10.65,0,0.48,N,3,2024-06-24
26,62361,MORTGAGE,6.0,PERSONAL,B,21650,12.69,0,0.35,N,4,2024-05-21
23,120000,RENT,4.0,EDUCATION,D,8000,14.61,0,0.07,Y,4,2024-06-15
25,123000,RENT,1.0,MEDICAL,B,8000,12.53,0,0.07,N,3,2024-03-20
23,62400,MORTGAGE,4.0,VENTURE,A,7200,8.9,0,0.12,N,4,2024-09-27
24,62400,MORTGAGE,8.0,PERSONAL,A,4000,8.9,0,0.06,N,4,2024-08-05
23,130000,RENT,3.0,MEDICAL,B,8000,11.99,0,0.06,N,3,2024-06-28
26,62400,MORTGAGE,10.0,DEBTCONSOLIDATION,A,11000,11.013786929274843,0,0.18,N,3,2024-02-02
25,135000,RENT,9.0,VENTURE,B,8000,11.013786929274843,0,0.06,N,3,2024-08-26
23,62400,MORTGAGE,7.0,MEDICAL,C,7000,13.06,0,0.11,N,4,2024-08-26
22,56400,MORTGAGE,6.0,EDUCATION,D,8400,14.91,1,0.15,N,2,2024-07-06
22,56400,MORTGAGE,6.0,PERSONAL,E,25000,16.4,1,0.44,N,3,2024-02-18
24,131400,RENT,8.0,DEBTCONSOLIDATION,D,8000,15.99,1,0.06,N,2,2024-02-22
24,62400,MORTGAGE,3.0,EDUCATION,A,9500,6.54,0,0.15,N,2,2024-03-23
22,62400,MORTGAGE,6.0,EDUCATION,D,2400,14.46,0,0.04,Y,2,2024-10-06
22,62400,MORTGAGE,2.0,VENTURE,C,12600,13.85,0,0.2,Y,2,2024-06-24
25,62400,MORTGAGE,9.0,EDUCATION,D,12500,14.96,0,0.2,N,3,2024-12-31
25,62400,MORTGAGE,4.0,HOMEIMPROVEMENT,B,2000,10.99,0,0.03,N,4,2024-12-19
26,183700,RENT,2.0,PERSONAL,D,8000,15.62,1,0.04,Y,4,2024-05-11
22,30000,RENT,1.0,EDUCATION,B,8050,12.69,1,0.27,N,2,2024-05-04
22,48000,RENT,6.0,EDUCATION,B,8050,10.0,0,0.17,N,2,2024-07-19
22,54000,RENT,4.0,PERSONAL,C,8075,13.06,0,0.15,N,3,2024-08-20
23,78000,RENT,7.0,DEBTCONSOLIDATION,A,8100,7.29,0,0.1,N,2,2024-12-01
24,85000,RENT,6.0,HOMEIMPROVEMENT,A,8100,11.013786929274843,0,0.1,N,2,2024-01-16
25,62496,MORTGAGE,1.0,HOMEIMPROVEMENT,A,8000,7.51,0,0.13,N,2,2024-03-28
23,30000,RENT,4.0,EDUCATION,C,8125,12.68,0,0.27,N,3,2024-07-03
23,62500,MORTGAGE,4.0,DEBTCONSOLIDATION,A,23525,7.9,0,0.38,N,3,2024-12-29
26,56000,RENT,6.0,HOMEIMPROVEMENT,C,8150,12.87,0,0.15,N,4,2024-07-02
24,60500,RENT,1.0,DEBTCONSOLIDATION,D,8150,17.27,1,0.13,Y,3,2024-03-11
26,62500,MORTGAGE,9.0,MEDICAL,B,8000,11.49,0,0.13,N,2,2024-08-17
22,62500,MORTGAGE,6.0,PERSONAL,A,10000,5.99,0,0.16,N,3,2024-08-22
25,34000,RENT,4.0,VENTURE,B,8200,12.21,0,0.24,N,4,2024-01-08
24,62500,MORTGAGE,2.0,VENTURE,A,6000,5.79,0,0.1,N,2,2024-01-25
23,55000,RENT,7.0,PERSONAL,C,8200,13.11,0,0.15,Y,3,2024-06-27
24,62500,MORTGAGE,8.0,DEBTCONSOLIDATION,B,16000,10.38,0,0.26,N,3,2024-06-05
22,150000,RENT,2.0,EDUCATION,A,8200,6.99,0,0.05,N,3,2024-08-29
23,30000,RENT,5.0,MEDICAL,A,8250,7.51,0,0.28,N,4,2024-05-30
23,62500,MORTGAGE,1.0,MEDICAL,C,9600,13.22,0,0.15,Y,3,2024-05-01
24,62500,OWN,8.0,PERSONAL,C,6500,13.22,0,0.1,Y,2,2024-04-05
25,62500,MORTGAGE,5.0,DEBTCONSOLIDATION,C,15000,6.0,0,0.24,N,3,2024-04-17
23,62500,MORTGAGE,7.0,VENTURE,A,4000,7.43,0,0.06,N,3,2024-10-31
23,62510,MORTGAGE,5.0,EDUCATION,B,12000,10.74,0,0.19,N,4,2024-03-20
25,70000,RENT,6.0,EDUCATION,C,8250,13.61,1,0.12,Y,4,2024-04-30
24,62677,MORTGAGE,2.0,MEDICAL,B,6000,10.2,0,0.1,N,2,2024-10-03
26,62690,MORTGAGE,7.0,MEDICAL,B,4400,11.013786929274843,0,0.07,N,4,2024-08-23
23,26000,RENT,4.0,EDUCATION,B,8300,9.99,1,0.32,N,4,2024-07-08
22,45020,RENT,6.0,EDUCATION,B,8300,10.99,0,0.18,N,4,2024-01-22
24,83000,RENT,4.0,HOMEIMPROVEMENT,A,8300,7.88,0,0.1,N,2,2024-08-15
22,62892,MORTGAGE,4.0,DEBTCONSOLIDATION,C,9600,11.03,0,0.15,N,4,2024-10-17
22,56920,MORTGAGE,6.0,VENTURE,D,10000,14.59,1,0.18,Y,2,2024-09-20
24,56972,OWN,6.0,DEBTCONSOLIDATION,E,15000,16.4,1,0.26,N,4,2024-09-17
25,63000,MORTGAGE,9.0,PERSONAL,B,14000,12.42,0,0.22,N,2,2024-01-31
26,31200,RENT,4.0,PERSONAL,C,8325,13.49,0,0.27,N,3,2024-04-13
26,77100,RENT,6.0,DEBTCONSOLIDATION,A,8350,6.99,0,0.11,N,3,2024-04-20
23,63000,MORTGAGE,7.0,EDUCATION,A,20000,7.9,0,0.32,N,2,2024-05-29
24,31200,RENT,2.0,VENTURE,C,8400,13.23,0,0.27,N,3,2024-11-09
25,63000,MORTGAGE,9.0,MEDICAL,A,20000,8.49,0,0.32,N,4,2024-09-01
22,32000,RENT,3.0,EDUCATION,B,8400,11.49,0,0.26,N,4,2024-07-07
24,63000,MORTGAGE,5.0,VENTURE,B,20000,11.49,0,0.32,N,3,2024-06-03
23,63000,MORTGAGE,2.0,PERSONAL,B,10000,10.59,0,0.16,N,2,2024-12-09
25,63000,MORTGAGE,6.0,VENTURE,F,11000,11.013786929274843,0,0.17,Y,3,2024-01-20
23,63000,MORTGAGE,8.0,EDUCATION,A,7300,7.49,0,0.12,N,2,2024-11-08
25,34000,RENT,8.0,PERSONAL,D,8400,11.013786929274843,0,0.25,N,4,2024-09-21
25,63000,MORTGAGE,2.0,HOMEIMPROVEMENT,B,20000,9.99,0,0.32,N,2,2024-02-17
24,35000,RENT,3.0,VENTURE,C,8400,12.87,0,0.24,Y,4,2024-09-15
23,63000,MORTGAGE,7.0,MEDICAL,A,9700,5.99,0,0.15,N,4,2024-06-02
26,35960,RENT,10.0,MEDICAL,B,8400,11.49,0,0.23,N,3,2024-09-02
25,36000,RENT,9.0,PERSONAL,E,8400,18.64,0,0.23,Y,4,2024-05-19
22,63000,MORTGAGE,6.0,MEDICAL,A,10800,5.99,0,0.17,N,2,2024-01-29
23,30000,RENT,1.0,EDUCATION,A,8400,11.013786929274843,1,0.28,N,3,2024-04-24
24,36100,RENT,3.0,EDUCATION,B,8400,11.26,0,0.23,N,4,2024-12-27
23,63000,MORTGAGE,7.0,PERSONAL,A,6800,7.66,0,0.11,N,4,2024-04-26
22,63000,MORTGAGE,6.0,VENTURE,A,8400,7.29,0,0.13,N,4,2024-04-23
22,63000,OWN,6.0,EDUCATION,D,9000,11.013786929274843,0,0.14,N,4,2024-03-08
22,63000,MORTGAGE,6.0,MEDICAL,B,15000,11.013786929274843,0,0.24,N,3,2024-06-16
22,63000,MORTGAGE,2.0,MEDICAL,A,12000,7.66,0,0.19,N,3,2024-08-15
26,63000,MORTGAGE,10.0,MEDICAL,A,10000,6.91,0,0.16,N,2,2024-08-04
26,35500,RENT,10.0,DEBTCONSOLIDATION,D,8400,17.27,1,0.24,N,4,2024-04-07
22,63000,MORTGAGE,6.0,EDUCATION,A,4500,5.42,0,0.07,N,2,2024-08-10
22,42000,RENT,3.0,MEDICAL,C,8400,14.35,0,0.2,N,4,2024-09-22
26,63000,MORTGAGE,10.0,HOMEIMPROVEMENT,B,10000,9.25,0,0.16,N,3,2024-08-14
22,63000,MORTGAGE,6.0,EDUCATION,A,3700,5.42,0,0.06,N,4,2024-10-22
25,63000,MORTGAGE,9.0,EDUCATION,B,25000,11.49,0,0.4,N,2,2024-08-31
24,63000,MORTGAGE,8.0,VENTURE,B,6300,11.49,0,0.1,N,4,2024-11-26
24,45000,RENT,1.0,EDUCATION,A,8400,7.9,0,0.19,N,3,2024-02-12
23,39000,RENT,5.0,PERSONAL,C,8400,13.79,1,0.22,N,2,2024-04-14
26,47000,RENT,2.0,VENTURE,B,8400,11.83,0,0.18,N,4,2024-09-06
22,63000,MORTGAGE,2.0,MEDICAL,C,8400,12.73,0,0.13,Y,4,2024-09-27
26,48000,RENT,4.0,DEBTCONSOLIDATION,B,8400,11.12,0,0.17,N,2,2024-08-03
26,50000,RENT,2.0,HOMEIMPROVEMENT,C,8400,14.72,0,0.17,Y,3,2024-02-10
22,63000,MORTGAGE,6.0,PERSONAL,B,8950,10.99,0,0.14,N,4,2024-02-15
25,50000,RENT,6.0,MEDICAL,C,8400,13.22,0,0.17,N,3,2024-06-06
26,51300,RENT,9.0,DEBTCONSOLIDATION,B,8400,11.99,0,0.16,N,3,2024-05-25
22,51420,RENT,6.0,PERSONAL,C,8400,11.97,0,0.16,Y,3,2024-03-28
26,51996,RENT,8.0,MEDICAL,C,8400,13.99,0,0.16,Y,2,2024-08-05
23,52000,RENT,2.0,EDUCATION,A,8400,6.17,0,0.16,N,3,2024-12-19
22,63000,MORTGAGE,3.0,PERSONAL,A,10000,8.94,0,0.16,N,4,2024-04-24
22,63000,MORTGAGE,2.0,DEBTCONSOLIDATION,A,4000,11.013786929274843,0,0.06,N,2,2024-09-22
24,63000,MORTGAGE,8.0,PERSONAL,F,20000,19.13,0,0.32,Y,3,2024-04-29
26,49000,RENT,2.0,VENTURE,D,8400,18.25,1,0.17,Y,4,2024-04-26
25,63000,MORTGAGE,5.0,DEBTCONSOLIDATION,A,11600,11.013786929274843,0,0.18,N,4,2024-03-08
25,63000,MORTGAGE,9.0,DEBTCONSOLIDATION,B,7775,11.013786929274843,0,0.12,N,3,2024-02-26
22,55000,RENT,2.0,VENTURE,A,8400,7.88,0,0.15,N,2,2024-03-08
25,63000,MORTGAGE,3.0,EDUCATION,C,3000,13.47,0,0.05,N,2,2024-12-23
26,55000,RENT,10.0,MEDICAL,A,8400,8.94,0,0.15,N,3,2024-08-30
26,63000,MORTGAGE,10.0,MEDICAL,A,3500,7.68,0,0.06,N,4,2024-12-28
23,56000,RENT,3.0,DEBTCONSOLIDATION,B,8400,10.99,0,0.15,N,2,2024-01-18
24,63000,MORTGAGE,8.0,PERSONAL,C,11400,13.79,0,0.18,N,4,2024-06-23
22,63000,MORTGAGE,2.0,EDUCATION,A,14100,8.0,0,0.22,N,2,2024-06-20
25,60000,RENT,9.0,MEDICAL,C,8400,13.99,0,0.14,Y,3,2024-03-15
26,63000,MORTGAGE,6.0,HOMEIMPROVEMENT,B,24000,11.46,0,0.38,N,4,2024-02-25
25,60000,RENT,1.0,VENTURE,A,8400,7.29,0,0.14,N,2,2024-12-02
24,57000,MORTGAGE,9.0,MEDICAL,C,6500,13.04,1,0.11,Y,4,2024-02-24
24,63000,MORTGAGE,8.0,DEBTCONSOLIDATION,B,7000,11.013786929274843,0,0.11,N,3,2024-03-07
24,60000,RENT,7.0,PERSONAL,A,8400,6.17,0,0.14,N,3,2024-12-10
26,63000,MORTGAGE,3.0,HOMEIMPROVEMENT,C,3800,12.04,0,0.06,Y,4,2024-05-08
26,63096,MORTGAGE,1.0,HOMEIMPROVEMENT,A,4200,5.99,0,0.07,N,3,2024-06-14
23,63150,MORTGAGE,7.0,MEDICAL,B,12000,9.91,0,0.19,N,2,2024-03-31
22,62004,RENT,5.0,EDUCATION,D,8400,15.62,0,0.14,Y,4,2024-08-16
26,63180,OWN,4.0,HOMEIMPROVEMENT,C,5825,13.43,0,0.09,Y,2,2024-11-04
23,63189,MORTGAGE,7.0,VENTURE,B,8000,10.74,0,0.13,N,2,2024-03-27
25,63200,MORTGAGE,3.0,VENTURE,A,27250,8.9,0,0.43,N,4,2024-03-03
26,65004,RENT,3.0,VENTURE,A,8400,7.51,0,0.13,N,3,2024-06-21
23,61000,RENT,2.0,PERSONAL,D,8400,14.84,1,0.14,N,2,2024-04-26
24,68000,RENT,2.0,VENTURE,A,8400,7.88,0,0.12,N,3,2024-04-13
26,68926,RENT,4.0,PERSONAL,D,8400,17.27,0,0.12,N,2,2024-09-28
22,63400,MORTGAGE,6.0,PERSONAL,B,10500,9.99,0,0.17,N,2,2024-07-20
22,73500,RENT,2.0,MEDICAL,A,8400,6.54,0,0.11,N,4,2024-08-11
24,75000,RENT,1.0,EDUCATION,B,8400,12.69,0,0.11,N,4,2024-10-07
26,90000,RENT,8.0,PERSONAL,C,8400,11.013786929274843,0,0.09,N,2,2024-12-25
24,100000,RENT,8.0,MEDICAL,C,8400,13.06,0,0.08,N,4,2024-01-07
22,63500,MORTGAGE,5.0,EDUCATION,B,7200,11.013786929274843,0,0.11,N,3,2024-08-09
22,63500,MORTGAGE,3.0,EDUCATION,C,7000,11.013786929274843,0,0.11,N,2,2024-06-03
23,100300,RENT,3.0,MEDICAL,D,8400,14.84,1,0.07,N,2,2024-02-21
26,140000,RENT,5.0,VENTURE,B,8400,12.53,0,0.06,N,2,2024-09-01
26,18000,RENT,2.0,DEBTCONSOLIDATION,C,8500,14.27,1,0.47,N,3,2024-12-13
23,18000,RENT,2.0,HOMEIMPROVEMENT,C,8500,11.013786929274843,1,0.47,Y,3,2024-01-04
25,18000,RENT,3.0,VENTURE,C,8500,10.28,1,0.47,N,2,2024-03-29
23,63600,MORTGAGE,7.0,VENTURE,A,2475,5.79,0,0.04,N,3,2024-09-24
22,63600,OWN,1.0,VENTURE,A,4000,6.76,0,0.06,N,2,2024-09-21
24,57655,MORTGAGE,7.0,MEDICAL,D,9925,15.58,1,0.17,N,2,2024-12-09
25,63720,MORTGAGE,8.0,HOMEIMPROVEMENT,A,12500,7.51,0,0.2,N,3,2024-05-23
22,63800,MORTGAGE,7.0,DEBTCONSOLIDATION,B,25000,11.36,0,0.39,N,4,2024-04-01
22,42000,RENT,3.0,MEDICAL,B,8550,11.99,0,0.2,N,2,2024-04-05
26,36000,RENT,5.0,MEDICAL,B,8550,10.25,1,0.24,N,2,2024-08-10
23,66000,RENT,3.0,EDUCATION,A,8550,7.88,0,0.13,N,4,2024-06-16
26,63834,MORTGAGE,5.0,MEDICAL,B,17000,11.12,0,0.27,N,3,2024-11-29
25,32000,RENT,2.0,DEBTCONSOLIDATION,D,8575,15.62,1,0.27,Y,2,2024-11-15
22,63996,MORTGAGE,6.0,DEBTCONSOLIDATION,A,4000,5.42,0,0.06,N,4,2024-09-01
24,63996,MORTGAGE,5.0,VENTURE,B,6000,10.75,0,0.09,N,3,2024-12-24
22,63996,MORTGAGE,4.0,EDUCATION,A,3250,7.88,0,0.05,N,4,2024-10-02
24,63996,MORTGAGE,8.0,MEDICAL,A,14400,9.63,0,0.23,N,4,2024-07-15
23,58000,MORTGAGE,7.0,PERSONAL,D,16500,11.013786929274843,1,0.28,Y,4,2024-01-10
26,64000,MORTGAGE,7.0,HOMEIMPROVEMENT,A,5000,6.62,0,0.08,N,2,2024-01-04
26,30500,RENT,1.0,PERSONAL,D,8600,14.96,1,0.28,Y,4,2024-05-15
26,64000,MORTGAGE,3.0,EDUCATION,B,12000,11.71,0,0.19,N,3,2024-06-20
24,64000,MORTGAGE,5.0,VENTURE,D,12000,16.77,0,0.19,N,2,2024-11-20
22,64000,MORTGAGE,1.0,DEBTCONSOLIDATION,A,6625,6.62,0,0.1,N,2,2024-05-19
23,60626,RENT,4.0,EDUCATION,A,8625,7.9,0,0.14,N,4,2024-05-28
24,64000,OWN,1.0,EDUCATION,A,3000,11.013786929274843,0,0.05,N,4,2024-09-08
22,69000,RENT,5.0,MEDICAL,B,8650,11.49,0,0.13,N,3,2024-07-22
25,42000,RENT,7.0,EDUCATION,D,8675,15.99,0,0.21,Y,2,2024-06-06
23,64000,MORTGAGE,7.0,EDUCATION,A,2100,6.03,0,0.03,N,2,2024-07-08
24,64000,MORTGAGE,5.0,DEBTCONSOLIDATION,A,5200,7.9,0,0.08,N,3,2024-02-27
25,64000,MORTGAGE,9.0,HOMEIMPROVEMENT,A,9000,5.99,0,0.14,N,2,2024-03-02
22,64000,MORTGAGE,5.0,VENTURE,B,6000,10.99,0,0.09,N,3,2024-11-13
23,64000,MORTGAGE,7.0,DEBTCONSOLIDATION,B,8000,10.99,0,0.13,N,2,2024-06-05
22,64000,OWN,6.0,EDUCATION,D,15000,17.49,0,0.23,Y,4,2024-09-11
22,64000,MORTGAGE,6.0,EDUCATION,A,6000,11.013786929274843,0,0.09,N,4,2024-12-04
24,64000,MORTGAGE,8.0,VENTURE,B,8000,11.013786929274843,0,0.13,N,3,2024-01-12
22,64000,MORTGAGE,3.0,PERSONAL,A,9600,8.49,0,0.15,N,3,2024-01-25
24,29004,RENT,5.0,MEDICAL,B,8725,12.18,0,0.3,N,2,2024-01-09
24,64000,MORTGAGE,8.0,VENTURE,B,4000,10.0,0,0.06,N,2,2024-06-08
23,64000,MORTGAGE,4.0,VENTURE,A,5550,7.29,0,0.09,N,4,2024-08-06
25,150000,RENT,2.0,HOMEIMPROVEMENT,A,8750,7.74,0,0.06,N,4,2024-05-28
24,64000,MORTGAGE,3.0,MEDICAL,B,13225,10.37,0,0.21,N,3,2024-04-06
25,64000,MORTGAGE,10.0,MEDICAL,A,5000,7.29,0,0.08,N,2,2024-02-09
24,64000,MORTGAGE,8.0,VENTURE,B,1200,10.74,0,0.02,N,4,2024-09-15
22,64000,MORTGAGE,6.0,MEDICAL,B,7000,10.38,0,0.11,N,4,2024-07-25
26,64000,MORTGAGE,10.0,HOMEIMPROVEMENT,B,15000,10.38,0,0.23,N,3,2024-05-28
22,46104,RENT,4.0,EDUCATION,A,8775,7.29,0,0.19,N,2,2024-09-15
22,64000,MORTGAGE,6.0,VENTURE,C,15000,13.23,0,0.23,Y,3,2024-11-25
22,64000,MORTGAGE,4.0,PERSONAL,C,14000,13.23,0,0.22,Y,3,2024-05-10
23,18500,RENT,2.0,VENTURE,C,9000,11.34,1,0.49,Y,3,2024-11-05
23,64000,MORTGAGE,6.0,DEBTCONSOLIDATION,A,5500,7.14,0,0.09,N,3,2024-04-26
22,21600,RENT,1.0,VENTURE,B,9000,9.83,1,0.42,N,4,2024-05-07
25,25000,RENT,5.0,MEDICAL,B,9000,11.49,1,0.36,N,2,2024-01-23
22,64000,MORTGAGE,2.0,EDUCATION,B,25000,11.83,0,0.39,N,4,2024-06-15
24,25000,RENT,2.0,MEDICAL,B,9000,11.48,1,0.36,N,2,2024-09-10
22,25600,RENT,5.0,VENTURE,A,9000,8.9,1,0.35,N,4,2024-11-13
24,64000,MORTGAGE,9.0,DEBTCONSOLIDATION,B,10000,11.013786929274843,0,0.16,N,4,2024-12-26
22,25920,RENT,1.0,MEDICAL,C,9000,10.59,1,0.35,N,2,2024-09-19
26,64000,MORTGAGE,2.0,PERSONAL,D,8000,14.96,0,0.13,Y,2,2024-08-09
24,26400,RENT,3.0,HOMEIMPROVEMENT,B,9000,11.49,1,0.34,N,3,2024-09-23
24,64000,MORTGAGE,8.0,VENTURE,B,4800,12.21,0,0.07,N,4,2024-06-05
22,64000,MORTGAGE,5.0,MEDICAL,A,2000,9.32,0,0.03,N,4,2024-09-07
26,58000,MORTGAGE,1.0,MEDICAL,D,25000,13.55,1,0.43,Y,4,2024-11-12
23,58000,MORTGAGE,7.0,MEDICAL,C,7200,11.97,1,0.12,N,3,2024-09-27
23,26976,RENT,4.0,PERSONAL,A,9000,7.51,1,0.33,N,4,2024-03-30
23,27600,RENT,3.0,VENTURE,C,9000,13.98,1,0.33,Y,3,2024-04-29
22,28800,RENT,5.0,MEDICAL,B,9000,10.99,1,0.31,N,2,2024-02-05
25,30000,RENT,9.0,DEBTCONSOLIDATION,D,9000,17.58,1,0.3,Y,4,2024-03-08
22,30000,RENT,2.0,EDUCATION,B,9000,11.013786929274843,0,0.3,N,3,2024-04-14
26,30000,RENT,8.0,EDUCATION,A,9000,5.99,1,0.3,N,2,2024-08-27
26,64212,MORTGAGE,5.0,PERSONAL,C,9600,14.27,0,0.15,Y,2,2024-01-01
22,64260,MORTGAGE,6.0,PERSONAL,C,9200,13.43,0,0.14,Y,3,2024-10-16
26,64260,MORTGAGE,3.0,MEDICAL,A,4500,8.94,0,0.07,N,2,2024-07-02
22,64312,MORTGAGE,4.0,VENTURE,D,5000,14.91,0,0.08,Y,4,2024-02-14
23,30000,RENT,2.0,MEDICAL,D,9000,14.61,1,0.3,Y,4,2024-10-24
24,31200,RENT,7.0,PERSONAL,B,9000,10.38,0,0.29,N,4,2024-04-04
23,64500,MORTGAGE,6.0,MEDICAL,B,7000,10.99,0,0.11,N,2,2024-04-23
23,64500,MORTGAGE,4.0,EDUCATION,A,5000,11.013786929274843,0,0.08,N,2,2024-06-10
24,64500,MORTGAGE,8.0,EDUCATION,C,1200,14.72,0,0.02,N,2,2024-10-04
25,64500,OWN,4.0,PERSONAL,C,12000,13.48,0,0.19,Y,4,2024-06-05
23,64500,MORTGAGE,8.0,EDUCATION,B,10000,12.18,0,0.16,N,4,2024-10-20
22,33000,RENT,6.0,EDUCATION,B,9000,11.99,0,0.27,N,4,2024-10-14
25,33000,RENT,3.0,PERSONAL,A,9000,5.79,0,0.27,N,3,2024-01-30
25,33000,RENT,5.0,MEDICAL,A,9000,7.14,0,0.27,N,2,2024-02-09
22,33600,RENT,6.0,PERSONAL,D,9000,11.013786929274843,1,0.27,N,4,2024-01-15
24,64656,MORTGAGE,8.0,EDUCATION,B,14500,10.99,0,0.22,N,4,2024-09-03
24,34000,RENT,2.0,DEBTCONSOLIDATION,C,9000,13.16,0,0.26,N,3,2024-04-08
26,34320,RENT,2.0,EDUCATION,A,9000,6.62,1,0.26,N,2,2024-07-08
23,29000,RENT,2.0,EDUCATION,B,9000,11.71,1,0.31,N,2,2024-03-30
26,64700,MORTGAGE,5.0,HOMEIMPROVEMENT,C,17500,11.013786929274843,0,0.27,Y,2,2024-09-22
25,64800,MORTGAGE,9.0,EDUCATION,B,4500,10.65,0,0.07,N,2,2024-04-08
26,64800,MORTGAGE,5.0,MEDICAL,B,2000,11.99,0,0.03,N,4,2024-10-17
22,29000,RENT,7.0,MEDICAL,B,9000,11.013786929274843,1,0.31,N,2,2024-01-25
23,64800,MORTGAGE,7.0,PERSONAL,C,4000,13.99,0,0.06,Y,2,2024-06-08
23,36000,RENT,3.0,EDUCATION,B,9000,9.99,0,0.25,N,2,2024-03-20
24,64800,MORTGAGE,5.0,VENTURE,A,11000,5.79,0,0.17,N,3,2024-05-12
23,64800,MORTGAGE,7.0,DEBTCONSOLIDATION,C,2400,13.23,0,0.04,N,2,2024-07-13
26,64800,OWN,11.0,MEDICAL,A,3000,11.013786929274843,0,0.05,N,4,2024-12-30
22,36000,RENT,3.0,EDUCATION,C,9000,11.013786929274843,0,0.25,Y,2,2024-03-11
26,64992,MORTGAGE,1.0,DEBTCONSOLIDATION,A,4000,9.63,0,0.06,N,4,2024-12-20
26,64999,MORTGAGE,11.0,VENTURE,B,15000,10.99,0,0.23,N,2,2024-06-15
26,64999,OWN,5.0,VENTURE,C,10000,13.98,0,0.15,Y,3,2024-05-10
22,64999,MORTGAGE,6.0,VENTURE,D,2500,14.61,0,0.04,N,2,2024-08-12
26,65000,MORTGAGE,9.0,PERSONAL,D,3000,18.25,0,0.05,Y,4,2024-04-15
23,36000,RENT,6.0,VENTURE,C,9000,10.78,0,0.25,Y,4,2024-03-17
23,65000,MORTGAGE,7.0,EDUCATION,A,10500,6.03,0,0.16,N,4,2024-02-05
25,59000,MORTGAGE,4.0,PERSONAL,D,3000,16.29,1,0.05,Y,3,2024-05-24
24,37000,RENT,5.0,VENTURE,A,9000,7.14,0,0.24,N,2,2024-09-30
26,65000,MORTGAGE,2.0,HOMEIMPROVEMENT,A,10000,6.62,0,0.15,N,3,2024-08-26
24,65000,MORTGAGE,2.0,VENTURE,B,12000,12.69,0,0.18,N,4,2024-07-22
23,65000,OWN,6.0,PERSONAL,B,6000,10.65,0,0.09,N,2,2024-03-02
24,38400,RENT,6.0,DEBTCONSOLIDATION,A,9000,7.9,0,0.23,N,2,2024-03-20
22,38500,RENT,1.0,MEDICAL,B,9000,10.83,0,0.23,N,2,2024-06-02
23,33359,RENT,2.0,EDUCATION,A,9000,11.013786929274843,1,0.27,N,4,2024-01-11
23,39600,RENT,7.0,PERSONAL,B,9000,11.99,0,0.23,N,3,2024-05-14
24,33996,RENT,1.0,EDUCATION,E,9000,16.0,1,0.26,Y,2,2024-01-19
26,65000,MORTGAGE,1.0,HOMEIMPROVEMENT,B,17000,9.91,0,0.26,N,2,2024-08-21
24,40000,RENT,1.0,VENTURE,B,9000,11.99,0,0.23,N,4,2024-01-13
22,40000,RENT,2.0,EDUCATION,B,9000,10.59,0,0.23,N,4,2024-10-22
24,65000,MORTGAGE,3.0,PERSONAL,B,12000,9.91,0,0.18,N,3,2024-02-14
23,40000,RENT,4.0,VENTURE,A,9000,7.49,0,0.23,N,3,2024-12-10
23,40000,RENT,1.0,EDUCATION,C,9000,12.61,0,0.23,Y,2,2024-06-20
23,34000,RENT,5.0,MEDICAL,E,9000,17.06,1,0.26,Y,4,2024-02-28
24,65000,MORTGAGE,8.0,PERSONAL,B,6300,11.71,0,0.1,N,2,2024-09-24
25,40000,RENT,1.0,PERSONAL,C,9000,12.53,0,0.23,N,2,2024-06-28
26,65000,MORTGAGE,11.0,VENTURE,A,12000,7.9,0,0.18,N,2,2024-01-18
24,65000,MORTGAGE,3.0,EDUCATION,A,6000,6.03,0,0.09,N,3,2024-03-29
23,35500,RENT,2.0,HOMEIMPROVEMENT,D,9000,15.99,1,0.25,Y,2,2024-01-30
24,65000,MORTGAGE,8.0,DEBTCONSOLIDATION,B,6600,10.65,0,0.1,N,2,2024-02-21
24,65000,MORTGAGE,8.0,VENTURE,D,7200,17.58,0,0.11,Y,4,2024-01-08
25,59000,MORTGAGE,9.0,DEBTCONSOLIDATION,A,5000,6.03,1,0.08,N,2,2024-05-01
26,65000,MORTGAGE,10.0,EDUCATION,A,5000,7.51,0,0.08,N,2,2024-01-08
23,42000,RENT,7.0,VENTURE,A,9000,8.49,0,0.21,N,4,2024-09-08
24,65000,MORTGAGE,2.0,PERSONAL,B,8000,12.69,0,0.12,N,2,2024-05-18
23,42000,RENT,3.0,DEBTCONSOLIDATION,A,9000,7.51,0,0.21,N,4,2024-01-22
23,65000,MORTGAGE,7.0,DEBTCONSOLIDATION,A,7425,6.03,0,0.11,N,4,2024-10-09
26,42600,RENT,3.0,PERSONAL,D,9000,14.96,0,0.21,N,2,2024-05-13
25,42900,RENT,9.0,MEDICAL,A,9000,6.76,0,0.21,N,4,2024-02-01
24,65000,MORTGAGE,9.0,PERSONAL,C,4200,15.27,0,0.06,N,2,2024-02-23
26,65000,MORTGAGE,2.0,VENTURE,D,8000,17.27,0,0.12,Y,3,2024-05-18
22,43200,RENT,4.0,EDUCATION,D,9000,14.54,0,0.21,Y,4,2024-07-04
23,65000,MORTGAGE,3.0,MEDICAL,A,7000,7.9,0,0.11,N,4,2024-07-03
24,65000,MORTGAGE,8.0,PERSONAL,A,3300,7.51,0,0.05,N,4,2024-03-22
26,44000,RENT,4.0,DEBTCONSOLIDATION,B,9000,10.99,0,0.2,N,2,2024-06-10
25,44000,RENT,9.0,MEDICAL,A,9000,7.29,0,0.2,N,3,2024-12-20
25,44640,RENT,4.0,PERSONAL,B,9000,10.65,0,0.2,N,4,2024-06-28
23,45000,RENT,7.0,EDUCATION,B,9000,10.65,0,0.2,N,2,2024-10-01
25,65000,MORTGAGE,3.0,EDUCATION,C,10000,12.99,0,0.15,N,2,2024-08-10
22,45000,RENT,7.0,PERSONAL,A,9000,7.9,0,0.2,N,3,2024-02-22
23,45000,RENT,4.0,EDUCATION,A,9000,5.99,0,0.2,N,3,2024-01-14
22,65000,MORTGAGE,6.0,EDUCATION,A,12800,5.99,0,0.2,N,4,2024-06-23
23,65000,MORTGAGE,1.0,VENTURE,A,7000,8.49,0,0.11,N,4,2024-04-11
26,65000,OWN,1.0,HOMEIMPROVEMENT,C,4800,13.49,0,0.07,Y,2,2024-03-16
26,59000,MORTGAGE,5.0,MEDICAL,D,8000,15.99,1,0.14,Y,2,2024-11-16
22,45004,RENT,1.0,PERSONAL,C,9000,14.35,0,0.2,Y,4,2024-01-11
26,65000,MORTGAGE,5.0,DEBTCONSOLIDATION,A,5000,5.42,0,0.08,N,4,2024-05-13
25,39512,RENT,3.0,VENTURE,C,9000,15.23,1,0.23,N,4,2024-09-20
23,65000,MORTGAGE,5.0,EDUCATION,B,4000,11.49,0,0.06,N,4,2024-08-31
24,65000,OWN,6.0,PERSONAL,D,4400,16.89,0,0.07,N,2,2024-01-14
23,65000,MORTGAGE,5.0,VENTURE,A,16500,7.49,0,0.25,N,3,2024-05-24
23,65000,MORTGAGE,8.0,VENTURE,A,3600,7.49,0,0.06,N,3,2024-05-01
24,45888,RENT,5.0,MEDICAL,A,9000,5.79,0,0.2,N,3,2024-02-04
26,46000,RENT,4.0,PERSONAL,A,9000,7.14,0,0.2,N,3,2024-06-01
24,46000,RENT,4.0,PERSONAL,C,9000,13.22,0,0.2,N,3,2024-02-03
23,46200,RENT,5.0,PERSONAL,B,9000,9.99,0,0.19,N,3,2024-01-17
25,46500,RENT,9.0,MEDICAL,C,9000,11.013786929274843,0,0.19,N,3,2024-10-09
24,46704,RENT,2.0,EDUCATION,B,9000,11.49,0,0.19,N,4,2024-12-09
25,47000,RENT,1.0,DEBTCONSOLIDATION,A,9000,7.51,0,0.19,N,3,2024-09-05
22,48000,RENT,2.0,DEBTCONSOLIDATION,A,9000,7.88,0,0.19,N,2,2024-12-11
22,65000,OWN,6.0,VENTURE,B,7000,11.49,0,0.11,N,4,2024-02-17
26,65000,MORTGAGE,9.0,EDUCATION,A,20500,6.99,0,0.32,N,2,2024-08-31
26,48000,RENT,7.0,PERSONAL,A,9000,8.94,0,0.19,N,3,2024-05-22
25,48000,RENT,3.0,PERSONAL,C,9000,13.79,0,0.19,Y,2,2024-02-21
24,65000,MORTGAGE,5.0,EDUCATION,B,9600,11.99,0,0.15,N,3,2024-01-07
25,50000,RENT,5.0,DEBTCONSOLIDATION,B,9000,12.69,0,0.18,N,3,2024-11-14
25,65000,MORTGAGE,1.0,PERSONAL,A,12000,7.49,0,0.18,N,4,2024-10-22
24,65000,MORTGAGE,1.0,PERSONAL,B,6000,10.99,0,0.09,N,2,2024-01-12
26,65000,MORTGAGE,10.0,HOMEIMPROVEMENT,A,8000,6.99,0,0.12,N,3,2024-12-01
23,50000,RENT,7.0,PERSONAL,B,9000,12.18,0,0.18,N,4,2024-07-06
26,50200,RENT,1.0,HOMEIMPROVEMENT,A,9000,7.66,0,0.18,N,3,2024-05-19
26,50760,RENT,3.0,DEBTCONSOLIDATION,A,9000,8.94,0,0.18,N,2,2024-07-31
23,65000,MORTGAGE,5.0,DEBTCONSOLIDATION,A,2275,11.013786929274843,0,0.04,N,2,2024-03-16
25,65000,MORTGAGE,3.0,HOMEIMPROVEMENT,B,1200,10.99,0,0.02,N,2,2024-04-07
23,51000,RENT,2.0,EDUCATION,B,9000,10.99,0,0.18,N,2,2024-06-09
24,51000,RENT,3.0,MEDICAL,A,9000,5.79,0,0.18,N,3,2024-08-14
22,51000,RENT,4.0,EDUCATION,D,9000,15.33,0,0.18,N,4,2024-07-09
26,51400,RENT,4.0,DEBTCONSOLIDATION,C,9000,13.61,0,0.18,N,2,2024-08-09
23,65000,MORTGAGE,7.0,MEDICAL,A,7000,6.99,0,0.11,N,4,2024-08-11
26,65000,MORTGAGE,3.0,HOMEIMPROVEMENT,B,12000,10.99,0,0.18,N,4,2024-02-18
26,51840,RENT,9.0,EDUCATION,A,9000,8.0,0,0.17,N,4,2024-03-31
24,65000,MORTGAGE,3.0,EDUCATION,A,8000,5.99,0,0.12,N,2,2024-05-24
22,65000,MORTGAGE,6.0,DEBTCONSOLIDATION,A,8000,6.99,0,0.12,N,3,2024-07-22
26,65000,MORTGAGE,7.0,HOMEIMPROVEMENT,B,14400,9.99,0,0.22,N,3,2024-01-30
23,65000,MORTGAGE,4.0,DEBTCONSOLIDATION,A,5400,8.9,0,0.08,N,3,2024-12-31
23,65000,MORTGAGE,7.0,EDUCATION,A,10000,7.49,0,0.15,N,2,2024-10-01
23,65000,MORTGAGE,4.0,EDUCATION,D,13600,15.62,0,0.21,Y,2,2024-04-27
22,52000,RENT,6.0,PERSONAL,D,9000,14.11,0,0.17,Y,3,2024-11-07
24,65000,MORTGAGE,7.0,PERSONAL,A,1525,5.42,0,0.02,N,3,2024-10-08
24,52800,RENT,2.0,VENTURE,A,9000,7.9,0,0.17,N,2,2024-05-06
24,52800,RENT,8.0,DEBTCONSOLIDATION,A,9000,7.49,0,0.17,N,4,2024-03-28
23,53664,RENT,1.0,DEBTCONSOLIDATION,B,9000,12.21,0,0.17,N,4,2024-06-10
23,65000,MORTGAGE,2.0,DEBTCONSOLIDATION,A,7000,8.49,0,0.11,N,3,2024-04-09
24,65000,OWN,8.0,PERSONAL,A,6000,6.99,0,0.09,N,2,2024-03-17
22,54000,RENT,4.0,DEBTCONSOLIDATION,C,9000,15.96,0,0.17,Y,3,2024-01-01
24,65000,MORTGAGE,8.0,PERSONAL,B,10000,11.99,0,0.15,N,4,2024-10-15
26,65000,MORTGAGE,8.0,HOMEIMPROVEMENT,A,11500,7.49,0,0.18,N,4,2024-12-04
25,48000,RENT,7.0,HOMEIMPROVEMENT,D,9000,15.05,1,0.19,Y,3,2024-05-06
24,65000,MORTGAGE,8.0,HOMEIMPROVEMENT,A,2000,5.42,0,0.03,N,3,2024-07-05
22,59000,MORTGAGE,7.0,HOMEIMPROVEMENT,D,4900,15.62,1,0.08,Y,4,2024-03-14
25,55000,RENT,9.0,EDUCATION,B,9000,10.99,0,0.16,N,4,2024-06-17
24,65000,MORTGAGE,7.0,DEBTCONSOLIDATION,B,20000,11.013786929274843,0,0.31,N,3,2024-04-11
25,55000,RENT,5.0,HOMEIMPROVEMENT,B,9000,11.11,0,0.16,N,2,2024-10-20
24,65000,MORTGAGE,9.0,HOMEIMPROVEMENT,A,5500,5.79,0,0.08,N,3,2024-02-08
26,65000,MORTGAGE,3.0,VENTURE,A,10000,7.29,0,0.15,N,3,2024-12-06
24,65000,MORTGAGE,8.0,MEDICAL,A,10000,5.79,0,0.15,N,2,2024-12-06
24,55000,RENT,2.0,HOMEIMPROVEMENT,C,9000,14.72,0,0.16,Y,2,2024-07-01
23,65000,MORTGAGE,1.0,PERSONAL,B,10800,10.0,0,0.17,N,4,2024-09-03
26,45000,RENT,2.0,DEBTCONSOLIDATION,A,9050,7.29,0,0.2,N,3,2024-03-24
26,38400,RENT,8.0,VENTURE,D,9100,15.37,0,0.24,Y,2,2024-08-05
23,43200,RENT,2.0,VENTURE,D,9100,13.24,1,0.21,N,2,2024-10-05
24,54996,RENT,6.0,MEDICAL,B,9100,11.013786929274843,0,0.17,N,2,2024-11-14
22,57500,RENT,1.0,DEBTCONSOLIDATION,B,9100,11.49,0,0.16,N,4,2024-11-16
25,65000,MORTGAGE,9.0,PERSONAL,A,5000,7.29,0,0.08,N,4,2024-04-29
22,30000,RENT,6.0,MEDICAL,B,9150,10.59,0,0.3,N,2,2024-11-26
24,65000,OWN,8.0,EDUCATION,A,9000,7.29,0,0.14,N,4,2024-05-27
24,65000,MORTGAGE,8.0,HOMEIMPROVEMENT,A,10000,7.66,0,0.15,N,4,2024-12-01
22,65000,MORTGAGE,2.0,VENTURE,B,10000,11.11,0,0.15,N,3,2024-03-19
26,29000,RENT,10.0,DEBTCONSOLIDATION,A,9200,7.49,1,0.32,N,3,2024-08-29
24,65000,MORTGAGE,7.0,VENTURE,A,6000,5.42,0,0.09,N,3,2024-08-31
23,65000,OWN,8.0,PERSONAL,C,9600,14.17,0,0.15,Y,4,2024-04-04
23,50000,RENT,5.0,EDUCATION,E,9200,15.68,0,0.18,N,2,2024-06-29
23,65000,MORTGAGE,7.0,VENTURE,B,13750,9.62,0,0.21,N,3,2024-04-25
24,65000,MORTGAGE,2.0,EDUCATION,D,20000,14.09,0,0.31,Y,3,2024-09-16
22,62000,RENT,6.0,PERSONAL,C,9200,12.98,0,0.15,N,3,2024-11-02
24,77385,RENT,6.0,DEBTCONSOLIDATION,A,9200,6.03,0,0.12,N,3,2024-11-23
25,59000,MORTGAGE,4.0,HOMEIMPROVEMENT,C,3600,12.98,1,0.06,N,3,2024-08-23
25,82000,RENT,2.0,MEDICAL,A,9200,6.03,0,0.11,N,3,2024-03-19
22,63000,RENT,5.0,EDUCATION,A,9225,5.99,0,0.15,N,4,2024-08-11
24,65000,OWN,8.0,VENTURE,A,12000,6.17,0,0.18,N,4,2024-05-04
25,65000,OWN,1.0,VENTURE,C,12000,12.61,0,0.18,Y,4,2024-12-18
22,24000,RENT,1.0,HOMEIMPROVEMENT,A,9250,8.94,1,0.39,N,2,2024-09-15
25,24996,RENT,2.0,EDUCATION,A,9250,8.59,1,0.37,N,4,2024-08-13
25,25000,RENT,8.0,VENTURE,B,9250,10.75,1,0.37,N,3,2024-11-25
25,25716,RENT,1.0,MEDICAL,A,9250,6.54,1,0.36,N,3,2024-02-21
22,65000,MORTGAGE,4.0,EDUCATION,C,10000,13.35,0,0.15,N,4,2024-12-30
24,65000,MORTGAGE,5.0,MEDICAL,B,2000,9.62,0,0.03,N,3,2024-06-04
23,65000,MORTGAGE,7.0,EDUCATION,A,9000,7.88,0,0.14,N,3,2024-03-21
22,27120,RENT,5.0,DEBTCONSOLIDATION,C,9250,13.11,1,0.34,Y,4,2024-03-21
24,65000,OWN,6.0,EDUCATION,A,3500,6.76,0,0.05,N,4,2024-06-19
23,65000,MORTGAGE,7.0,VENTURE,A,6250,6.76,0,0.1,N,2,2024-02-17
24,27456,RENT,1.0,MEDICAL,C,9250,12.87,1,0.34,N,3,2024-09-22
23,65000,OWN,7.0,MEDICAL,C,10000,13.98,0,0.15,N,4,2024-04-12
25,65000,MORTGAGE,2.0,MEDICAL,B,10000,10.75,0,0.15,N,4,2024-12-03
25,65000,MORTGAGE,3.0,VENTURE,C,7000,14.72,0,0.11,N,3,2024-01-17
25,65000,MORTGAGE,1.0,PERSONAL,B,15000,11.12,0,0.23,N,4,2024-03-29
23,28800,RENT,1.0,VENTURE,C,9250,14.35,1,0.32,Y,3,2024-11-26
24,65000,MORTGAGE,3.0,DEBTCONSOLIDATION,C,7000,13.61,0,0.11,Y,3,2024-06-26
24,28800,RENT,3.0,DEBTCONSOLIDATION,C,9250,13.57,1,0.32,N,3,2024-07-04
22,65000,MORTGAGE,2.0,DEBTCONSOLIDATION,B,13000,10.38,0,0.2,N,2,2024-02-01
22,65000,MORTGAGE,2.0,PERSONAL,C,13000,14.35,0,0.2,Y,4,2024-01-29
22,31000,RENT,7.0,MEDICAL,D,9250,14.11,1,0.3,N,4,2024-07-28
22,32400,RENT,6.0,MEDICAL,D,9250,14.46,1,0.29,Y,4,2024-06-26
23,36707,RENT,3.0,PERSONAL,D,9250,16.32,0,0.25,Y,4,2024-08-20
24,65000,MORTGAGE,6.0,PERSONAL,B,11000,11.49,0,0.17,N,2,2024-09-07
23,65000,MORTGAGE,7.0,VENTURE,A,14400,7.51,0,0.22,N,3,2024-06-26
23,65000,MORTGAGE,7.0,EDUCATION,A,5500,7.88,0,0.08,N,3,2024-04-03
23,40000,RENT,7.0,EDUCATION,D,9250,16.07,0,0.23,N,2,2024-12-15
26,65000,MORTGAGE,11.0,HOMEIMPROVEMENT,A,10950,7.88,0,0.17,N,2,2024-05-19
22,65000,MORTGAGE,6.0,MEDICAL,B,3800,11.12,0,0.06,N,4,2024-11-02
26,65000,MORTGAGE,6.0,VENTURE,E,22000,17.19,0,0.34,N,2,2024-01-26
22,66800,RENT,2.0,DEBTCONSOLIDATION,A,9300,11.013786929274843,0,0.14,N,3,2024-06-23
25,65000,MORTGAGE,6.0,MEDICAL,B,15000,11.86,0,0.23,N,3,2024-07-31
25,65000,OWN,3.0,VENTURE,A,8700,7.88,0,0.13,N,3,2024-10-12
22,65000,MORTGAGE,6.0,EDUCATION,A,10000,7.88,0,0.15,N,2,2024-10-04
23,70522,RENT,7.0,MEDICAL,C,9325,10.91,0,0.13,Y,3,2024-06-14
23,65000,MORTGAGE,4.0,MEDICAL,A,7000,7.14,0,0.11,N,3,2024-01-14
22,50000,RENT,4.0,EDUCATION,A,9350,7.49,0,0.19,N,3,2024-02-08
24,65000,MORTGAGE,5.0,VENTURE,A,8000,7.51,0,0.12,N,4,2024-07-01
22,30000,RENT,1.0,PERSONAL,B,9375,11.71,1,0.31,N,2,2024-06-28
22,65000,MORTGAGE,4.0,DEBTCONSOLIDATION,C,8100,13.11,0,0.12,N,4,2024-10-31
22,65000,MORTGAGE,6.0,VENTURE,B,6000,11.013786929274843,0,0.09,N,2,2024-09-18
25,59000,MORTGAGE,9.0,EDUCATION,B,20000,11.36,1,0.34,N,2,2024-05-30
26,59000,MORTGAGE,2.0,HOMEIMPROVEMENT,C,20000,13.48,1,0.34,Y,3,2024-01-08
24,65000,MORTGAGE,8.0,PERSONAL,A,2500,6.39,0,0.04,N,3,2024-04-19
26,45500,RENT,2.0,EDUCATION,B,9400,9.91,0,0.21,N,2,2024-12-04
23,44000,RENT,2.0,VENTURE,E,9400,16.32,1,0.21,Y,3,2024-07-12
24,65000,OWN,3.0,PERSONAL,B,6000,11.36,0,0.09,N,2,2024-11-21
23,50400,RENT,5.0,EDUCATION,B,9400,9.99,0,0.19,N,4,2024-03-03
22,45000,RENT,6.0,MEDICAL,C,9425,13.49,0,0.21,Y,2,2024-01-12
23,65000,MORTGAGE,2.0,DEBTCONSOLIDATION,B,4400,11.36,0,0.07,N,4,2024-11-06
24,25000,RENT,3.0,MEDICAL,A,9450,6.62,1,0.38,N,4,2024-12-26
23,65000,MORTGAGE,3.0,PERSONAL,A,8000,7.14,0,0.12,N,4,2024-05-20
24,65000,MORTGAGE,1.0,EDUCATION,A,8500,7.51,0,0.13,N,2,2024-02-29
24,33600,RENT,2.0,PERSONAL,A,9450,7.66,1,0.28,N,2,2024-11-30
24,65000,MORTGAGE,7.0,VENTURE,D,14000,15.31,0,0.22,Y,4,2024-11-10
26,34200,RENT,9.0,MEDICAL,D,9450,15.62,1,0.28,N,3,2024-04-01
25,19200,RENT,1.0,VENTURE,A,9500,7.88,1,0.49,N,4,2024-12-10
26,65000,OWN,3.0,MEDICAL,C,7000,13.92,0,0.11,Y,3,2024-04-11
22,65000,OWN,6.0,MEDICAL,C,3000,13.92,0,0.05,Y,4,2024-10-21
23,65000,MORTGAGE,7.0,EDUCATION,B,6000,11.48,0,0.09,N,4,2024-08-04
23,65000,MORTGAGE,4.0,EDUCATION,A,7500,8.59,0,0.12,N,3,2024-10-31
24,28000,RENT,1.0,MEDICAL,A,9500,5.99,1,0.34,N,3,2024-07-04
26,28000,RENT,4.0,MEDICAL,A,9500,8.94,1,0.34,N,4,2024-02-08
24,30000,RENT,1.0,VENTURE,C,9500,13.92,1,0.32,N,2,2024-01-26
22,32000,RENT,5.0,PERSONAL,C,9500,13.57,0,0.3,N,3,2024-01-04
23,65000,MORTGAGE,2.0,EDUCATION,B,20000,12.18,0,0.31,N,4,2024-05-30
24,37157,RENT,4.0,MEDICAL,B,9500,10.99,0,0.26,N,2,2024-10-30
24,65000,MORTGAGE,1.0,MEDICAL,A,10000,8.59,0,0.15,N,3,2024-07-10
23,34000,RENT,1.0,VENTURE,C,9500,11.013786929274843,1,0.28,N,3,2024-12-13
24,59000,OWN,2.0,MEDICAL,E,12000,17.74,1,0.2,Y,2,2024-02-06
22,59000,OTHER,3.0,MEDICAL,D,12000,11.013786929274843,1,0.2,Y,3,2024-01-27
22,65000,MORTGAGE,6.0,VENTURE,A,17000,8.94,0,0.26,N,2,2024-05-30
23,41000,RENT,5.0,EDUCATION,A,9500,7.88,0,0.23,N,2,2024-11-05
25,46000,RENT,1.0,MEDICAL,B,9500,11.013786929274843,0,0.21,N,3,2024-06-03
25,46500,RENT,5.0,EDUCATION,A,9500,6.76,0,0.2,N,3,2024-10-30
23,40574,RENT,2.0,HOMEIMPROVEMENT,D,9500,14.74,1,0.23,Y,4,2024-04-20
26,47000,RENT,5.0,PERSONAL,C,9500,12.87,0,0.2,N,4,2024-04-22
22,65000,OWN,1.0,VENTURE,D,5000,15.37,0,0.08,N,4,2024-05-15
22,59000,OTHER,1.0,DEBTCONSOLIDATION,D,15000,11.013786929274843,1,0.25,Y,2,2024-03-28
24,59000,MORTGAGE,3.0,DEBTCONSOLIDATION,C,6800,12.53,1,0.12,Y,4,2024-07-08
22,65000,MORTGAGE,6.0,VENTURE,A,1500,9.32,0,0.02,N,2,2024-02-23
22,50000,RENT,6.0,MEDICAL,A,9500,6.99,0,0.19,N,2,2024-09-02
24,52500,RENT,1.0,EDUCATION,C,9500,14.79,0,0.18,Y,3,2024-12-18
26,65000,MORTGAGE,6.0,MEDICAL,B,9250,11.013786929274843,0,0.14,N,2,2024-10-31
23,54000,RENT,7.0,MEDICAL,C,9500,14.65,0,0.18,N,2,2024-08-08
26,54011,RENT,10.0,EDUCATION,D,9500,16.29,0,0.18,N,2,2024-11-28
24,55000,RENT,5.0,VENTURE,A,9500,9.63,0,0.17,N,4,2024-04-29
23,65000,MORTGAGE,2.0,EDUCATION,B,15000,10.95,0,0.23,N,3,2024-09-19
25,65000,MORTGAGE,6.0,PERSONAL,C,7500,13.47,0,0.12,N,4,2024-11-14
22,56400,RENT,2.0,DEBTCONSOLIDATION,A,9500,8.9,0,0.17,N,4,2024-07-27
22,59000,MORTGAGE,3.0,DEBTCONSOLIDATION,D,19750,14.11,1,0.33,Y,3,2024-11-23
25,57000,RENT,2.0,EDUCATION,A,9500,6.17,0,0.17,N,4,2024-02-23
25,57000,RENT,1.0,HOMEIMPROVEMENT,B,9500,12.53,0,0.17,N,4,2024-12-29
22,65000,MORTGAGE,4.0,EDUCATION,A,9000,9.63,0,0.14,N,3,2024-11-12
25,61000,RENT,4.0,VENTURE,A,9500,7.51,0,0.16,N,2,2024-07-06
25,68000,RENT,2.0,DEBTCONSOLIDATION,A,9500,7.14,0,0.14,N,3,2024-04-11
26,65000,MORTGAGE,4.0,EDUCATION,B,5000,11.89,0,0.08,N,4,2024-12-21
23,65000,MORTGAGE,7.0,VENTURE,C,17600,12.72,0,0.27,N,3,2024-03-01
24,58650,RENT,4.0,MEDICAL,D,9500,16.49,1,0.14,N,3,2024-08-18
22,69000,RENT,1.0,HOMEIMPROVEMENT,D,9500,15.33,1,0.14,Y,4,2024-07-29
26,65000,MORTGAGE,6.0,EDUCATION,A,6000,9.07,0,0.09,N,3,2024-09-28
24,70446,RENT,1.0,PERSONAL,A,9550,7.49,0,0.14,N,3,2024-08-11
22,65000,MORTGAGE,1.0,PERSONAL,B,7500,10.08,0,0.12,N,4,2024-10-03
23,65000,MORTGAGE,7.0,EDUCATION,B,5125,10.71,0,0.08,N,4,2024-02-15
25,65000,OWN,9.0,PERSONAL,C,7000,11.66,0,0.11,Y,4,2024-07-27
22,43000,RENT,1.0,DEBTCONSOLIDATION,A,9575,6.62,0,0.22,N,3,2024-04-05
23,22000,RENT,3.0,EDUCATION,C,9600,13.16,1,0.44,N,2,2024-05-19
25,24000,RENT,9.0,PERSONAL,B,9600,11.71,1,0.4,N,4,2024-10-12
23,65000,MORTGAGE,1.0,EDUCATION,E,15000,14.5,0,0.23,N,4,2024-08-17
23,65000,MORTGAGE,7.0,EDUCATION,A,4000,7.75,0,0.06,N,2,2024-01-03
23,65000,MORTGAGE,7.0,PERSONAL,A,5000,7.43,0,0.08,N,4,2024-10-23
22,65004,MORTGAGE,5.0,VENTURE,A,12500,6.03,0,0.19,N,4,2024-11-17
22,65004,MORTGAGE,6.0,MEDICAL,A,5500,6.03,0,0.08,N,2,2024-01-24
24,65004,MORTGAGE,8.0,HOMEIMPROVEMENT,C,3600,13.49,0,0.06,Y,4,2024-07-10
22,65004,OWN,3.0,VENTURE,B,4000,10.99,0,0.06,N,3,2024-05-16
23,33280,RENT,2.0,VENTURE,C,9600,11.013786929274843,0,0.29,N,4,2024-06-21
26,33996,RENT,1.0,MEDICAL,B,9600,9.88,0,0.28,N,2,2024-09-17
25,65004,MORTGAGE,9.0,MEDICAL,A,4500,6.92,0,0.07,N,2,2024-01-15
22,65004,MORTGAGE,5.0,EDUCATION,A,6500,11.013786929274843,0,0.1,N,2,2024-10-22
22,65004,MORTGAGE,6.0,MEDICAL,B,6500,9.25,0,0.1,N,4,2024-02-13
26,65004,MORTGAGE,7.0,HOMEIMPROVEMENT,B,20000,10.36,0,0.31,N,3,2024-02-21
25,34000,RENT,3.0,MEDICAL,A,9600,7.88,0,0.28,N,4,2024-05-17
23,34560,RENT,5.0,DEBTCONSOLIDATION,D,9600,16.02,1,0.28,Y,3,2024-06-12
22,34800,RENT,7.0,PERSONAL,G,9600,19.16,1,0.28,Y,2,2024-12-07
25,35000,RENT,5.0,VENTURE,B,9600,9.91,0,0.27,N,2,2024-05-14
23,65004,MORTGAGE,7.0,PERSONAL,A,15000,7.88,0,0.23,N,3,2024-01-30
22,35000,RENT,1.0,EDUCATION,B,9600,11.99,0,0.27,N,4,2024-02-03
23,35400,RENT,4.0,VENTURE,B,9600,11.89,0,0.27,N,2,2024-04-04
26,36996,RENT,8.0,PERSONAL,C,9600,11.97,0,0.26,Y,4,2024-08-14
25,31000,RENT,5.0,DEBTCONSOLIDATION,D,9600,16.77,1,0.31,N,3,2024-11-02
23,65004,OWN,5.0,VENTURE,C,7000,12.87,0,0.11,Y,2,2024-08-11
26,65004,MORTGAGE,10.0,HOMEIMPROVEMENT,B,5000,11.58,0,0.08,N,3,2024-11-12
23,31800,RENT,7.0,PERSONAL,C,9600,13.48,1,0.3,Y,3,2024-12-23
25,65004,MORTGAGE,1.0,MEDICAL,C,5000,13.47,0,0.08,Y,3,2024-12-28
24,40000,RENT,2.0,VENTURE,C,9600,14.65,0,0.24,N,4,2024-06-14
26,40000,RENT,3.0,VENTURE,C,9600,14.27,0,0.24,N,4,2024-03-18
25,34000,RENT,7.0,PERSONAL,D,9600,14.54,1,0.28,N,2,2024-10-12
23,65100,MORTGAGE,1.0,MEDICAL,C,9000,14.79,0,0.14,Y,4,2024-12-23
24,65158,MORTGAGE,9.0,VENTURE,B,18000,10.25,0,0.28,N,4,2024-07-04
22,65200,MORTGAGE,1.0,DEBTCONSOLIDATION,A,4000,7.14,0,0.06,N,4,2024-04-05
24,65200,MORTGAGE,5.0,MEDICAL,B,3000,11.26,0,0.05,N,3,2024-12-05
23,65280,OWN,4.0,MEDICAL,B,18000,10.99,0,0.28,N,4,2024-01-26
22,65338,MORTGAGE,6.0,EDUCATION,B,6500,11.71,0,0.1,N,4,2024-06-29
23,65400,MORTGAGE,4.0,VENTURE,D,20000,15.05,0,0.31,Y,4,2024-02-14
22,36000,RENT,3.0,EDUCATION,D,9600,17.27,1,0.27,Y,4,2024-02-07
22,65416,MORTGAGE,6.0,EDUCATION,A,8000,6.92,0,0.12,N,2,2024-01-18
25,65454,MORTGAGE,9.0,DEBTCONSOLIDATION,B,8400,11.99,0,0.13,N,2,2024-05-10
22,42500,RENT,1.0,EDUCATION,C,9600,11.22,0,0.23,Y,2,2024-01-15
23,65500,MORTGAGE,3.0,PERSONAL,B,16800,11.013786929274843,0,0.26,N,2,2024-04-03
25,37200,RENT,6.0,HOMEIMPROVEMENT,A,9600,5.99,1,0.26,N,4,2024-07-10
22,39000,RENT,5.0,PERSONAL,D,9600,16.77,1,0.25,Y,2,2024-12-28
22,45000,RENT,2.0,EDUCATION,C,9600,12.73,0,0.21,N,3,2024-06-12
24,65544,OWN,4.0,EDUCATION,B,5000,10.74,0,0.08,N,2,2024-12-08
23,45000,RENT,2.0,EDUCATION,B,9600,10.25,0,0.21,N,2,2024-12-16
25,59600,MORTGAGE,5.0,EDUCATION,E,6000,16.45,1,0.1,N,4,2024-10-15
26,59600,MORTGAGE,9.0,VENTURE,E,21000,16.45,1,0.35,N,2,2024-09-19
24,65600,MORTGAGE,8.0,VENTURE,A,10000,11.013786929274843,0,0.15,N,3,2024-01-13
25,65600,MORTGAGE,1.0,MEDICAL,C,10000,11.78,0,0.15,Y,2,2024-01-26
25,65707,MORTGAGE,1.0,EDUCATION,D,2000,14.59,0,0.03,N,3,2024-04-12
23,65748,MORTGAGE,6.0,EDUCATION,A,8800,9.63,0,0.13,N,3,2024-10-30
22,65856,MORTGAGE,6.0,MEDICAL,C,16800,13.92,0,0.26,N,2,2024-03-08
23,50000,RENT,2.0,EDUCATION,C,9600,14.26,0,0.19,N,3,2024-02-01
24,50500,RENT,7.0,HOMEIMPROVEMENT,A,9600,11.013786929274843,0,0.19,N,2,2024-05-17
24,66000,MORTGAGE,8.0,PERSONAL,D,15000,18.25,0,0.23,N,4,2024-02-20
24,45000,RENT,7.0,DEBTCONSOLIDATION,D,9600,15.31,1,0.21,Y,3,2024-12-30
26,53000,RENT,7.0,VENTURE,B,9600,11.71,0,0.18,N,2,2024-08-09
22,53000,RENT,2.0,VENTURE,A,9600,7.66,0,0.18,N,4,2024-02-22
23,66000,MORTGAGE,7.0,VENTURE,A,15000,6.03,0,0.23,N,4,2024-10-23
22,54000,RENT,6.0,PERSONAL,A,9600,7.9,0,0.18,N,4,2024-06-10
22,66000,OWN,6.0,EDUCATION,A,5000,7.9,0,0.08,N,4,2024-04-23
22,66000,OWN,6.0,DEBTCONSOLIDATION,D,7500,17.58,0,0.11,Y,4,2024-05-28
25,60000,MORTGAGE,5.0,HOMEIMPROVEMENT,C,8000,14.27,1,0.13,N,3,2024-05-09
23,66000,MORTGAGE,5.0,VENTURE,A,6000,6.62,0,0.09,N,2,2024-01-20
25,49000,RENT,10.0,EDUCATION,A,9600,7.51,1,0.2,N,2,2024-05-07
22,55000,RENT,3.0,MEDICAL,A,9600,8.9,0,0.17,N,4,2024-10-21
23,55000,RENT,7.0,VENTURE,A,9600,7.49,0,0.17,N,2,2024-04-29
26,55000,RENT,4.0,VENTURE,A,9600,7.66,0,0.17,N,2,2024-09-17
22,49000,RENT,3.0,DEBTCONSOLIDATION,D,9600,11.013786929274843,1,0.2,N,2,2024-06-01
23,66000,MORTGAGE,4.0,VENTURE,B,3000,11.013786929274843,0,0.05,N,4,2024-09-23
25,66000,OWN,9.0,PERSONAL,A,15000,7.49,0,0.23,N,4,2024-09-26
22,66000,OWN,1.0,VENTURE,C,15000,14.79,0,0.23,Y,3,2024-02-08
26,58000,RENT,10.0,EDUCATION,C,9600,13.99,0,0.17,Y,4,2024-11-08
22,60000,RENT,4.0,PERSONAL,A,9600,7.9,0,0.16,N,3,2024-01-10
25,60000,RENT,9.0,DEBTCONSOLIDATION,A,9600,7.9,0,0.16,N,2,2024-05-20
26,66000,MORTGAGE,7.0,PERSONAL,B,4000,11.99,0,0.06,N,2,2024-11-17
23,66000,MORTGAGE,8.0,EDUCATION,B,8750,9.99,0,0.13,N,2,2024-07-05
23,54000,RENT,2.0,PERSONAL,F,9600,20.62,1,0.18,Y,2,2024-03-27
25,54000,RENT,5.0,HOMEIMPROVEMENT,D,9600,15.62,1,0.18,N,2,2024-09-02
25,66000,MORTGAGE,9.0,MEDICAL,B,6600,11.49,0,0.1,N,4,2024-06-22
22,66000,MORTGAGE,6.0,DEBTCONSOLIDATION,B,10000,11.49,0,0.15,N,3,2024-10-28
26,66000,MORTGAGE,10.0,DEBTCONSOLIDATION,A,15500,7.49,0,0.23,N,2,2024-03-18
24,66000,MORTGAGE,7.0,VENTURE,C,11200,13.99,0,0.17,N,2,2024-02-19
25,63000,RENT,5.0,EDUCATION,D,9600,14.46,0,0.15,Y,4,2024-07-03
23,66000,MORTGAGE,7.0,VENTURE,B,2700,10.74,0,0.04,N,3,2024-02-04
22,66000,MORTGAGE,6.0,PERSONAL,A,12000,5.79,0,0.18,N,3,2024-09-29
22,65000,RENT,6.0,PERSONAL,C,9600,12.99,0,0.15,Y,4,2024-07-17
26,59000,RENT,3.0,EDUCATION,A,9600,7.49,1,0.16,N,3,2024-01-01
23,66000,MORTGAGE,7.0,PERSONAL,B,10000,9.63,0,0.15,N,4,2024-06-20
22,65000,RENT,3.0,MEDICAL,C,9600,11.97,0,0.15,N,2,2024-06-10
26,66000,MORTGAGE,6.0,DEBTCONSOLIDATION,B,7000,9.63,0,0.11,N,2,2024-04-15
24,65450,RENT,7.0,DEBTCONSOLIDATION,A,9600,8.49,0,0.15,N,2,2024-02-13
24,66000,RENT,8.0,PERSONAL,B,9600,11.26,0,0.15,N,3,2024-11-17
22,68004,RENT,4.0,DEBTCONSOLIDATION,A,9600,7.51,0,0.14,N,2,2024-03-02
24,66000,MORTGAGE,8.0,MEDICAL,A,15000,6.54,0,0.23,N,4,2024-02-23
24,69996,RENT,1.0,EDUCATION,B,9600,11.71,0,0.14,N,4,2024-08-07
22,66000,MORTGAGE,6.0,VENTURE,B,2400,11.013786929274843,0,0.04,N,2,2024-02-28
22,66000,MORTGAGE,4.0,DEBTCONSOLIDATION,A,2700,6.76,0,0.04,N,3,2024-12-17
23,70560,RENT,1.0,MEDICAL,A,9600,7.9,0,0.14,N,4,2024-09-05
25,66000,MORTGAGE,4.0,HOMEIMPROVEMENT,C,15000,14.35,0,0.23,N,4,2024-02-19
22,66000,MORTGAGE,5.0,DEBTCONSOLIDATION,A,8500,7.51,0,0.13,N,2,2024-06-29
23,66000,MORTGAGE,3.0,VENTURE,A,6000,7.88,0,0.09,N,2,2024-01-30
25,71000,RENT,5.0,HOMEIMPROVEMENT,A,9600,5.79,0,0.14,N,4,2024-11-19
22,72576,RENT,7.0,EDUCATION,A,9600,7.29,0,0.13,N,3,2024-10-27
24,73000,RENT,5.0,MEDICAL,C,9600,13.92,0,0.13,Y,3,2024-03-29
25,75000,RENT,8.0,PERSONAL,B,9600,12.69,0,0.13,N,3,2024-07-17
26,75000,RENT,2.0,PERSONAL,B,9600,10.0,0,0.13,N,4,2024-12-17
24,66000,MORTGAGE,5.0,DEBTCONSOLIDATION,B,13000,10.25,0,0.2,N,2,2024-11-26
23,66000,MORTGAGE,7.0,VENTURE,B,5000,9.88,0,0.08,N,4,2024-01-11
22,66000,MORTGAGE,7.0,PERSONAL,B,20000,10.25,0,0.3,N,4,2024-08-12
26,60000,MORTGAGE,7.0,EDUCATION,D,15000,14.59,1,0.25,Y,4,2024-03-18
23,60000,MORTGAGE,5.0,DEBTCONSOLIDATION,C,5600,14.22,1,0.09,Y,4,2024-02-07
23,80000,RENT,2.0,PERSONAL,A,9600,7.88,0,0.12,N,4,2024-06-15
26,66000,MORTGAGE,5.0,MEDICAL,B,15000,9.88,0,0.23,N,4,2024-12-11
26,80000,RENT,4.0,EDUCATION,A,9600,11.013786929274843,0,0.12,N,2,2024-09-14
23,66000,MORTGAGE,1.0,EDUCATION,B,13200,11.14,0,0.2,N,4,2024-10-28
25,80000,RENT,2.0,EDUCATION,B,9600,12.21,0,0.12,N,4,2024-10-16
22,66000,MORTGAGE,4.0,EDUCATION,B,17500,11.48,0,0.27,N,3,2024-06-17
22,81960,RENT,6.0,PERSONAL,A,9600,7.29,0,0.12,N,2,2024-03-08
25,83000,RENT,3.0,EDUCATION,B,9600,10.99,0,0.12,N,2,2024-01-09
24,77964,RENT,4.0,DEBTCONSOLIDATION,D,9600,14.42,1,0.12,N,2,2024-06-21
23,85000,RENT,2.0,MEDICAL,B,9600,10.99,0,0.11,N,4,2024-08-15
26,60000,MORTGAGE,9.0,PERSONAL,B,10000,12.21,1,0.17,N,4,2024-09-19
24,85392,RENT,9.0,EDUCATION,A,9600,7.29,0,0.11,N,3,2024-03-13
23,88000,RENT,7.0,PERSONAL,A,9600,5.79,0,0.11,N,3,2024-04-24
22,66000,MORTGAGE,6.0,EDUCATION,C,15000,11.72,0,0.23,Y,2,2024-11-14
25,66000,MORTGAGE,7.0,MEDICAL,C,5875,10.91,0,0.09,Y,4,2024-05-25
26,90000,RENT,2.0,DEBTCONSOLIDATION,C,9600,13.85,0,0.11,Y,4,2024-07-04
25,66125,MORTGAGE,2.0,EDUCATION,C,4000,12.53,0,0.06,Y,4,2024-03-26
24,94000,RENT,6.0,PERSONAL,C,9600,12.99,0,0.1,Y,2,2024-05-16
24,94837,RENT,8.0,HOMEIMPROVEMENT,B,9600,11.99,0,0.1,N,2,2024-06-26
22,66250,MORTGAGE,5.0,MEDICAL,A,8700,6.92,0,0.13,N,3,2024-08-22
25,66252,OWN,10.0,MEDICAL,C,5000,12.53,0,0.08,Y,4,2024-03-09
26,66384,MORTGAGE,3.0,VENTURE,A,10000,7.88,0,0.15,N,4,2024-02-26
22,66396,MORTGAGE,6.0,EDUCATION,C,15000,13.48,0,0.23,N,2,2024-02-27
25,66420,MORTGAGE,1.0,MEDICAL,B,4000,12.18,0,0.06,N,3,2024-02-21
23,66480,OWN,6.0,EDUCATION,A,4000,8.32,0,0.06,N,2,2024-08-04
25,66500,MORTGAGE,9.0,DEBTCONSOLIDATION,B,5000,9.63,0,0.08,N,3,2024-09-27
24,66500,MORTGAGE,7.0,VENTURE,C,1400,12.53,0,0.02,Y,4,2024-12-28
26,66504,MORTGAGE,10.0,EDUCATION,C,12000,12.53,0,0.18,N,3,2024-10-23
24,60516,OTHER,8.0,DEBTCONSOLIDATION,B,18000,11.26,1,0.3,N,4,2024-02-25
24,66600,OWN,3.0,VENTURE,B,7200,10.65,0,0.11,N,4,2024-03-16
23,66661,MORTGAGE,7.0,MEDICAL,B,1500,11.49,0,0.02,N,3,2024-04-18
26,66912,MORTGAGE,10.0,MEDICAL,A,12000,5.42,0,0.18,N,3,2024-10-22
23,66912,MORTGAGE,7.0,PERSONAL,C,16000,12.73,0,0.24,N,3,2024-07-17
25,30000,RENT,1.0,EDUCATION,A,9950,8.49,1,0.33,N,4,2024-08-21
26,66948,OWN,11.0,PERSONAL,B,20000,10.95,0,0.3,N,4,2024-08-31
22,66996,MORTGAGE,6.0,EDUCATION,B,6000,10.37,0,0.09,N,3,2024-10-26
24,66996,MORTGAGE,5.0,EDUCATION,B,10000,9.62,0,0.15,N,2,2024-03-10
22,66996,OWN,3.0,VENTURE,C,7000,14.72,0,0.1,Y,3,2024-09-26
23,66996,MORTGAGE,2.0,DEBTCONSOLIDATION,A,7000,7.88,0,0.1,N,4,2024-09-03
23,66996,MORTGAGE,7.0,MEDICAL,A,10000,9.32,0,0.15,N,3,2024-01-13
24,66996,MORTGAGE,8.0,MEDICAL,A,1000,9.32,0,0.01,N,4,2024-04-16
22,20000,RENT,2.0,EDUCATION,A,10000,7.49,1,0.5,N,4,2024-04-18
22,20008,RENT,2.0,EDUCATION,B,10000,10.95,1,0.5,N,2,2024-11-21
24,67000,OWN,2.0,MEDICAL,B,16000,12.69,0,0.24,N,4,2024-06-19
22,21000,RENT,4.0,EDUCATION,C,10000,13.72,1,0.48,Y,2,2024-05-11
22,21000,RENT,2.0,DEBTCONSOLIDATION,C,10000,12.73,1,0.48,Y,4,2024-10-22
22,67000,OWN,5.0,EDUCATION,D,7500,16.29,0,0.11,Y,3,2024-08-16
25,67000,MORTGAGE,3.0,PERSONAL,A,3000,7.9,0,0.04,N,3,2024-09-28
26,67000,MORTGAGE,1.0,VENTURE,A,29000,7.51,0,0.43,N,2,2024-12-24
23,67000,MORTGAGE,7.0,MEDICAL,B,2500,11.71,0,0.04,N,3,2024-06-08
26,67000,MORTGAGE,4.0,MEDICAL,A,10400,8.9,0,0.16,N,4,2024-08-11
23,21000,RENT,3.0,MEDICAL,C,10000,13.16,1,0.48,Y,4,2024-05-01
23,21000,RENT,3.0,PERSONAL,B,10000,12.21,1,0.48,N,4,2024-03-04
23,67000,MORTGAGE,7.0,VENTURE,A,10000,11.013786929274843,0,0.15,N,3,2024-09-27
26,22000,RENT,10.0,VENTURE,B,10000,9.63,1,0.45,N,4,2024-08-29
26,22000,RENT,9.0,MEDICAL,D,10000,14.59,1,0.45,Y,2,2024-11-15
24,67000,MORTGAGE,9.0,EDUCATION,A,10400,5.99,0,0.16,N,2,2024-12-02
23,67000,MORTGAGE,2.0,DEBTCONSOLIDATION,A,5600,7.49,0,0.08,N,2,2024-03-24
22,23000,RENT,6.0,MEDICAL,B,10000,9.88,1,0.43,N,2,2024-06-29
25,23387,RENT,2.0,PERSONAL,A,10000,7.51,1,0.43,N,4,2024-08-05
26,23624,RENT,6.0,PERSONAL,B,10000,9.88,1,0.42,N,2,2024-12-02
24,23700,RENT,8.0,VENTURE,A,10000,9.32,1,0.42,N,4,2024-07-12
25,24000,RENT,4.0,HOMEIMPROVEMENT,B,10000,9.91,1,0.42,N,4,2024-05-06
26,24000,RENT,3.0,MEDICAL,A,10000,11.013786929274843,1,0.42,N,2,2024-10-03
24,24000,RENT,3.0,DEBTCONSOLIDATION,B,10000,10.38,1,0.42,N,4,2024-09-04
24,67000,MORTGAGE,2.0,HOMEIMPROVEMENT,B,12150,10.37,0,0.18,N,3,2024-05-25
23,67000,MORTGAGE,3.0,DEBTCONSOLIDATION,A,9250,5.79,0,0.14,N,2,2024-02-23
22,67000,MORTGAGE,7.0,DEBTCONSOLIDATION,A,8800,7.51,0,0.13,N,2,2024-04-09
22,67000,MORTGAGE,6.0,VENTURE,A,4000,6.76,0,0.06,N,3,2024-02-10
23,67000,OWN,1.0,VENTURE,A,3250,6.76,0,0.05,N,2,2024-11-19
24,24000,RENT,6.0,DEBTCONSOLIDATION,B,10000,10.99,1,0.42,N,4,2024-04-23
22,24000,RENT,6.0,DEBTCONSOLIDATION,A,10000,11.013786929274843,1,0.42,N,3,2024-10-28
22,67000,OWN,3.0,EDUCATION,A,12000,8.59,0,0.18,N,2,2024-09-28
24,24000,RENT,3.0,VENTURE,B,10000,8.7,1,0.42,N,2,2024-03-13
23,67000,OWN,7.0,PERSONAL,C,6400,11.013786929274843,0,0.1,N,3,2024-02-26
26,24996,RENT,2.0,PERSONAL,B,10000,11.013786929274843,1,0.4,N,4,2024-03-16
24,67000,OWN,3.0,VENTURE,C,13000,11.013786929274843,0,0.19,Y,3,2024-10-07
22,24996,RENT,3.0,MEDICAL,A,10000,8.94,1,0.4,N,4,2024-01-15
26,67000,MORTGAGE,10.0,PERSONAL,B,10000,12.21,0,0.15,N,3,2024-08-02
23,67000,MORTGAGE,1.0,EDUCATION,E,16000,16.32,0,0.24,Y,2,2024-07-15
23,61000,MORTGAGE,7.0,HOMEIMPROVEMENT,C,18000,12.09,1,0.3,Y,3,2024-07-29
24,25000,RENT,4.0,VENTURE,B,10000,11.36,1,0.4,N,2,2024-09-09
23,25000,RENT,3.0,VENTURE,B,10000,11.83,1,0.4,N,3,2024-06-26
24,61100,MORTGAGE,4.0,DEBTCONSOLIDATION,D,25000,17.49,1,0.41,N,3,2024-09-15
22,67145,MORTGAGE,2.0,EDUCATION,B,10000,10.62,0,0.15,N,4,2024-07-08
25,67200,MORTGAGE,9.0,HOMEIMPROVEMENT,C,15000,11.013786929274843,0,0.22,N,4,2024-02-03
25,25000,RENT,3.0,PERSONAL,D,10000,14.11,1,0.4,Y,2,2024-07-04
23,67200,MORTGAGE,7.0,VENTURE,A,16000,6.03,0,0.24,N,2,2024-07-16
23,67200,MORTGAGE,7.0,EDUCATION,A,5525,6.99,0,0.08,N,4,2024-06-18
22,67200,MORTGAGE,2.0,PERSONAL,B,5000,9.99,0,0.07,N,2,2024-10-20
25,67200,MORTGAGE,9.0,MEDICAL,C,5000,13.8,0,0.07,Y,2,2024-08-20
23,25920,RENT,4.0,EDUCATION,D,10000,15.58,1,0.39,N,2,2024-07-06
24,61200,MORTGAGE,8.0,EDUCATION,C,2500,11.013786929274843,1,0.04,N,4,2024-06-20
25,67200,MORTGAGE,6.0,HOMEIMPROVEMENT,B,3250,11.49,0,0.05,N,2,2024-04-05
22,26000,RENT,1.0,DEBTCONSOLIDATION,B,10000,10.65,1,0.38,N,3,2024-09-26
26,67260,MORTGAGE,9.0,HOMEIMPROVEMENT,A,6500,7.14,0,0.1,N,2,2024-05-16
24,26000,RENT,6.0,PERSONAL,B,10000,10.99,1,0.38,N,4,2024-03-06
23,52102,MORTGAGE,1.0,MEDICAL,B,3500,10.75,1,0.06,N,3,2024-03-27
22,67320,MORTGAGE,7.0,EDUCATION,C,3900,14.35,0,0.06,Y,4,2024-05-18
24,26000,RENT,8.0,EDUCATION,E,10000,16.63,1,0.38,Y,2,2024-07-28
22,67350,MORTGAGE,6.0,EDUCATION,D,9600,14.96,0,0.14,N,4,2024-07-18
24,67430,MORTGAGE,8.0,MEDICAL,C,12000,12.87,0,0.18,Y,4,2024-01-26
22,67440,MORTGAGE,6.0,EDUCATION,B,5500,10.25,0,0.08,N,4,2024-01-22
24,61499,MORTGAGE,8.0,DEBTCONSOLIDATION,D,19600,15.65,1,0.32,N,2,2024-11-06
22,26400,RENT,1.0,EDUCATION,A,10000,7.49,1,0.38,N,3,2024-04-28
24,67500,MORTGAGE,2.0,EDUCATION,B,14400,11.71,0,0.21,N,2,2024-02-21
22,26400,RENT,1.0,PERSONAL,D,10000,16.02,1,0.38,N,2,2024-07-14
24,26400,RENT,5.0,MEDICAL,A,10000,6.54,1,0.38,N,4,2024-08-29
24,67500,MORTGAGE,3.0,PERSONAL,A,3000,7.88,0,0.04,N,4,2024-11-24
22,26400,RENT,3.0,PERSONAL,B,10000,9.88,1,0.38,N,2,2024-02-16
23,27000,RENT,6.0,MEDICAL,B,10000,10.65,1,0.37,N,3,2024-03-03
23,27000,RENT,5.0,MEDICAL,B,10000,11.013786929274843,1,0.37,N,2,2024-09-25
23,27996,RENT,7.0,DEBTCONSOLIDATION,A,10000,11.013786929274843,1,0.36,N,2,2024-12-01
22,28000,RENT,6.0,EDUCATION,A,10000,5.42,1,0.36,N,3,2024-11-07
24,28000,RENT,8.0,MEDICAL,A,10000,6.91,1,0.36,N,3,2024-11-11
25,67675,MORTGAGE,9.0,MEDICAL,C,3000,14.35,0,0.04,N,3,2024-05-20
25,29000,RENT,5.0,VENTURE,A,10000,7.49,1,0.34,N,2,2024-01-30
22,29000,RENT,6.0,MEDICAL,A,10000,7.29,1,0.34,N,3,2024-06-18
22,67775,MORTGAGE,3.0,EDUCATION,C,9600,14.79,0,0.14,Y,4,2024-06-04
24,29000,RENT,1.0,VENTURE,B,10000,10.74,1,0.34,N,2,2024-07-10
22,67807,MORTGAGE,6.0,VENTURE,A,6400,7.14,0,0.09,N,3,2024-10-05
23,61836,MORTGAGE,4.0,DEBTCONSOLIDATION,D,1700,16.77,1,0.03,N,4,2024-06-19
26,67900,MORTGAGE,2.0,DEBTCONSOLIDATION,A,2400,8.49,0,0.04,N,4,2024-05-05
26,29406,RENT,5.0,HOMEIMPROVEMENT,B,10000,11.71,1,0.34,N,4,2024-04-03
24,67992,MORTGAGE,8.0,DEBTCONSOLIDATION,B,12000,10.75,0,0.18,N,2,2024-06-22
23,68000,MORTGAGE,7.0,VENTURE,A,12000,7.51,0,0.18,N,3,2024-11-23
25,68000,MORTGAGE,3.0,HOMEIMPROVEMENT,D,6500,16.29,0,0.1,Y,3,2024-06-11
22,68000,MORTGAGE,6.0,EDUCATION,D,20000,16.77,0,0.29,Y,4,2024-01-24
22,68000,MORTGAGE,6.0,DEBTCONSOLIDATION,A,16000,7.9,0,0.24,N,4,2024-05-04
23,30000,RENT,7.0,EDUCATION,C,10000,13.99,1,0.33,N,2,2024-01-09
23,30000,RENT,3.0,DEBTCONSOLIDATION,A,10000,7.49,1,0.33,N,2,2024-01-06
26,30000,RENT,1.0,DEBTCONSOLIDATION,A,10000,6.99,1,0.33,N,4,2024-06-04
22,68000,MORTGAGE,6.0,EDUCATION,C,9000,15.27,0,0.13,N,2,2024-05-22
23,52700,MORTGAGE,7.0,MEDICAL,D,8000,16.29,1,0.13,Y,2,2024-02-17
25,68000,OWN,8.0,HOMEIMPROVEMENT,B,6000,12.42,0,0.09,N,4,2024-10-05
23,68000,MORTGAGE,7.0,MEDICAL,B,10000,9.91,0,0.15,N,4,2024-03-29
22,68000,MORTGAGE,6.0,EDUCATION,A,11000,6.99,0,0.16,N,4,2024-07-07
23,68000,MORTGAGE,5.0,EDUCATION,B,11500,9.99,0,0.17,N,3,2024-08-22
22,30000,RENT,6.0,DEBTCONSOLIDATION,B,10000,10.37,1,0.33,N,4,2024-10-26
24,30000,RENT,3.0,MEDICAL,A,10000,5.79,1,0.33,N,4,2024-05-20
24,68000,MORTGAGE,8.0,MEDICAL,A,8000,7.49,0,0.12,N,4,2024-08-22
25,30000,RENT,9.0,MEDICAL,A,10000,7.51,1,0.33,N,2,2024-11-08
22,68000,MORTGAGE,3.0,VENTURE,A,6500,5.99,0,0.1,N,4,2024-06-08
22,30000,RENT,4.0,EDUCATION,B,10000,11.86,1,0.33,N,2,2024-10-31
22,68000,MORTGAGE,6.0,PERSONAL,A,10000,7.49,0,0.15,N,2,2024-06-14
25,68000,MORTGAGE,2.0,VENTURE,C,6500,12.99,0,0.1,Y,3,2024-05-28
22,30000,RENT,4.0,EDUCATION,C,10000,14.35,1,0.33,N,3,2024-06-25
22,30000,RENT,5.0,PERSONAL,C,10000,13.98,1,0.33,Y,2,2024-05-11
25,68000,MORTGAGE,9.0,DEBTCONSOLIDATION,B,8000,11.013786929274843,0,0.12,N,3,2024-11-05
24,30000,RENT,4.0,DEBTCONSOLIDATION,D,10000,11.013786929274843,1,0.33,Y,3,2024-11-09
26,68000,MORTGAGE,10.0,EDUCATION,A,10000,8.49,0,0.15,N,3,2024-12-07
22,68000,MORTGAGE,6.0,PERSONAL,B,10000,10.74,0,0.15,N,2,2024-06-26
26,68000,MORTGAGE,3.0,DEBTCONSOLIDATION,A,10000,5.79,0,0.15,N,2,2024-06-09
25,30000,RENT,4.0,MEDICAL,A,10000,7.51,1,0.33,N,3,2024-04-16
24,68000,MORTGAGE,1.0,VENTURE,A,6000,11.013786929274843,0,0.09,N,2,2024-06-24
23,68000,MORTGAGE,3.0,VENTURE,B,9750,10.37,0,0.14,N,3,2024-08-01
23,30000,RENT,3.0,PERSONAL,B,10000,11.48,1,0.33,N,4,2024-11-03
23,30000,RENT,7.0,MEDICAL,B,10000,12.18,1,0.33,N,3,2024-06-14
23,68000,MORTGAGE,2.0,VENTURE,B,10000,10.37,0,0.15,N,2,2024-06-03
22,30000,RENT,7.0,VENTURE,B,10000,11.14,1,0.33,N,2,2024-07-09
23,68000,MORTGAGE,7.0,PERSONAL,A,12000,5.42,0,0.18,N,4,2024-11-01
23,30000,RENT,3.0,PERSONAL,B,10000,11.14,1,0.33,N,2,2024-05-16
23,30000,RENT,4.0,PERSONAL,D,10000,11.013786929274843,1,0.33,Y,4,2024-01-30
26,68000,MORTGAGE,2.0,MEDICAL,A,3600,6.54,0,0.05,N,3,2024-01-31
22,68000,MORTGAGE,6.0,EDUCATION,B,10000,11.013786929274843,0,0.15,N,2,2024-01-07
22,68000,MORTGAGE,6.0,MEDICAL,A,13000,7.88,0,0.19,N,2,2024-08-02
22,30000,RENT,1.0,MEDICAL,A,10000,9.63,1,0.33,N,4,2024-04-16
24,68000,MORTGAGE,7.0,EDUCATION,A,6000,7.88,0,0.09,N,2,2024-09-06
22,30000,RENT,1.0,MEDICAL,C,10000,12.53,1,0.33,N,4,2024-02-15
22,68000,MORTGAGE,6.0,MEDICAL,A,3500,6.39,0,0.05,N,4,2024-12-21
24,30000,RENT,4.0,DEBTCONSOLIDATION,C,10000,11.66,1,0.33,N,2,2024-04-27
23,68000,OWN,2.0,VENTURE,A,14000,11.013786929274843,0,0.21,N,3,2024-10-12
23,30680,RENT,7.0,DEBTCONSOLIDATION,B,10000,10.37,1,0.33,N,4,2024-09-10
26,30720,RENT,4.0,DEBTCONSOLIDATION,B,10000,11.49,1,0.33,N,3,2024-07-25
25,30720,RENT,6.0,EDUCATION,B,10000,10.37,1,0.33,N,2,2024-06-10
22,68000,MORTGAGE,3.0,EDUCATION,B,14800,9.88,0,0.22,N,4,2024-12-24
26,30720,RENT,5.0,DEBTCONSOLIDATION,A,10000,7.88,1,0.33,N,2,2024-08-11
26,68000,MORTGAGE,10.0,EDUCATION,A,6500,11.013786929274843,0,0.1,N,2,2024-09-24
22,31000,RENT,6.0,PERSONAL,A,10000,8.9,1,0.32,N,4,2024-07-09
26,68000,OWN,8.0,PERSONAL,B,24250,12.18,0,0.36,N,4,2024-06-18
24,68000,MORTGAGE,8.0,HOMEIMPROVEMENT,A,3600,7.74,0,0.05,N,4,2024-12-10
24,31000,RENT,2.0,VENTURE,C,10000,14.65,1,0.32,N,2,2024-12-20
26,68000,OWN,6.0,PERSONAL,C,21000,13.92,0,0.31,N,4,2024-02-11
22,31000,RENT,3.0,VENTURE,E,10000,19.42,1,0.32,Y,2,2024-05-19
22,31000,RENT,4.0,PERSONAL,A,10000,11.013786929274843,1,0.32,N,4,2024-06-05
25,62000,MORTGAGE,2.0,HOMEIMPROVEMENT,E,20000,17.04,1,0.32,N,3,2024-06-23
25,31200,RENT,3.0,MEDICAL,B,10000,9.91,1,0.32,N,4,2024-04-04
24,68000,MORTGAGE,1.0,PERSONAL,E,5500,15.68,0,0.08,N,4,2024-07-13
26,68000,MORTGAGE,9.0,EDUCATION,C,12000,11.013786929274843,0,0.18,Y,3,2024-04-18
23,68000,MORTGAGE,4.0,EDUCATION,A,1000,8.0,0,0.01,N,3,2024-05-05
22,31200,RENT,5.0,PERSONAL,C,10000,12.73,1,0.32,N,4,2024-11-06
23,68000,MORTGAGE,2.0,DEBTCONSOLIDATION,C,21000,12.84,0,0.31,N,2,2024-05-17
26,52700,MORTGAGE,3.0,MEDICAL,D,7500,13.8,1,0.12,N,2,2024-10-22
23,62000,MORTGAGE,8.0,HOMEIMPROVEMENT,C,9000,11.03,1,0.15,N,2,2024-09-23
24,68004,MORTGAGE,5.0,HOMEIMPROVEMENT,A,4200,5.42,0,0.06,N,4,2024-03-09
26,32000,RENT,6.0,PERSONAL,A,10000,6.99,1,0.31,N,3,2024-03-03
24,68004,MORTGAGE,7.0,EDUCATION,A,4000,6.39,0,0.06,N,3,2024-12-24
26,52703,MORTGAGE,5.0,MEDICAL,B,4000,11.89,1,0.06,N,4,2024-12-10
23,32000,RENT,5.0,MEDICAL,A,10000,7.29,1,0.31,N,3,2024-04-12
23,32000,RENT,7.0,VENTURE,C,10000,13.11,1,0.31,Y,4,2024-02-25
22,32000,RENT,4.0,VENTURE,D,10000,16.07,1,0.31,N,2,2024-07-31
22,32000,RENT,2.0,VENTURE,C,10000,13.22,1,0.31,N,3,2024-10-17
25,68250,MORTGAGE,3.0,EDUCATION,A,17000,11.013786929274843,0,0.25,N,3,2024-02-03
23,32004,RENT,3.0,MEDICAL,C,10000,13.79,1,0.31,Y,3,2024-05-10
22,32376,RENT,1.0,EDUCATION,C,10000,13.61,1,0.31,Y,4,2024-05-11
26,68399,MORTGAGE,7.0,PERSONAL,A,10500,6.91,0,0.15,N,3,2024-12-18
25,62400,OWN,7.0,PERSONAL,E,4000,18.39,1,0.06,Y,2,2024-12-04
22,32647,RENT,7.0,VENTURE,B,10000,11.48,1,0.31,N,3,2024-05-10
24,68400,OWN,8.0,MEDICAL,A,6000,6.54,0,0.09,N,4,2024-08-19
25,33000,RENT,3.0,VENTURE,A,10000,7.51,0,0.3,N,4,2024-07-05
26,33000,RENT,3.0,PERSONAL,B,10000,11.71,0,0.3,N,3,2024-05-27
23,33000,RENT,4.0,EDUCATION,C,10000,14.65,0,0.3,N,3,2024-03-14
23,33000,RENT,4.0,EDUCATION,B,10000,11.99,0,0.3,N,4,2024-12-11
23,33000,RENT,1.0,MEDICAL,A,10000,5.42,0,0.3,N,3,2024-07-11
26,33200,RENT,2.0,MEDICAL,B,10000,11.49,0,0.3,N,2,2024-08-08
22,68500,MORTGAGE,3.0,PERSONAL,B,12000,11.013786929274843,0,0.18,N,4,2024-10-16
23,33280,RENT,2.0,EDUCATION,A,10000,7.51,0,0.3,N,4,2024-04-05
26,68500,MORTGAGE,7.0,MEDICAL,A,9000,7.88,0,0.13,N,4,2024-06-04
22,33280,RENT,2.0,VENTURE,C,10000,12.53,0,0.3,Y,4,2024-04-10
23,62500,MORTGAGE,3.0,DEBTCONSOLIDATION,D,10000,15.7,1,0.16,N,3,2024-07-01
25,33500,RENT,2.0,VENTURE,B,10000,10.25,0,0.3,N,3,2024-06-08
23,68500,MORTGAGE,7.0,EDUCATION,C,4200,11.66,0,0.06,Y,4,2024-02-09
24,33500,RENT,2.0,VENTURE,C,10000,13.16,0,0.3,Y,3,2024-01-24
22,33600,RENT,2.0,MEDICAL,B,10000,11.013786929274843,0,0.3,N,4,2024-02-18
24,33600,RENT,1.0,DEBTCONSOLIDATION,B,10000,9.88,1,0.3,N,4,2024-12-13
22,33600,RENT,3.0,EDUCATION,B,10000,10.25,0,0.3,N,3,2024-08-06
25,33600,RENT,2.0,MEDICAL,C,10000,11.03,0,0.3,Y,4,2024-12-28
22,62654,MORTGAGE,4.0,HOMEIMPROVEMENT,D,6000,14.74,1,0.1,N,4,2024-02-17
22,68670,MORTGAGE,5.0,EDUCATION,A,20000,6.91,0,0.29,N,3,2024-01-14
23,68686,MORTGAGE,7.0,DEBTCONSOLIDATION,A,6000,11.013786929274843,0,0.09,N,2,2024-06-06
25,33996,RENT,4.0,HOMEIMPROVEMENT,C,10000,12.53,1,0.29,N,2,2024-01-05
24,68900,MORTGAGE,2.0,HOMEIMPROVEMENT,B,19500,11.83,0,0.28,N,2,2024-04-06
25,53467,MORTGAGE,5.0,MEDICAL,D,25000,15.7,1,0.4,Y,4,2024-02-05
26,34995,RENT,4.0,EDUCATION,A,10000,7.88,0,0.29,N,2,2024-05-11
24,35000,RENT,1.0,DEBTCONSOLIDATION,B,10000,11.013786929274843,0,0.29,N,4,2024-05-10
26,63000,MORTGAGE,4.0,EDUCATION,C,12000,15.27,1,0.19,N,2,2024-06-01
25,69000,MORTGAGE,9.0,MEDICAL,A,25000,6.99,0,0.36,N,2,2024-05-14
23,35000,RENT,2.0,VENTURE,A,10000,7.29,0,0.29,N,4,2024-10-22
23,35000,RENT,1.0,EDUCATION,A,10000,5.79,0,0.29,N,2,2024-02-18
24,35000,RENT,8.0,DEBTCONSOLIDATION,C,10000,13.48,0,0.29,N,4,2024-08-26
22,69000,MORTGAGE,6.0,MEDICAL,A,6500,5.99,0,0.09,N,2,2024-07-04
23,69000,OWN,7.0,MEDICAL,A,9000,5.99,0,0.13,N,3,2024-07-16
25,69000,MORTGAGE,7.0,HOMEIMPROVEMENT,A,9600,7.49,0,0.14,N,3,2024-07-21
26,69000,MORTGAGE,8.0,PERSONAL,A,15000,7.49,0,0.22,N,3,2024-08-14
23,69000,MORTGAGE,7.0,MEDICAL,C,8325,13.49,0,0.12,N,4,2024-12-05
26,69000,MORTGAGE,10.0,PERSONAL,C,5000,14.17,0,0.07,N,4,2024-01-22
24,69000,MORTGAGE,9.0,DEBTCONSOLIDATION,B,3000,11.11,0,0.04,N,2,2024-05-10
24,35000,RENT,3.0,DEBTCONSOLIDATION,C,10000,12.73,0,0.29,Y,4,2024-09-26
22,35000,RENT,2.0,VENTURE,B,10000,11.013786929274843,0,0.29,N,2,2024-12-08
23,35000,RENT,3.0,DEBTCONSOLIDATION,C,10000,13.22,0,0.29,N,2,2024-12-10
25,69000,MORTGAGE,5.0,PERSONAL,B,20000,10.75,0,0.29,N,2,2024-11-15
24,69000,MORTGAGE,9.0,MEDICAL,A,7200,7.88,0,0.1,N,2,2024-02-28
26,69000,MORTGAGE,10.0,MEDICAL,A,6000,7.14,0,0.09,N,3,2024-02-16
24,69000,MORTGAGE,3.0,PERSONAL,B,11000,10.62,0,0.16,N,3,2024-01-25
26,69000,MORTGAGE,4.0,VENTURE,D,16000,15.7,0,0.23,N,4,2024-04-09
25,69000,MORTGAGE,3.0,VENTURE,A,6000,7.88,0,0.09,N,2,2024-05-07
26,69000,MORTGAGE,2.0,DEBTCONSOLIDATION,A,11000,11.013786929274843,0,0.16,N,2,2024-10-20
26,69000,MORTGAGE,7.0,VENTURE,C,18000,14.22,0,0.26,Y,4,2024-05-12
24,69000,MORTGAGE,7.0,HOMEIMPROVEMENT,E,5200,17.19,0,0.08,N,2,2024-01-21
25,69000,MORTGAGE,9.0,HOMEIMPROVEMENT,C,15900,13.22,0,0.23,Y,3,2024-06-04
26,36000,RENT,7.0,VENTURE,B,10000,11.013786929274843,0,0.28,N,3,2024-07-22
22,69000,MORTGAGE,4.0,EDUCATION,A,1000,7.4,0,0.01,N,2,2024-06-02
23,69000,MORTGAGE,7.0,VENTURE,B,15000,11.58,0,0.22,N,3,2024-10-06
22,69000,MORTGAGE,4.0,EDUCATION,D,15000,14.42,0,0.22,Y,2,2024-01-27
25,36000,RENT,2.0,DEBTCONSOLIDATION,B,10000,12.42,0,0.28,N,4,2024-09-04
22,69000,MORTGAGE,6.0,PERSONAL,C,7800,12.41,0,0.11,Y,3,2024-08-25
23,69000,MORTGAGE,1.0,VENTURE,B,19000,9.51,0,0.28,N,2,2024-10-19
22,69077,MORTGAGE,2.0,PERSONAL,A,10000,7.51,0,0.14,N,3,2024-04-21
23,36000,RENT,5.0,MEDICAL,B,10000,9.99,0,0.28,N,4,2024-02-06
24,36000,RENT,3.0,EDUCATION,A,10000,5.99,0,0.28,N,3,2024-09-06
22,69383,MORTGAGE,6.0,PERSONAL,C,8500,11.013786929274843,0,0.12,Y,3,2024-05-25
22,36000,RENT,5.0,MEDICAL,C,10000,13.49,0,0.28,N,2,2024-01-13
25,36000,RENT,2.0,MEDICAL,A,10000,7.49,0,0.28,N,4,2024-01-01
23,69500,OWN,4.0,VENTURE,A,16800,7.51,0,0.24,N,3,2024-06-21
22,69500,MORTGAGE,6.0,VENTURE,C,6000,13.48,0,0.09,Y,2,2024-02-27
22,36000,RENT,3.0,EDUCATION,C,10000,14.72,0,0.28,N,2,2024-09-13
24,69504,MORTGAGE,3.0,VENTURE,A,10000,7.66,0,0.14,N,4,2024-02-21
24,63508,MORTGAGE,8.0,HOMEIMPROVEMENT,B,2500,11.14,1,0.04,N,4,2024-07-07
24,63582,MORTGAGE,3.0,HOMEIMPROVEMENT,C,14000,13.85,1,0.22,N,3,2024-12-27
25,36000,RENT,2.0,PERSONAL,B,10000,11.013786929274843,0,0.28,N,2,2024-12-30
23,69600,OWN,7.0,VENTURE,B,1925,9.91,0,0.03,N,4,2024-10-25
22,36000,RENT,4.0,EDUCATION,C,10000,13.48,0,0.28,Y,4,2024-10-25
25,69600,MORTGAGE,9.0,VENTURE,B,7000,11.49,0,0.1,N,2,2024-08-03
23,69600,MORTGAGE,7.0,DEBTCONSOLIDATION,A,1200,6.99,0,0.02,N,3,2024-03-02
26,69600,MORTGAGE,3.0,VENTURE,C,5000,11.66,0,0.07,N,4,2024-03-07
26,69654,MORTGAGE,10.0,MEDICAL,C,7500,11.013786929274843,0,0.11,Y,3,2024-04-03
24,69684,MORTGAGE,4.0,MEDICAL,B,2400,11.013786929274843,0,0.03,N,4,2024-03-12
22,36000,RENT,2.0,VENTURE,B,10000,11.14,0,0.28,N,3,2024-07-05
23,69743,MORTGAGE,7.0,PERSONAL,D,1000,14.11,0,0.01,N,3,2024-05-10
23,30000,RENT,2.0,HOMEIMPROVEMENT,D,10000,15.31,1,0.33,Y,4,2024-07-18
23,30000,RENT,1.0,DEBTCONSOLIDATION,E,10000,16.0,1,0.33,N,4,2024-10-23
22,69867,MORTGAGE,2.0,EDUCATION,B,13000,11.14,0,0.19,N,2,2024-07-19
25,69900,MORTGAGE,9.0,VENTURE,A,5050,5.42,0,0.07,N,2,2024-06-14
26,69912,MORTGAGE,9.0,VENTURE,A,8000,6.99,0,0.11,N,2,2024-07-07
23,69935,MORTGAGE,2.0,MEDICAL,A,7200,7.49,0,0.1,N,3,2024-01-03
22,69950,MORTGAGE,6.0,EDUCATION,C,9750,14.65,0,0.14,N,2,2024-08-11
24,36000,RENT,2.0,DEBTCONSOLIDATION,B,10000,11.46,0,0.28,N,4,2024-01-07
22,36396,RENT,4.0,EDUCATION,A,10000,5.42,0,0.27,N,3,2024-07-03
22,30400,RENT,2.0,VENTURE,D,10000,12.8,1,0.33,N,2,2024-05-16
22,30712,RENT,3.0,DEBTCONSOLIDATION,D,10000,15.65,1,0.33,Y,4,2024-07-03
26,69996,MORTGAGE,10.0,DEBTCONSOLIDATION,C,14000,13.49,0,0.2,N,2,2024-10-28
22,36996,RENT,5.0,EDUCATION,A,10000,7.51,0,0.27,N,4,2024-02-16
22,69996,MORTGAGE,6.0,VENTURE,B,10000,10.0,0,0.14,N,4,2024-12-21
23,37000,RENT,4.0,PERSONAL,C,10000,13.23,0,0.27,N,3,2024-04-21
24,69996,OWN,4.0,MEDICAL,A,10000,11.013786929274843,0,0.14,N,2,2024-10-09
23,69996,MORTGAGE,5.0,VENTURE,B,12000,11.11,0,0.17,N,2,2024-08-29
22,37000,RENT,2.0,EDUCATION,A,10000,8.59,0,0.27,N,2,2024-12-28
23,69996,MORTGAGE,7.0,VENTURE,A,3000,6.39,0,0.04,N,4,2024-12-04
22,37200,RENT,2.0,EDUCATION,A,10000,6.92,0,0.27,N,3,2024-02-15
24,37200,RENT,4.0,MEDICAL,D,10000,12.92,0,0.27,Y,4,2024-04-06
23,69996,OWN,2.0,EDUCATION,B,10000,11.013786929274843,0,0.14,N,4,2024-05-11
25,37500,RENT,1.0,MEDICAL,C,10000,15.96,0,0.27,Y,4,2024-11-18
26,37500,RENT,3.0,EDUCATION,D,10000,14.91,0,0.27,Y,3,2024-02-25
26,37500,RENT,1.0,DEBTCONSOLIDATION,A,10000,8.94,0,0.27,N,3,2024-11-09
23,31800,RENT,4.0,DEBTCONSOLIDATION,D,10000,15.33,1,0.31,N,4,2024-10-25
24,69996,MORTGAGE,8.0,EDUCATION,A,3000,6.39,0,0.04,N,3,2024-05-25
22,38000,RENT,5.0,PERSONAL,C,10000,13.49,0,0.26,N,2,2024-04-07
25,69996,MORTGAGE,3.0,PERSONAL,B,25000,10.62,0,0.36,N,3,2024-07-27
24,38000,RENT,6.0,EDUCATION,B,10000,11.013786929274843,0,0.26,N,4,2024-08-05
25,32000,RENT,3.0,VENTURE,C,10000,12.99,1,0.31,Y,2,2024-10-04
23,38000,RENT,4.0,PERSONAL,B,10000,10.99,0,0.26,N,2,2024-02-15
22,69996,OWN,2.0,MEDICAL,C,8000,12.84,0,0.11,Y,4,2024-04-29
25,38000,RENT,1.0,EDUCATION,A,10000,7.49,0,0.26,N,4,2024-11-27
24,69996,MORTGAGE,5.0,VENTURE,A,12000,11.013786929274843,0,0.17,N,2,2024-04-04
23,69996,MORTGAGE,4.0,VENTURE,A,4000,8.0,0,0.06,N,2,2024-06-22
26,38000,RENT,6.0,PERSONAL,A,10000,7.66,0,0.26,N,3,2024-12-04
23,38000,RENT,7.0,VENTURE,A,10000,7.51,0,0.26,N,4,2024-12-08
23,69996,MORTGAGE,7.0,PERSONAL,C,15000,13.47,0,0.21,Y,4,2024-09-14
26,38000,RENT,10.0,VENTURE,B,10000,11.013786929274843,0,0.26,N,3,2024-10-06
22,69996,MORTGAGE,6.0,DEBTCONSOLIDATION,B,15000,12.21,0,0.21,N,2,2024-11-24
24,69996,MORTGAGE,6.0,HOMEIMPROVEMENT,B,5000,10.2,0,0.07,N,2,2024-04-04
23,70000,MORTGAGE,5.0,PERSONAL,A,10000,6.62,0,0.14,N,4,2024-12-02
26,70000,MORTGAGE,11.0,HOMEIMPROVEMENT,C,20000,14.27,0,0.29,Y,4,2024-09-19
22,38004,RENT,6.0,VENTURE,B,10000,10.74,0,0.26,N,3,2024-12-06
22,38004,RENT,5.0,PERSONAL,B,10000,10.37,0,0.26,N,4,2024-03-09
22,38004,RENT,3.0,EDUCATION,B,10000,10.75,0,0.26,N,2,2024-10-07
26,38004,RENT,3.0,MEDICAL,C,10000,13.48,0,0.26,N,3,2024-03-28
25,32200,RENT,1.0,VENTURE,D,10000,16.77,1,0.31,Y,4,2024-05-18
24,38244,RENT,6.0,PERSONAL,A,10000,7.88,0,0.26,N,3,2024-06-09
23,70000,MORTGAGE,2.0,EDUCATION,A,24000,8.9,0,0.34,N,4,2024-07-08
23,32400,RENT,7.0,EDUCATION,A,10000,8.49,1,0.31,N,3,2024-03-02
24,38400,RENT,9.0,DEBTCONSOLIDATION,B,10000,10.38,0,0.26,N,3,2024-09-24
24,64000,MORTGAGE,7.0,HOMEIMPROVEMENT,C,16000,14.65,1,0.25,N,2,2024-12-14
22,70000,MORTGAGE,5.0,DEBTCONSOLIDATION,C,8000,13.49,0,0.11,Y,2,2024-12-15
23,70000,MORTGAGE,7.0,VENTURE,A,3500,6.03,0,0.05,N,3,2024-05-26
24,38700,RENT,2.0,MEDICAL,B,10000,11.013786929274843,0,0.26,N,3,2024-08-30
22,70000,MORTGAGE,6.0,MEDICAL,A,6000,6.03,0,0.09,N,2,2024-10-23
23,70000,MORTGAGE,7.0,EDUCATION,C,2000,13.49,0,0.03,Y,2,2024-03-12
22,33000,RENT,6.0,PERSONAL,B,10000,12.42,1,0.3,N,3,2024-12-05
25,70000,MORTGAGE,1.0,DEBTCONSOLIDATION,C,11300,14.65,0,0.16,Y,2,2024-02-20
24,64000,OWN,7.0,VENTURE,E,6100,18.64,1,0.1,Y,4,2024-08-23
25,70000,MORTGAGE,9.0,PERSONAL,B,1000,12.69,0,0.01,N,2,2024-01-02
25,70000,MORTGAGE,9.0,DEBTCONSOLIDATION,B,15600,11.71,0,0.22,N,3,2024-01-09
24,70000,MORTGAGE,3.0,EDUCATION,A,7750,6.62,0,0.11,N,3,2024-08-04
26,64000,MORTGAGE,6.0,DEBTCONSOLIDATION,E,9000,18.64,1,0.14,N,4,2024-06-27
22,70000,MORTGAGE,2.0,EDUCATION,A,5000,6.03,0,0.07,N,2,2024-10-22
26,70000,MORTGAGE,9.0,VENTURE,A,35000,7.9,0,0.5,N,2,2024-04-29
25,39500,RENT,2.0,MEDICAL,A,10000,5.99,0,0.25,N,2,2024-06-13
22,39580,RENT,3.0,EDUCATION,B,10000,9.99,0,0.25,N,2,2024-01-11
22,39600,RENT,5.0,DEBTCONSOLIDATION,B,10000,11.71,0,0.25,N,2,2024-04-04
22,33948,RENT,4.0,MEDICAL,A,10000,8.32,1,0.29,N,2,2024-07-29
26,70000,OWN,10.0,PERSONAL,B,10000,12.42,0,0.14,N,4,2024-05-18
25,39996,RENT,2.0,VENTURE,B,10000,10.99,0,0.25,N,4,2024-07-09
23,39996,RENT,8.0,MEDICAL,B,10000,11.013786929274843,0,0.25,N,2,2024-07-08
24,64000,MORTGAGE,7.0,VENTURE,F,4000,20.89,1,0.06,N,2,2024-12-04
25,70000,OWN,9.0,HOMEIMPROVEMENT,B,10000,11.013786929274843,0,0.14,N,2,2024-02-03
22,70000,MORTGAGE,7.0,EDUCATION,A,2000,7.9,0,0.03,N,3,2024-02-01
24,70000,MORTGAGE,2.0,MEDICAL,C,10000,13.49,0,0.14,N,4,2024-11-22
24,70000,MORTGAGE,2.0,PERSONAL,A,17000,7.51,0,0.24,N,4,2024-11-30
22,64000,MORTGAGE,3.0,DEBTCONSOLIDATION,B,14400,11.71,1,0.23,N,2,2024-08-05
22,40000,RENT,4.0,EDUCATION,C,10000,14.27,0,0.25,Y,3,2024-09-07
24,70000,MORTGAGE,3.0,DEBTCONSOLIDATION,A,5000,6.03,0,0.07,N,3,2024-09-22
22,40000,RENT,2.0,EDUCATION,B,10000,11.013786929274843,0,0.25,N,4,2024-03-12
22,70000,MORTGAGE,4.0,VENTURE,A,5025,11.013786929274843,0,0.07,N,2,2024-08-11
23,70000,MORTGAGE,7.0,EDUCATION,B,16000,11.013786929274843,0,0.23,N,4,2024-03-03
23,40000,RENT,7.0,EDUCATION,C,10000,11.013786929274843,0,0.25,N,2,2024-01-01
23,70000,MORTGAGE,7.0,EDUCATION,A,13000,5.42,0,0.19,N,3,2024-01-17
24,34000,RENT,1.0,HOMEIMPROVEMENT,B,10000,12.69,1,0.29,N,2,2024-07-12
25,34000,RENT,4.0,PERSONAL,A,10000,6.62,1,0.29,N,4,2024-01-10
24,70000,MORTGAGE,8.0,DEBTCONSOLIDATION,B,7000,9.99,0,0.1,N,4,2024-05-27
26,40000,RENT,10.0,VENTURE,D,10000,16.89,0,0.25,N,3,2024-08-14
24,40000,RENT,5.0,DEBTCONSOLIDATION,B,10000,11.99,0,0.25,N,3,2024-08-31
24,64000,MORTGAGE,8.0,PERSONAL,A,14500,5.42,1,0.23,N,2,2024-08-29
25,70000,MORTGAGE,6.0,VENTURE,A,14000,5.42,0,0.2,N,3,2024-07-30
25,70000,MORTGAGE,1.0,VENTURE,A,4800,6.99,0,0.07,N,4,2024-02-14
22,70000,MORTGAGE,6.0,EDUCATION,A,9750,8.49,0,0.14,N,4,2024-06-19
23,70000,MORTGAGE,3.0,VENTURE,A,15000,8.49,0,0.21,N,2,2024-11-01
22,40000,RENT,7.0,EDUCATION,B,10000,10.37,0,0.25,N,2,2024-06-29
25,40000,RENT,6.0,MEDICAL,B,10000,10.0,0,0.25,N,4,2024-08-01
23,34000,RENT,7.0,EDUCATION,B,10000,10.36,1,0.29,N,4,2024-10-06
23,40000,RENT,3.0,EDUCATION,B,10000,10.75,0,0.25,N,4,2024-06-18
24,70000,MORTGAGE,2.0,EDUCATION,C,6000,15.23,0,0.09,N,4,2024-05-09
25,70000,MORTGAGE,3.0,MEDICAL,A,8000,6.99,0,0.11,N,4,2024-11-20
24,40000,RENT,5.0,PERSONAL,A,10000,7.88,0,0.25,N,3,2024-08-21
26,70000,MORTGAGE,6.0,HOMEIMPROVEMENT,A,4000,8.49,0,0.06,N,2,2024-12-20
22,70000,MORTGAGE,1.0,DEBTCONSOLIDATION,A,4500,5.42,0,0.06,N,2,2024-04-23
22,40000,RENT,2.0,EDUCATION,A,10000,7.14,0,0.25,N,4,2024-02-04
26,34000,RENT,5.0,VENTURE,C,10000,13.11,1,0.29,Y,3,2024-11-12
22,70000,MORTGAGE,1.0,EDUCATION,A,8000,7.49,0,0.11,N,3,2024-05-21
25,40000,RENT,6.0,VENTURE,C,10000,13.48,0,0.25,N,3,2024-06-04
24,40000,RENT,3.0,VENTURE,A,10000,11.013786929274843,0,0.25,N,2,2024-08-28
23,40000,RENT,5.0,DEBTCONSOLIDATION,C,10000,13.22,0,0.25,Y,4,2024-03-06
22,70000,MORTGAGE,2.0,DEBTCONSOLIDATION,A,6000,5.42,0,0.09,N,2,2024-01-18
22,40000,RENT,6.0,MEDICAL,B,10000,12.21,0,0.25,N,2,2024-07-01
23,70000,MORTGAGE,4.0,PERSONAL,B,25000,10.59,0,0.36,N,3,2024-11-21
23,70000,MORTGAGE,5.0,MEDICAL,C,10000,14.79,0,0.14,Y,2,2024-02-07
22,70000,MORTGAGE,6.0,MEDICAL,B,2000,11.49,0,0.03,N,4,2024-10-10
22,70000,MORTGAGE,6.0,VENTURE,B,6000,11.49,0,0.09,N,2,2024-10-13
26,40000,RENT,2.0,EDUCATION,A,10000,9.63,0,0.25,N,4,2024-03-12
23,40000,RENT,4.0,DEBTCONSOLIDATION,C,10000,12.84,0,0.25,N,4,2024-07-02
22,34000,RENT,2.0,EDUCATION,D,10000,11.013786929274843,1,0.29,Y,3,2024-11-15
25,70000,OWN,4.0,PERSONAL,A,4000,7.42,0,0.06,N,2,2024-04-28
22,70000,MORTGAGE,6.0,DEBTCONSOLIDATION,A,8400,6.99,0,0.12,N,4,2024-03-10
25,70000,MORTGAGE,9.0,MEDICAL,A,10000,5.42,0,0.14,N,4,2024-04-17
24,70000,MORTGAGE,4.0,EDUCATION,B,21000,11.99,0,0.3,N,4,2024-07-23
24,41000,RENT,4.0,EDUCATION,A,10000,6.99,0,0.24,N,4,2024-03-26
22,70000,MORTGAGE,6.0,EDUCATION,A,6800,11.013786929274843,0,0.1,N,4,2024-05-19
24,41004,RENT,2.0,DEBTCONSOLIDATION,B,10000,11.14,0,0.24,N,2,2024-01-29
22,64000,MORTGAGE,6.0,DEBTCONSOLIDATION,A,6000,11.013786929274843,1,0.09,N,2,2024-07-22
25,70000,MORTGAGE,9.0,VENTURE,B,20000,10.59,0,0.29,N,2,2024-11-03
24,70000,MORTGAGE,8.0,MEDICAL,B,1600,10.99,0,0.02,N,3,2024-06-24
23,42000,RENT,4.0,VENTURE,C,10000,11.013786929274843,0,0.24,N,2,2024-05-11
22,42000,RENT,1.0,EDUCATION,B,10000,12.42,0,0.24,N,4,2024-11-20
22,42000,RENT,1.0,EDUCATION,C,10000,13.49,0,0.24,Y,4,2024-08-16
25,42000,RENT,9.0,MEDICAL,C,10000,14.27,0,0.24,N,2,2024-03-31
25,42000,RENT,5.0,EDUCATION,C,10000,12.99,0,0.24,Y,2,2024-09-17
22,70000,MORTGAGE,6.0,DEBTCONSOLIDATION,A,10000,7.29,0,0.14,N,3,2024-11-11
23,42000,RENT,4.0,PERSONAL,A,10000,5.42,0,0.24,N,3,2024-09-09
22,70000,MORTGAGE,6.0,VENTURE,B,2000,10.74,0,0.03,N,2,2024-02-20
22,42000,RENT,6.0,PERSONAL,C,10000,11.013786929274843,0,0.24,Y,4,2024-02-15
22,42000,RENT,4.0,EDUCATION,B,10000,10.99,0,0.24,N,4,2024-04-02
22,42000,RENT,3.0,EDUCATION,A,10000,6.92,0,0.24,N,2,2024-11-03
26,70000,MORTGAGE,5.0,MEDICAL,C,4800,11.013786929274843,0,0.07,Y,4,2024-09-28
24,70000,MORTGAGE,6.0,HOMEIMPROVEMENT,C,25000,11.013786929274843,0,0.36,N,3,2024-02-23
23,70000,MORTGAGE,7.0,DEBTCONSOLIDATION,A,3500,5.42,0,0.05,N,2,2024-09-16
26,42000,RENT,1.0,MEDICAL,A,10000,6.54,0,0.24,N,4,2024-08-19
22,42000,RENT,6.0,DEBTCONSOLIDATION,A,10000,6.17,0,0.24,N,3,2024-10-24
22,42000,RENT,3.0,PERSONAL,C,10000,13.98,0,0.24,N,2,2024-02-26
22,36000,RENT,4.0,PERSONAL,B,10000,11.36,1,0.28,N,2,2024-11-13
25,70000,MORTGAGE,4.0,VENTURE,B,6300,10.37,0,0.09,N,4,2024-11-11
25,42000,RENT,1.0,VENTURE,B,10000,10.99,0,0.24,N,2,2024-06-28
24,42000,RENT,2.0,EDUCATION,A,10000,7.88,0,0.24,N,3,2024-10-03
26,42900,RENT,3.0,PERSONAL,D,10000,11.013786929274843,0,0.23,N,3,2024-10-08
24,70000,MORTGAGE,7.0,MEDICAL,B,25000,11.013786929274843,0,0.36,N,2,2024-02-25
25,42910,RENT,3.0,EDUCATION,D,10000,18.25,0,0.23,Y,3,2024-01-14
25,70000,MORTGAGE,6.0,MEDICAL,B,12000,10.37,0,0.17,N,4,2024-12-17
25,70000,MORTGAGE,9.0,DEBTCONSOLIDATION,A,4000,6.92,0,0.06,N,2,2024-02-20
26,70000,MORTGAGE,10.0,PERSONAL,B,8000,10.0,0,0.11,N,2,2024-01-08
26,43000,RENT,4.0,EDUCATION,C,10000,14.65,0,0.23,N,4,2024-04-27
22,70000,MORTGAGE,5.0,VENTURE,C,8000,13.35,0,0.11,Y,2,2024-12-24
24,43000,RENT,8.0,EDUCATION,A,10000,5.79,0,0.23,N,2,2024-05-28
25,43000,RENT,4.0,EDUCATION,A,10000,7.66,0,0.23,N,3,2024-01-09
24,43000,RENT,4.0,MEDICAL,B,10000,9.63,0,0.23,N,3,2024-06-23
23,43000,RENT,1.0,EDUCATION,B,10000,9.25,0,0.23,N,3,2024-03-28
24,43000,RENT,2.0,MEDICAL,C,10000,13.16,0,0.23,N,4,2024-02-14
22,70000,MORTGAGE,3.0,DEBTCONSOLIDATION,B,10000,10.36,0,0.14,N,2,2024-07-16
24,70000,MORTGAGE,8.0,VENTURE,B,25000,9.62,0,0.36,N,2,2024-12-25
22,37200,RENT,6.0,PERSONAL,B,10000,11.013786929274843,1,0.27,N,2,2024-12-17
22,70000,OWN,3.0,MEDICAL,A,8000,5.79,0,0.11,N,3,2024-05-13
22,44000,RENT,6.0,MEDICAL,B,10000,10.65,0,0.23,N,4,2024-03-08
22,70000,MORTGAGE,5.0,VENTURE,B,21000,8.88,0,0.3,N,3,2024-11-23
25,70000,MORTGAGE,9.0,PERSONAL,A,12000,5.79,0,0.17,N,2,2024-07-25
24,44000,RENT,2.0,PERSONAL,A,10000,7.49,0,0.23,N,2,2024-03-31
23,70000,MORTGAGE,7.0,EDUCATION,A,20000,6.17,0,0.29,N,2,2024-08-05
24,70000,MORTGAGE,3.0,DEBTCONSOLIDATION,B,11000,11.013786929274843,0,0.16,N,3,2024-09-28
25,44000,RENT,9.0,MEDICAL,C,10000,12.68,0,0.23,Y,4,2024-05-06
26,70000,MORTGAGE,3.0,MEDICAL,B,3200,9.25,0,0.05,N,4,2024-06-16
22,44000,RENT,5.0,EDUCATION,D,10000,15.95,0,0.23,N,4,2024-07-03
23,44160,RENT,4.0,EDUCATION,C,10000,14.27,0,0.23,Y,3,2024-12-25
23,44796,RENT,2.0,DEBTCONSOLIDATION,B,10000,11.48,0,0.22,N,2,2024-01-05
26,64000,MORTGAGE,5.0,DEBTCONSOLIDATION,D,7000,15.95,1,0.11,N,2,2024-10-11
25,45000,RENT,4.0,MEDICAL,B,10000,12.69,0,0.22,N,2,2024-01-12
22,45000,RENT,4.0,EDUCATION,B,10000,10.65,0,0.22,N,3,2024-03-01
25,70000,MORTGAGE,5.0,PERSONAL,A,8000,7.88,0,0.11,N,4,2024-12-23
24,45000,RENT,2.0,PERSONAL,A,10000,6.62,0,0.22,N,3,2024-11-23
24,64000,MORTGAGE,8.0,EDUCATION,A,5000,7.88,1,0.08,N,4,2024-06-27
23,70000,MORTGAGE,7.0,EDUCATION,B,4000,11.013786929274843,0,0.06,N,4,2024-10-31
26,70000,MORTGAGE,4.0,EDUCATION,C,4000,13.98,0,0.06,Y,4,2024-05-03
26,45000,RENT,2.0,PERSONAL,C,10000,11.013786929274843,0,0.22,N,3,2024-09-10
22,45000,RENT,6.0,MEDICAL,B,10000,9.91,0,0.22,N,2,2024-01-30
24,70000,MORTGAGE,6.0,VENTURE,A,6000,7.88,0,0.09,N,3,2024-01-08
25,70000,MORTGAGE,9.0,PERSONAL,A,12000,7.51,0,0.17,N,4,2024-06-20
23,45000,RENT,7.0,EDUCATION,A,10000,6.62,0,0.22,N,4,2024-11-14
26,70000,MORTGAGE,3.0,EDUCATION,C,3500,14.35,0,0.05,N,3,2024-09-09
23,70000,OWN,7.0,EDUCATION,C,16000,14.35,0,0.23,N,3,2024-12-16
22,70000,MORTGAGE,4.0,VENTURE,B,13750,10.75,0,0.2,N,3,2024-10-15
22,45000,RENT,2.0,EDUCATION,A,10000,7.51,0,0.22,N,3,2024-06-15
23,39000,RENT,3.0,PERSONAL,B,10000,11.99,1,0.26,N,3,2024-08-07
23,70000,MORTGAGE,7.0,DEBTCONSOLIDATION,A,4400,6.76,0,0.06,N,4,2024-12-29
22,70000,MORTGAGE,6.0,EDUCATION,D,16000,16.32,0,0.23,Y,2,2024-04-27
23,70000,MORTGAGE,1.0,PERSONAL,B,5000,11.12,0,0.07,N,3,2024-04-11
26,70000,MORTGAGE,1.0,VENTURE,B,25000,11.013786929274843,0,0.36,N,4,2024-02-28
22,70000,MORTGAGE,1.0,MEDICAL,A,8400,7.88,0,0.12,N,2,2024-01-18
24,70000,OWN,4.0,VENTURE,D,8000,15.95,0,0.11,Y,2,2024-10-28
23,70000,MORTGAGE,7.0,PERSONAL,A,6000,7.51,0,0.09,N,2,2024-03-11
23,39000,RENT,2.0,PERSONAL,D,10000,15.2,1,0.26,Y,3,2024-11-13
24,45000,RENT,1.0,EDUCATION,A,10000,6.54,0,0.22,N,3,2024-10-30
24,70000,MORTGAGE,9.0,DEBTCONSOLIDATION,B,12000,11.36,0,0.17,N,4,2024-11-09
26,70000,MORTGAGE,10.0,DEBTCONSOLIDATION,B,2500,10.99,0,0.04,N,3,2024-03-18
22,45000,RENT,4.0,EDUCATION,A,10000,7.51,0,0.22,N,2,2024-10-05
24,45000,RENT,3.0,DEBTCONSOLIDATION,A,10000,7.51,0,0.22,N,2,2024-09-22
26,70000,MORTGAGE,10.0,EDUCATION,B,5000,9.88,0,0.07,N,4,2024-08-08
22,39000,RENT,2.0,PERSONAL,D,10000,16.07,1,0.26,Y,2,2024-06-14
26,70000,MORTGAGE,6.0,HOMEIMPROVEMENT,D,10000,11.013786929274843,0,0.14,N,4,2024-09-10
22,70000,MORTGAGE,6.0,EDUCATION,A,6000,7.14,0,0.09,N,4,2024-10-18
25,70000,OWN,4.0,HOMEIMPROVEMENT,D,12000,14.59,0,0.17,N,2,2024-01-26
26,70000,MORTGAGE,5.0,PERSONAL,A,4500,7.51,0,0.06,N,4,2024-07-26
22,45000,RENT,3.0,PERSONAL,E,10000,17.93,0,0.22,Y,2,2024-05-20
24,70000,MORTGAGE,9.0,DEBTCONSOLIDATION,B,16000,10.62,0,0.23,N,2,2024-03-16
24,70000,MORTGAGE,1.0,VENTURE,B,25000,10.62,0,0.36,N,2,2024-08-01
24,70000,MORTGAGE,2.0,PERSONAL,E,12000,17.56,0,0.17,Y,3,2024-03-15
24,70000,MORTGAGE,8.0,HOMEIMPROVEMENT,B,4800,11.36,0,0.07,N,2,2024-04-01
25,70000,MORTGAGE,9.0,MEDICAL,C,12800,13.11,0,0.18,Y,4,2024-08-12
22,70000,MORTGAGE,6.0,MEDICAL,B,11000,11.36,0,0.16,N,3,2024-09-14
24,70000,MORTGAGE,8.0,VENTURE,A,6000,7.88,0,0.09,N,3,2024-01-20
25,45000,RENT,3.0,MEDICAL,C,10000,12.87,0,0.22,Y,3,2024-12-15
22,39000,RENT,3.0,EDUCATION,D,10000,11.013786929274843,1,0.26,Y,3,2024-03-27
24,39000,RENT,1.0,DEBTCONSOLIDATION,D,10000,14.11,1,0.26,N,3,2024-03-28
25,45000,RENT,1.0,DEBTCONSOLIDATION,B,10000,11.89,0,0.22,N,3,2024-01-10
25,70000,MORTGAGE,9.0,DEBTCONSOLIDATION,B,14000,10.25,0,0.2,N,4,2024-01-26
23,70000,MORTGAGE,5.0,PERSONAL,A,3000,7.51,0,0.04,N,4,2024-07-05
23,70000,MORTGAGE,1.0,VENTURE,B,10000,10.99,0,0.14,N,4,2024-08-21
26,45000,RENT,4.0,MEDICAL,D,10000,14.11,0,0.22,Y,2,2024-03-20
25,70000,OWN,9.0,HOMEIMPROVEMENT,A,5000,8.59,0,0.07,N,3,2024-12-08
23,48000,RENT,1.0,VENTURE,A,4325,5.42,0,0.09,N,4,2024-01-08
25,23000,RENT,4.0,MEDICAL,B,4300,11.86,0,0.19,N,3,2024-07-03
24,30000,RENT,1.0,MEDICAL,B,4300,9.63,0,0.14,N,4,2024-12-07
22,52000,RENT,7.0,DEBTCONSOLIDATION,C,4300,11.013786929274843,0,0.08,Y,2,2024-04-05
22,70000,OWN,6.0,MEDICAL,B,12000,12.53,0,0.17,N,2,2024-07-22
23,108000,RENT,4.0,VENTURE,B,4300,11.83,0,0.04,N,4,2024-09-17
22,27500,RENT,1.0,VENTURE,B,4250,10.99,0,0.15,N,2,2024-07-16
25,70000,MORTGAGE,9.0,HOMEIMPROVEMENT,B,16000,12.18,0,0.23,N,4,2024-01-04
24,35000,RENT,8.0,PERSONAL,A,4250,6.99,0,0.12,N,2,2024-09-16
24,70000,OWN,8.0,PERSONAL,B,24250,12.18,0,0.35,N,2,2024-05-06
23,45600,RENT,5.0,MEDICAL,C,4250,11.013786929274843,0,0.09,Y,2,2024-12-08
22,50000,RENT,7.0,MEDICAL,B,4250,12.69,0,0.09,N,4,2024-03-18
23,70000,MORTGAGE,7.0,DEBTCONSOLIDATION,B,15000,11.14,0,0.21,N,4,2024-08-02
26,70000,MORTGAGE,10.0,HOMEIMPROVEMENT,A,12000,8.94,0,0.17,N,2,2024-11-28
26,48000,RENT,10.0,PERSONAL,B,4225,9.83,0,0.09,N,2,2024-05-16
22,70000,MORTGAGE,6.0,PERSONAL,D,25000,15.31,0,0.36,Y,4,2024-02-28
22,70000,MORTGAGE,5.0,DEBTCONSOLIDATION,C,15000,13.92,0,0.21,N,2,2024-10-15
26,70000,MORTGAGE,1.0,MEDICAL,C,7000,14.26,0,0.1,Y,4,2024-08-08
24,39600,RENT,7.0,HOMEIMPROVEMENT,B,10000,10.36,1,0.25,N,3,2024-02-06
24,70000,MORTGAGE,1.0,EDUCATION,B,9000,11.83,0,0.13,N,3,2024-10-20
24,70000,MORTGAGE,8.0,VENTURE,A,10000,7.74,0,0.14,N,3,2024-04-01
22,45600,RENT,5.0,VENTURE,D,10000,14.61,0,0.22,N,4,2024-07-31
23,45756,RENT,8.0,MEDICAL,A,10000,7.29,0,0.22,N,2,2024-04-21
26,70000,MORTGAGE,3.0,PERSONAL,C,5400,12.53,0,0.08,N,4,2024-01-21
26,70000,MORTGAGE,6.0,HOMEIMPROVEMENT,B,12000,11.26,0,0.17,N,4,2024-03-25
23,70000,MORTGAGE,5.0,EDUCATION,B,20000,12.21,0,0.29,N,4,2024-07-29
23,70000,MORTGAGE,4.0,VENTURE,C,6000,13.16,0,0.09,N,4,2024-01-26
24,46256,RENT,7.0,EDUCATION,B,10000,11.48,0,0.22,N,3,2024-07-12
23,46585,RENT,3.0,MEDICAL,C,10000,13.57,0,0.21,Y,4,2024-10-29
23,70000,MORTGAGE,4.0,EDUCATION,A,8400,8.0,0,0.12,N,3,2024-02-08
22,70000,MORTGAGE,2.0,EDUCATION,E,16000,16.63,0,0.23,Y,3,2024-05-23
22,70000,MORTGAGE,3.0,EDUCATION,D,18000,14.42,0,0.26,N,3,2024-06-11
24,70000,OTHER,4.0,PERSONAL,A,9000,9.63,0,0.13,N,2,2024-08-22
22,30000,RENT,2.0,VENTURE,D,4200,15.31,1,0.14,Y,2,2024-07-31
24,70000,MORTGAGE,2.0,PERSONAL,B,8950,11.89,0,0.13,N,3,2024-02-20
25,31200,RENT,4.0,MEDICAL,A,4200,8.9,0,0.13,N,3,2024-02-10
22,31200,RENT,3.0,VENTURE,C,4200,13.57,0,0.13,Y,2,2024-11-01
26,34000,RENT,4.0,PERSONAL,E,4200,16.82,1,0.12,Y,3,2024-08-24
24,70000,MORTGAGE,1.0,VENTURE,B,15000,11.46,0,0.21,N,2,2024-06-28
26,34400,RENT,5.0,MEDICAL,A,4200,8.9,0,0.12,N,3,2024-06-28
24,70000,MORTGAGE,9.0,MEDICAL,A,7500,8.32,0,0.11,N,2,2024-08-06
22,29000,RENT,6.0,HOMEIMPROVEMENT,A,4200,6.62,1,0.14,N,2,2024-11-07
22,36000,RENT,7.0,PERSONAL,B,4200,11.013786929274843,0,0.12,N,4,2024-04-16
26,64000,MORTGAGE,9.0,DEBTCONSOLIDATION,D,8000,12.17,1,0.13,N,4,2024-06-16
25,36996,RENT,4.0,MEDICAL,B,4200,11.11,0,0.11,N,3,2024-09-04
24,38400,RENT,8.0,VENTURE,A,4200,6.76,0,0.11,N,4,2024-09-11
25,40000,RENT,2.0,EDUCATION,B,4200,9.63,0,0.1,N,2,2024-09-25
23,41000,RENT,5.0,EDUCATION,D,4200,14.54,0,0.1,Y,3,2024-12-23
23,70200,MORTGAGE,3.0,MEDICAL,A,5000,7.14,0,0.07,N,2,2024-10-19
24,42000,RENT,9.0,EDUCATION,A,4200,7.9,0,0.1,N,2,2024-01-24
25,70224,MORTGAGE,1.0,EDUCATION,C,21000,13.22,0,0.3,N,4,2024-03-22
23,70236,MORTGAGE,7.0,EDUCATION,C,8700,13.47,0,0.12,Y,4,2024-09-12
22,36000,RENT,4.0,MEDICAL,B,4200,9.91,1,0.12,N,2,2024-09-08
25,36499,RENT,1.0,HOMEIMPROVEMENT,B,4200,10.99,1,0.12,N,4,2024-02-05
22,70404,MORTGAGE,5.0,EDUCATION,D,14075,14.74,0,0.2,Y,4,2024-09-19
25,37000,RENT,1.0,DEBTCONSOLIDATION,F,4200,11.013786929274843,1,0.11,Y,2,2024-10-28
24,47500,RENT,4.0,PERSONAL,A,4200,8.9,0,0.09,N,4,2024-06-17
23,70500,OWN,2.0,EDUCATION,C,10500,13.92,0,0.15,N,4,2024-10-05
26,48000,RENT,10.0,MEDICAL,A,4200,6.92,0,0.09,N,3,2024-12-02
23,70572,MORTGAGE,8.0,EDUCATION,A,14500,5.99,0,0.21,N,3,2024-10-24
22,70600,MORTGAGE,6.0,MEDICAL,C,7450,13.06,0,0.11,Y,4,2024-08-03
26,55080,MORTGAGE,10.0,MEDICAL,A,2500,7.66,1,0.04,N,3,2024-03-21
26,70800,MORTGAGE,6.0,EDUCATION,A,8500,6.54,0,0.12,N,3,2024-05-01
23,70800,MORTGAGE,6.0,EDUCATION,D,9600,11.013786929274843,0,0.14,N,4,2024-12-07
26,70885,MORTGAGE,10.0,DEBTCONSOLIDATION,A,1000,6.39,0,0.01,N,4,2024-04-16
24,55243,MORTGAGE,6.0,MEDICAL,B,2900,9.62,1,0.04,N,2,2024-06-02
26,53000,RENT,11.0,EDUCATION,C,4200,14.22,0,0.08,N,4,2024-01-16
25,71000,MORTGAGE,9.0,DEBTCONSOLIDATION,A,7200,6.62,0,0.1,N,4,2024-06-03
23,55000,RENT,7.0,MEDICAL,B,4200,9.91,0,0.08,N,3,2024-07-12
23,71000,MORTGAGE,7.0,EDUCATION,A,9600,7.51,0,0.14,N,4,2024-01-31
25,65000,MORTGAGE,4.0,PERSONAL,A,6000,8.9,1,0.09,N,2,2024-04-13
26,71000,MORTGAGE,2.0,DEBTCONSOLIDATION,A,4400,5.42,0,0.06,N,4,2024-03-01
23,71000,MORTGAGE,7.0,DEBTCONSOLIDATION,B,7500,9.99,0,0.11,N,3,2024-07-25
22,71000,MORTGAGE,6.0,VENTURE,C,1500,15.23,0,0.02,Y,2,2024-10-25
23,54000,RENT,2.0,MEDICAL,B,4200,10.99,1,0.08,N,2,2024-07-14
26,71000,MORTGAGE,10.0,HOMEIMPROVEMENT,D,6000,15.62,0,0.08,N,3,2024-03-05
24,71000,OWN,4.0,PERSONAL,B,14000,10.99,0,0.2,N,3,2024-08-16
23,61000,RENT,3.0,PERSONAL,A,4200,6.03,0,0.07,N,4,2024-02-17
23,71000,MORTGAGE,7.0,VENTURE,A,8500,5.79,0,0.12,N,2,2024-08-24
23,62000,RENT,2.0,MEDICAL,A,4200,5.42,0,0.07,N,3,2024-01-26
25,63000,RENT,6.0,VENTURE,C,4200,14.22,0,0.07,N,4,2024-08-26
24,71000,MORTGAGE,6.0,MEDICAL,B,10000,10.36,0,0.14,N,4,2024-09-18
24,71000,MORTGAGE,8.0,EDUCATION,B,3500,11.49,0,0.05,N,2,2024-08-26
26,65000,RENT,3.0,HOMEIMPROVEMENT,A,4200,7.29,0,0.06,N,2,2024-05-08
25,65000,RENT,2.0,DEBTCONSOLIDATION,B,4200,11.013786929274843,0,0.06,N,2,2024-02-02
23,60996,RENT,2.0,PERSONAL,D,4200,15.58,1,0.07,N,2,2024-12-31
22,55250,MORTGAGE,2.0,MEDICAL,D,7400,14.84,1,0.11,N,2,2024-12-16
26,69000,RENT,6.0,HOMEIMPROVEMENT,A,4200,6.62,0,0.06,N,3,2024-03-23
24,71000,MORTGAGE,8.0,EDUCATION,B,20000,11.36,0,0.28,N,2,2024-11-27
22,71000,MORTGAGE,6.0,PERSONAL,A,3200,7.4,0,0.05,N,2,2024-06-25
22,72500,RENT,6.0,DEBTCONSOLIDATION,B,4200,11.71,0,0.06,N,3,2024-03-02
23,100000,RENT,4.0,VENTURE,B,4150,10.65,0,0.04,N,2,2024-08-14
25,22812,RENT,5.0,EDUCATION,D,4125,14.54,0,0.18,Y,2,2024-03-02
22,30000,RENT,3.0,EDUCATION,C,4100,14.26,0,0.14,Y,3,2024-11-26
23,71004,OWN,1.0,EDUCATION,C,15000,13.47,0,0.21,Y,3,2024-09-20
23,42000,RENT,1.0,MEDICAL,A,4100,7.88,0,0.1,N,2,2024-07-14
23,38000,RENT,1.0,MEDICAL,D,4100,11.013786929274843,1,0.11,N,4,2024-07-28
26,71040,MORTGAGE,1.0,DEBTCONSOLIDATION,A,3000,5.79,0,0.04,N,2,2024-03-19
26,71046,MORTGAGE,10.0,DEBTCONSOLIDATION,B,6500,10.99,0,0.09,N,4,2024-11-18
22,48000,RENT,1.0,DEBTCONSOLIDATION,B,4100,11.99,0,0.09,N,3,2024-05-10
26,57000,RENT,10.0,MEDICAL,B,4100,10.59,0,0.07,N,3,2024-07-12
22,71201,MORTGAGE,3.0,MEDICAL,B,12000,11.71,0,0.17,N,4,2024-01-25
26,70000,RENT,10.0,PERSONAL,A,4075,5.42,0,0.06,N,3,2024-11-26
24,14400,RENT,4.0,MEDICAL,A,4050,6.91,1,0.28,N,4,2024-02-24
25,71328,MORTGAGE,3.0,EDUCATION,D,25000,14.96,0,0.35,Y,3,2024-12-19
25,82000,RENT,2.0,VENTURE,B,4050,9.99,0,0.05,N,2,2024-11-29
23,25000,RENT,1.0,VENTURE,B,4025,9.91,0,0.16,N,4,2024-11-15
24,54000,RENT,3.0,EDUCATION,A,4025,6.76,0,0.07,N,2,2024-08-21
24,71496,MORTGAGE,5.0,PERSONAL,D,15000,15.95,0,0.21,Y,3,2024-12-26
26,71500,MORTGAGE,10.0,HOMEIMPROVEMENT,B,7500,10.99,0,0.1,N,3,2024-04-06
25,71500,MORTGAGE,2.0,EDUCATION,B,9250,12.53,0,0.13,N,4,2024-04-09
25,71711,MORTGAGE,9.0,EDUCATION,B,4800,11.013786929274843,0,0.07,N,3,2024-05-06
26,71760,MORTGAGE,10.0,PERSONAL,E,3000,19.91,0,0.04,N,3,2024-06-20
26,46999,RENT,2.0,VENTURE,B,10000,10.99,0,0.21,N,3,2024-11-25
26,47004,RENT,5.0,PERSONAL,D,10000,15.05,0,0.21,N,2,2024-08-02
24,72000,MORTGAGE,8.0,PERSONAL,A,18000,7.9,0,0.25,N,2,2024-09-26
23,72000,MORTGAGE,5.0,PERSONAL,D,12000,16.29,0,0.17,N,2,2024-12-27
23,48000,RENT,6.0,VENTURE,D,10000,15.62,0,0.21,Y,2,2024-02-10
22,48000,RENT,2.0,VENTURE,C,10000,13.49,0,0.21,N,4,2024-12-12
25,72000,MORTGAGE,9.0,EDUCATION,B,14000,12.42,0,0.19,N,2,2024-10-15
25,42000,RENT,3.0,VENTURE,C,10000,13.8,1,0.24,N,3,2024-09-25
24,72000,MORTGAGE,8.0,HOMEIMPROVEMENT,A,5000,6.03,0,0.07,N,3,2024-05-26
22,72000,MORTGAGE,6.0,PERSONAL,B,5000,12.69,0,0.07,N,3,2024-08-03
25,42000,RENT,2.0,DEBTCONSOLIDATION,D,10000,14.91,1,0.24,Y,3,2024-05-05
23,48000,RENT,1.0,DEBTCONSOLIDATION,A,10000,7.29,0,0.21,N,2,2024-12-07
23,72000,MORTGAGE,7.0,EDUCATION,B,5000,11.013786929274843,0,0.07,N,3,2024-07-18
23,72000,MORTGAGE,7.0,VENTURE,B,4200,12.42,0,0.06,N,3,2024-12-24
25,72000,MORTGAGE,2.0,MEDICAL,A,5000,6.03,0,0.07,N,3,2024-11-24
23,72000,MORTGAGE,7.0,VENTURE,B,2400,12.69,0,0.03,N,2,2024-05-04
24,72000,MORTGAGE,8.0,PERSONAL,A,12000,6.03,0,0.17,N,2,2024-05-31
26,72000,MORTGAGE,10.0,MEDICAL,B,17000,10.65,0,0.24,N,4,2024-12-18
24,72000,MORTGAGE,4.0,VENTURE,A,17000,11.013786929274843,0,0.24,N,4,2024-05-03
22,72000,OWN,2.0,MEDICAL,A,15000,7.9,0,0.21,N,2,2024-01-05
25,72000,MORTGAGE,9.0,PERSONAL,F,18000,20.89,0,0.25,Y,4,2024-09-03
25,48000,RENT,2.0,EDUCATION,B,10000,11.86,0,0.21,N,3,2024-10-30
25,72000,MORTGAGE,9.0,DEBTCONSOLIDATION,B,4800,10.65,0,0.07,N,3,2024-06-03
24,48000,RENT,7.0,PERSONAL,C,10000,14.22,0,0.21,Y,4,2024-01-21
24,72000,MORTGAGE,2.0,EDUCATION,C,1000,15.23,0,0.01,Y,3,2024-01-19
24,72000,MORTGAGE,2.0,DEBTCONSOLIDATION,A,6000,7.49,0,0.08,N,4,2024-08-30
26,72000,MORTGAGE,3.0,MEDICAL,A,5000,8.49,0,0.07,N,3,2024-11-25
26,48000,RENT,1.0,EDUCATION,A,10000,8.94,0,0.21,N,4,2024-07-26
26,72000,MORTGAGE,10.0,EDUCATION,D,16000,11.013786929274843,0,0.22,N,3,2024-06-13
26,48000,RENT,2.0,MEDICAL,B,10000,12.21,0,0.21,N,3,2024-01-02
23,48000,RENT,1.0,EDUCATION,C,10000,12.84,0,0.21,N,4,2024-05-14
22,42000,RENT,6.0,MEDICAL,E,10000,16.32,1,0.24,Y,4,2024-03-07
23,72000,MORTGAGE,7.0,EDUCATION,A,20000,7.49,0,0.28,N,2,2024-04-19
23,48000,RENT,1.0,PERSONAL,C,10000,13.79,0,0.21,N,3,2024-01-01
23,42000,RENT,7.0,DEBTCONSOLIDATION,D,10000,11.013786929274843,1,0.24,Y,3,2024-12-08
23,66000,MORTGAGE,7.0,DEBTCONSOLIDATION,D,4000,15.62,1,0.06,Y,4,2024-07-17
23,56100,MORTGAGE,3.0,MEDICAL,B,5650,10.99,1,0.09,N,3,2024-07-19
22,48132,RENT,5.0,MEDICAL,B,10000,11.71,0,0.21,N,4,2024-10-13
25,72000,MORTGAGE,9.0,EDUCATION,D,9000,15.62,0,0.13,N,4,2024-05-14
23,42720,RENT,1.0,EDUCATION,D,10000,16.89,1,0.23,Y,4,2024-05-27
22,48996,RENT,4.0,EDUCATION,C,10000,12.87,0,0.2,N,2,2024-06-22
22,43000,RENT,3.0,MEDICAL,D,10000,16.77,1,0.23,N,2,2024-05-11
22,72000,MORTGAGE,3.0,EDUCATION,A,8400,5.42,0,0.12,N,2,2024-10-09
24,49200,RENT,8.0,VENTURE,C,10000,13.49,0,0.2,N,3,2024-02-14
24,72000,MORTGAGE,8.0,MEDICAL,C,6000,13.49,0,0.08,N,2,2024-08-09
24,43500,RENT,6.0,MEDICAL,D,10000,13.62,1,0.23,Y,3,2024-04-03
24,72000,OWN,8.0,HOMEIMPROVEMENT,A,9000,7.49,0,0.13,N,4,2024-09-07
26,49571,RENT,1.0,VENTURE,C,10000,13.11,0,0.2,Y,3,2024-10-06
24,49639,RENT,8.0,MEDICAL,C,10000,11.013786929274843,0,0.2,N,3,2024-04-11
26,72000,MORTGAGE,7.0,VENTURE,B,16000,10.59,0,0.22,N,3,2024-09-17
22,49920,RENT,6.0,DEBTCONSOLIDATION,B,10000,11.14,0,0.2,N,2,2024-08-15
24,72000,MORTGAGE,1.0,PERSONAL,A,12000,5.42,0,0.17,N,2,2024-04-17
24,72000,MORTGAGE,5.0,MEDICAL,A,11200,7.29,0,0.16,N,4,2024-07-21
22,50000,RENT,5.0,PERSONAL,B,10000,11.71,0,0.2,N,3,2024-08-05
26,72000,MORTGAGE,1.0,HOMEIMPROVEMENT,D,10500,15.28,0,0.15,Y,2,2024-03-30
24,72000,MORTGAGE,7.0,PERSONAL,A,3000,11.013786929274843,0,0.04,N,2,2024-12-30
23,50000,RENT,5.0,EDUCATION,A,10000,7.51,0,0.2,N,3,2024-05-10
25,72000,MORTGAGE,1.0,HOMEIMPROVEMENT,A,2100,7.66,0,0.03,N,3,2024-01-12
25,72000,OWN,8.0,EDUCATION,A,18000,7.66,0,0.25,N,3,2024-11-20
24,72000,MORTGAGE,2.0,EDUCATION,E,6000,16.77,0,0.08,Y,3,2024-05-01
23,50000,RENT,3.0,EDUCATION,B,10000,9.91,0,0.2,N,3,2024-09-02
25,72000,OWN,3.0,VENTURE,E,16000,17.14,0,0.22,Y,3,2024-10-21
24,50000,RENT,1.0,DEBTCONSOLIDATION,A,10000,7.51,0,0.2,N,4,2024-02-29
24,50000,RENT,3.0,HOMEIMPROVEMENT,C,10000,14.27,0,0.2,Y,4,2024-07-18
22,72000,OWN,6.0,VENTURE,B,16000,10.37,0,0.22,N,3,2024-10-25
24,72000,MORTGAGE,4.0,VENTURE,C,2100,11.013786929274843,0,0.03,Y,2,2024-12-30
22,72000,MORTGAGE,7.0,EDUCATION,A,10000,11.013786929274843,0,0.14,N,2,2024-04-07
24,50000,RENT,1.0,PERSONAL,B,10000,11.71,0,0.2,N,2,2024-04-11
26,50000,RENT,2.0,PERSONAL,A,10000,8.49,0,0.2,N,3,2024-03-04
24,50000,RENT,3.0,PERSONAL,A,10000,7.49,0,0.2,N,2,2024-12-10
25,50000,RENT,6.0,EDUCATION,A,10000,7.49,0,0.2,N,3,2024-05-07
22,50000,RENT,6.0,EDUCATION,B,10000,10.99,0,0.2,N,2,2024-01-04
22,50000,RENT,3.0,DEBTCONSOLIDATION,C,10000,13.99,0,0.2,Y,2,2024-08-19
24,72000,MORTGAGE,6.0,EDUCATION,C,10000,12.98,0,0.14,N,4,2024-11-19
22,72000,MORTGAGE,6.0,EDUCATION,A,5000,6.54,0,0.07,N,4,2024-12-04
22,72000,MORTGAGE,6.0,PERSONAL,A,10800,6.91,0,0.15,N,3,2024-04-29
24,72000,MORTGAGE,4.0,MEDICAL,B,5000,9.25,0,0.07,N,2,2024-11-14
25,44000,RENT,2.0,MEDICAL,D,10000,15.65,1,0.23,Y,4,2024-07-04
22,72000,MORTGAGE,6.0,DEBTCONSOLIDATION,A,3500,5.42,0,0.05,N,4,2024-07-10
23,50000,RENT,5.0,EDUCATION,B,10000,9.63,0,0.2,N,3,2024-07-02
23,72000,MORTGAGE,7.0,EDUCATION,A,7000,6.17,0,0.1,N,3,2024-04-12
23,72000,MORTGAGE,7.0,DEBTCONSOLIDATION,A,6000,6.17,0,0.08,N,3,2024-10-15
24,72000,MORTGAGE,1.0,VENTURE,B,6000,9.99,0,0.08,N,2,2024-07-20
23,50000,RENT,7.0,MEDICAL,A,10000,11.013786929274843,0,0.2,N,2,2024-02-10
26,50000,RENT,1.0,HOMEIMPROVEMENT,A,10000,6.91,0,0.2,N,2,2024-07-15
24,56100,MORTGAGE,4.0,MEDICAL,D,4900,15.95,1,0.07,Y,4,2024-12-31
25,72000,MORTGAGE,9.0,DEBTCONSOLIDATION,A,15000,7.88,0,0.21,N,3,2024-05-16
23,72000,MORTGAGE,5.0,PERSONAL,A,8700,6.76,0,0.12,N,4,2024-03-26
23,72000,MORTGAGE,7.0,MEDICAL,C,8000,13.61,0,0.11,Y,2,2024-09-10
23,72000,MORTGAGE,7.0,VENTURE,A,9000,6.76,0,0.13,N,2,2024-04-23
22,50000,RENT,4.0,MEDICAL,A,10000,6.17,0,0.2,N,2,2024-10-11
24,44000,RENT,1.0,VENTURE,D,10000,11.013786929274843,1,0.23,Y,3,2024-05-14
23,72000,MORTGAGE,7.0,EDUCATION,A,6400,7.51,0,0.09,N,2,2024-07-08
24,72000,MORTGAGE,8.0,VENTURE,A,8000,7.88,0,0.11,N,4,2024-03-14
22,44000,RENT,2.0,VENTURE,D,10000,15.58,1,0.23,N,3,2024-04-05
22,50000,RENT,6.0,MEDICAL,A,10000,7.88,0,0.2,N,3,2024-11-14
24,72000,MORTGAGE,8.0,VENTURE,B,18000,11.86,0,0.25,N,4,2024-08-08
23,72000,MORTGAGE,7.0,MEDICAL,B,5975,11.013786929274843,0,0.08,N,3,2024-07-17
22,72000,MORTGAGE,4.0,PERSONAL,D,15000,16.32,0,0.21,Y,4,2024-09-12
26,72000,MORTGAGE,3.0,HOMEIMPROVEMENT,A,10000,11.013786929274843,0,0.14,N,3,2024-04-24
25,50000,RENT,4.0,EDUCATION,E,10000,16.82,0,0.2,Y,2,2024-11-26
23,72000,MORTGAGE,7.0,EDUCATION,B,11875,10.38,0,0.16,N,3,2024-01-04
22,50000,RENT,6.0,EDUCATION,C,10000,13.57,0,0.2,Y,3,2024-10-17
22,72000,MORTGAGE,5.0,VENTURE,D,12000,14.84,0,0.17,Y,4,2024-01-22
25,72000,OWN,9.0,VENTURE,A,6000,7.14,0,0.08,N,4,2024-03-03
23,50000,RENT,5.0,MEDICAL,A,10000,8.94,0,0.2,N,3,2024-11-27
22,72000,MORTGAGE,3.0,EDUCATION,B,5000,11.013786929274843,0,0.07,N,2,2024-08-14
25,50000,RENT,2.0,DEBTCONSOLIDATION,B,10000,10.95,0,0.2,N,3,2024-01-19
22,50000,RENT,4.0,EDUCATION,A,10000,9.32,0,0.2,N,2,2024-09-09
25,72000,MORTGAGE,9.0,HOMEIMPROVEMENT,D,10000,14.96,0,0.14,N,3,2024-05-16
23,50004,RENT,7.0,EDUCATION,A,10000,6.17,0,0.2,N,4,2024-06-09
25,72000,MORTGAGE,9.0,EDUCATION,A,3200,6.39,0,0.04,N,3,2024-07-27
22,72000,MORTGAGE,6.0,EDUCATION,E,8000,16.45,0,0.11,N,4,2024-04-26
22,50004,RENT,6.0,PERSONAL,B,10000,12.21,0,0.2,N,2,2024-10-24
24,50004,RENT,2.0,VENTURE,C,10000,13.79,0,0.2,Y,4,2024-04-08
23,56100,MORTGAGE,5.0,MEDICAL,C,18000,14.22,1,0.27,Y,2,2024-05-19
22,44307,RENT,6.0,HOMEIMPROVEMENT,B,10000,11.36,1,0.23,N,2,2024-01-26
25,50500,RENT,3.0,DEBTCONSOLIDATION,C,10000,13.85,0,0.2,N,2,2024-05-04
24,72000,MORTGAGE,1.0,EDUCATION,B,16000,10.25,0,0.22,N,3,2024-08-18
22,45000,RENT,6.0,HOMEIMPROVEMENT,C,10000,15.96,1,0.22,N,2,2024-05-15
22,72000,OWN,1.0,PERSONAL,B,15000,10.25,0,0.21,N,3,2024-12-08
24,72000,MORTGAGE,8.0,HOMEIMPROVEMENT,A,8200,7.88,0,0.11,N,4,2024-07-05
26,72000,MORTGAGE,5.0,HOMEIMPROVEMENT,A,6600,11.013786929274843,0,0.09,N,2,2024-11-10
26,45000,RENT,4.0,PERSONAL,B,10000,11.86,1,0.22,N,4,2024-04-23
24,51000,RENT,1.0,EDUCATION,B,10000,11.83,0,0.2,N,2,2024-07-09
23,72000,MORTGAGE,5.0,MEDICAL,A,16000,7.4,0,0.22,N,3,2024-08-04
26,72000,OWN,10.0,MEDICAL,A,10000,7.74,0,0.14,N,4,2024-06-12
22,45000,RENT,1.0,VENTURE,E,10000,11.013786929274843,1,0.22,N,2,2024-12-09
24,51160,RENT,5.0,DEBTCONSOLIDATION,B,10000,10.75,0,0.2,N,3,2024-05-27
26,66000,MORTGAGE,2.0,HOMEIMPROVEMENT,D,12000,11.013786929274843,1,0.18,N,3,2024-04-24
22,51360,RENT,4.0,EDUCATION,D,10000,11.013786929274843,0,0.19,N,2,2024-01-13
25,72000,MORTGAGE,4.0,DEBTCONSOLIDATION,B,20000,11.83,0,0.28,N,4,2024-07-28
24,72000,MORTGAGE,3.0,PERSONAL,C,20000,13.57,0,0.28,N,3,2024-11-22
23,51400,RENT,2.0,PERSONAL,B,10000,10.65,0,0.19,N,3,2024-09-14
25,72000,MORTGAGE,6.0,PERSONAL,B,5000,12.18,0,0.07,N,3,2024-10-25
26,51996,RENT,1.0,PERSONAL,C,10000,13.23,0,0.19,Y,4,2024-09-20
24,52000,RENT,2.0,DEBTCONSOLIDATION,B,10000,9.91,0,0.19,N,2,2024-12-10
24,52000,RENT,3.0,EDUCATION,B,10000,12.42,0,0.19,N,2,2024-02-27
25,72000,MORTGAGE,7.0,EDUCATION,B,25000,11.89,0,0.35,N,2,2024-06-26
25,52000,RENT,9.0,EDUCATION,D,10000,11.013786929274843,0,0.19,N,2,2024-08-23
24,72000,MORTGAGE,5.0,DEBTCONSOLIDATION,B,8000,12.21,0,0.11,N,4,2024-02-24
22,52000,RENT,6.0,VENTURE,B,10000,11.71,0,0.19,N,3,2024-03-29
24,52000,RENT,5.0,HOMEIMPROVEMENT,B,10000,11.99,0,0.19,N,4,2024-05-03
23,46000,RENT,7.0,HOMEIMPROVEMENT,C,10000,13.43,1,0.22,N,4,2024-05-04
26,66000,MORTGAGE,9.0,DEBTCONSOLIDATION,D,15000,14.42,1,0.23,N,2,2024-04-06
25,52000,RENT,1.0,HOMEIMPROVEMENT,A,10000,6.91,0,0.19,N,2,2024-01-19
25,52000,RENT,1.0,VENTURE,A,10000,5.79,0,0.19,N,3,2024-06-30
22,72000,OTHER,6.0,VENTURE,B,15000,11.58,0,0.21,N,2,2024-02-05
26,72000,MORTGAGE,10.0,EDUCATION,A,4000,9.32,0,0.06,N,4,2024-11-02
23,52000,RENT,7.0,VENTURE,A,10000,6.54,0,0.19,N,2,2024-04-03
24,52000,RENT,6.0,DEBTCONSOLIDATION,A,10000,7.88,0,0.19,N,4,2024-03-18
22,72000,MORTGAGE,6.0,VENTURE,B,25000,9.83,0,0.35,N,3,2024-12-04
24,72000,MORTGAGE,8.0,HOMEIMPROVEMENT,E,5000,13.93,0,0.07,Y,2,2024-08-26
23,46000,RENT,2.0,DEBTCONSOLIDATION,D,10000,12.61,1,0.22,N,2,2024-02-08
22,72060,MORTGAGE,7.0,EDUCATION,B,5500,11.71,0,0.08,N,3,2024-02-05
22,53000,RENT,3.0,MEDICAL,B,10000,9.99,0,0.19,N,4,2024-02-29
22,72100,MORTGAGE,2.0,EDUCATION,A,13000,11.013786929274843,0,0.18,N,3,2024-03-04
24,72100,MORTGAGE,2.0,EDUCATION,B,16000,10.25,0,0.22,N,4,2024-02-24
26,53000,RENT,5.0,DEBTCONSOLIDATION,A,10000,8.59,0,0.19,N,4,2024-09-20
22,72204,OTHER,6.0,VENTURE,C,18000,12.53,0,0.25,N,3,2024-10-31
25,53004,RENT,3.0,MEDICAL,A,10000,9.32,0,0.19,N,4,2024-09-28
24,47292,RENT,4.0,MEDICAL,D,10000,16.32,1,0.21,Y,3,2024-05-28
22,53500,RENT,2.0,EDUCATION,B,10000,9.99,0,0.19,N,3,2024-09-05
23,56403,MORTGAGE,7.0,MEDICAL,D,30000,16.49,1,0.45,N,2,2024-10-17
24,72400,MORTGAGE,4.0,HOMEIMPROVEMENT,C,35000,13.99,0,0.48,N,4,2024-08-25
24,72400,MORTGAGE,4.0,PERSONAL,E,25000,17.99,0,0.35,Y,2,2024-12-19
25,72400,MORTGAGE,9.0,VENTURE,E,8000,17.39,0,0.11,N,3,2024-11-26
24,72444,MORTGAGE,7.0,HOMEIMPROVEMENT,B,25000,10.74,0,0.35,N,4,2024-01-08
22,54000,RENT,6.0,VENTURE,A,10000,6.62,0,0.19,N,4,2024-12-22
26,54000,RENT,6.0,EDUCATION,A,10000,7.9,0,0.19,N,2,2024-12-25
22,48000,RENT,7.0,DEBTCONSOLIDATION,E,10000,17.99,1,0.21,Y,4,2024-04-17
22,72500,MORTGAGE,7.0,EDUCATION,A,13200,7.29,0,0.18,N,3,2024-02-29
24,54000,RENT,1.0,PERSONAL,C,10000,13.35,0,0.19,N,4,2024-02-08
25,54000,RENT,2.0,PERSONAL,B,10000,11.46,0,0.19,N,4,2024-05-12
26,54316,RENT,10.0,MEDICAL,B,10000,11.86,0,0.18,N,2,2024-10-03
24,54480,RENT,8.0,HOMEIMPROVEMENT,B,10000,11.89,0,0.18,N,3,2024-12-08
26,72600,MORTGAGE,3.0,MEDICAL,A,4500,7.74,0,0.06,N,2,2024-12-27
26,72645,OWN,5.0,VENTURE,A,12000,11.013786929274843,0,0.17,N,2,2024-09-27
24,54996,RENT,5.0,MEDICAL,C,10000,12.99,0,0.18,N,2,2024-01-17
25,48996,RENT,9.0,MEDICAL,D,10000,14.54,1,0.2,Y,2,2024-06-23
25,66800,MORTGAGE,3.0,DEBTCONSOLIDATION,A,12000,9.63,1,0.18,N,4,2024-10-07
24,72800,MORTGAGE,8.0,PERSONAL,C,11200,13.79,0,0.15,N,2,2024-05-30
25,72893,MORTGAGE,9.0,PERSONAL,C,20000,13.22,0,0.27,N,2,2024-06-16
25,72972,MORTGAGE,9.0,PERSONAL,C,10000,12.99,0,0.14,N,3,2024-04-09
24,72984,MORTGAGE,3.0,PERSONAL,A,12000,11.013786929274843,0,0.16,N,4,2024-09-19
26,72996,MORTGAGE,1.0,EDUCATION,B,15000,10.38,0,0.21,N,4,2024-07-20
22,55000,RENT,6.0,VENTURE,C,10000,15.27,0,0.18,N,3,2024-08-28
22,73000,MORTGAGE,5.0,DEBTCONSOLIDATION,C,22000,15.96,0,0.3,Y,4,2024-12-07
25,49000,RENT,9.0,HOMEIMPROVEMENT,A,10000,6.62,1,0.2,N,4,2024-10-03
26,73000,MORTGAGE,10.0,EDUCATION,A,10625,6.03,0,0.15,N,4,2024-01-22
23,55000,RENT,7.0,PERSONAL,B,10000,10.59,0,0.18,N,4,2024-03-14
22,73000,MORTGAGE,6.0,VENTURE,A,7000,7.49,0,0.1,N,2,2024-09-19
22,73000,MORTGAGE,6.0,EDUCATION,B,7000,10.59,0,0.1,N,2,2024-06-23
22,73000,MORTGAGE,7.0,VENTURE,D,12000,16.89,0,0.16,Y,2,2024-06-05
24,73000,MORTGAGE,1.0,MEDICAL,B,10000,11.99,0,0.14,N,2,2024-01-28
23,55000,RENT,4.0,EDUCATION,B,10000,10.37,0,0.18,N,4,2024-06-10
22,55000,RENT,7.0,MEDICAL,B,10000,10.37,0,0.18,N,2,2024-03-11
22,73000,MORTGAGE,6.0,MEDICAL,A,5000,7.49,0,0.07,N,2,2024-05-02
22,73000,MORTGAGE,3.0,MEDICAL,B,17000,11.99,0,0.23,N,3,2024-08-20
24,73000,MORTGAGE,3.0,MEDICAL,A,10000,7.49,0,0.14,N,3,2024-07-24
23,55000,RENT,7.0,EDUCATION,A,10000,5.79,0,0.18,N,3,2024-12-13
24,55000,RENT,5.0,HOMEIMPROVEMENT,A,10000,5.42,0,0.18,N,2,2024-12-27
24,56950,MORTGAGE,4.0,MEDICAL,B,4500,10.0,1,0.07,N,3,2024-03-03
24,73000,MORTGAGE,4.0,EDUCATION,A,6500,5.42,0,0.09,N,2,2024-05-08
23,73000,MORTGAGE,7.0,VENTURE,B,7000,10.74,0,0.1,N,3,2024-11-15
22,49000,RENT,6.0,PERSONAL,E,10000,16.45,1,0.2,N,2,2024-09-14
25,73000,MORTGAGE,8.0,DEBTCONSOLIDATION,C,3500,13.23,0,0.05,N,2,2024-04-02
25,73000,MORTGAGE,9.0,DEBTCONSOLIDATION,B,9000,11.86,0,0.12,N,4,2024-05-23
26,73000,MORTGAGE,5.0,MEDICAL,C,14400,13.61,0,0.2,N,4,2024-09-20
26,55000,RENT,7.0,MEDICAL,A,10000,8.59,0,0.18,N,3,2024-06-23
24,73000,MORTGAGE,3.0,EDUCATION,C,8000,13.23,0,0.11,Y,2,2024-04-10
24,55000,RENT,6.0,DEBTCONSOLIDATION,A,10000,8.94,0,0.18,N,3,2024-08-26
22,73000,MORTGAGE,6.0,MEDICAL,B,3000,11.013786929274843,0,0.04,N,4,2024-12-06
26,67000,OWN,10.0,DEBTCONSOLIDATION,E,5000,16.45,1,0.07,Y,3,2024-05-24
24,55008,RENT,6.0,VENTURE,E,10000,14.93,0,0.18,Y,3,2024-12-29
26,55500,RENT,3.0,MEDICAL,C,10000,11.013786929274843,0,0.18,Y,4,2024-06-27
24,56000,RENT,2.0,EDUCATION,A,10000,6.03,0,0.18,N,4,2024-09-26
23,73000,MORTGAGE,7.0,EDUCATION,C,7500,13.22,0,0.1,Y,2,2024-01-22
24,73000,MORTGAGE,7.0,DEBTCONSOLIDATION,A,14400,8.94,0,0.2,N,2,2024-04-16
24,56000,RENT,3.0,MEDICAL,B,10000,12.21,0,0.18,N,2,2024-01-15
26,67000,MORTGAGE,2.0,DEBTCONSOLIDATION,D,6500,14.11,1,0.1,Y,2,2024-04-13
23,56004,RENT,7.0,PERSONAL,B,10000,11.83,0,0.18,N,3,2024-01-13
25,56950,MORTGAGE,9.0,MEDICAL,C,25000,10.91,1,0.37,Y,3,2024-08-23
24,56500,RENT,1.0,HOMEIMPROVEMENT,B,10000,11.013786929274843,0,0.18,N,4,2024-04-28
22,73063,MORTGAGE,4.0,PERSONAL,C,11200,11.013786929274843,0,0.15,Y,2,2024-12-16
25,73163,MORTGAGE,9.0,VENTURE,E,25000,16.45,0,0.34,N,3,2024-11-21
23,73164,MORTGAGE,7.0,VENTURE,B,1000,10.36,0,0.01,N,2,2024-07-16
26,57000,RENT,2.0,VENTURE,A,10000,7.9,0,0.18,N,4,2024-10-24
25,73200,MORTGAGE,7.0,DEBTCONSOLIDATION,A,5000,11.013786929274843,0,0.07,N,2,2024-11-27
26,73200,MORTGAGE,10.0,VENTURE,C,17500,11.013786929274843,0,0.24,N,3,2024-01-19
25,57000,RENT,1.0,PERSONAL,C,10000,14.27,0,0.18,Y,4,2024-04-27
26,73440,OWN,1.0,PERSONAL,B,35000,9.91,0,0.48,N,2,2024-09-11
24,73440,MORTGAGE,7.0,EDUCATION,A,7000,6.99,0,0.1,N,2,2024-10-15
23,67476,MORTGAGE,5.0,HOMEIMPROVEMENT,C,25000,13.49,1,0.37,Y,3,2024-08-06
22,51000,RENT,6.0,EDUCATION,A,10000,5.42,1,0.2,N,4,2024-07-18
23,73500,MORTGAGE,7.0,VENTURE,A,10000,6.92,0,0.14,N,4,2024-12-21
23,57000,RENT,7.0,DEBTCONSOLIDATION,B,10000,11.48,0,0.18,N,4,2024-10-04
26,57600,RENT,10.0,HOMEIMPROVEMENT,A,10000,6.62,0,0.17,N,4,2024-08-16
23,57600,RENT,3.0,VENTURE,D,10000,15.58,0,0.17,Y,4,2024-07-07
23,57996,RENT,7.0,EDUCATION,C,10000,13.23,0,0.17,N,3,2024-05-01
24,67524,MORTGAGE,4.0,PERSONAL,B,10000,9.99,1,0.15,N,2,2024-01-26
24,73600,MORTGAGE,7.0,HOMEIMPROVEMENT,B,24000,11.36,0,0.33,N,2,2024-09-19
22,58000,RENT,6.0,DEBTCONSOLIDATION,A,10000,6.54,0,0.17,N,2,2024-01-22
23,67700,MORTGAGE,7.0,EDUCATION,D,15000,14.11,1,0.22,Y,3,2024-10-04
23,58000,RENT,2.0,DEBTCONSOLIDATION,A,10000,7.88,0,0.17,N,2,2024-01-01
24,73909,MORTGAGE,6.0,DEBTCONSOLIDATION,A,3900,5.99,0,0.05,N,4,2024-01-08
22,74000,MORTGAGE,6.0,EDUCATION,B,9000,11.013786929274843,0,0.12,N,2,2024-10-15
23,58216,RENT,5.0,MEDICAL,A,10000,7.49,0,0.17,N,4,2024-05-02
22,58608,RENT,4.0,PERSONAL,A,10000,7.51,0,0.17,N,4,2024-05-27
26,52800,RENT,2.0,VENTURE,D,10000,12.8,1,0.19,Y,3,2024-12-03
25,74000,MORTGAGE,9.0,VENTURE,A,12000,6.03,0,0.16,N,3,2024-03-20
23,59000,RENT,7.0,EDUCATION,C,10000,11.013786929274843,0,0.17,Y,3,2024-01-11
26,74000,MORTGAGE,5.0,HOMEIMPROVEMENT,A,10000,6.62,0,0.14,N,4,2024-10-31
26,74000,MORTGAGE,10.0,DEBTCONSOLIDATION,B,1200,12.69,0,0.02,N,2,2024-09-23
24,59000,RENT,1.0,EDUCATION,A,10000,11.013786929274843,0,0.17,N,4,2024-07-31
22,74000,MORTGAGE,6.0,MEDICAL,A,2500,6.62,0,0.03,N,3,2024-01-06
22,74000,MORTGAGE,6.0,MEDICAL,A,4000,6.99,0,0.05,N,4,2024-03-31
24,59600,RENT,8.0,HOMEIMPROVEMENT,A,10000,5.99,0,0.17,N,3,2024-07-12
25,74000,OWN,1.0,VENTURE,A,16000,8.49,0,0.22,N,3,2024-05-01
26,74000,MORTGAGE,10.0,VENTURE,B,4475,9.99,0,0.06,N,4,2024-08-25
23,74000,OWN,7.0,PERSONAL,D,15000,15.99,0,0.2,Y,4,2024-03-30
23,74000,MORTGAGE,7.0,EDUCATION,B,10000,11.013786929274843,0,0.14,N,2,2024-11-27
26,74000,MORTGAGE,4.0,VENTURE,C,3500,11.013786929274843,0,0.05,Y,4,2024-03-02
25,60000,RENT,9.0,VENTURE,B,10000,9.91,0,0.17,N,3,2024-04-28
24,60000,RENT,1.0,MEDICAL,B,10000,11.013786929274843,0,0.17,N,3,2024-01-22
22,74000,MORTGAGE,6.0,EDUCATION,A,10000,7.88,0,0.14,N,2,2024-04-07
22,60000,RENT,2.0,MEDICAL,B,10000,11.71,0,0.17,N,2,2024-09-30
26,74000,MORTGAGE,1.0,MEDICAL,A,3000,6.76,0,0.04,N,3,2024-05-29
25,74000,MORTGAGE,5.0,HOMEIMPROVEMENT,D,10000,14.59,0,0.14,Y,4,2024-10-28
26,60000,RENT,5.0,DEBTCONSOLIDATION,C,10000,14.27,0,0.17,N,4,2024-08-22
25,74000,MORTGAGE,1.0,EDUCATION,A,10000,11.013786929274843,0,0.14,N,3,2024-12-07
26,74000,MORTGAGE,9.0,HOMEIMPROVEMENT,C,1200,13.22,0,0.02,Y,4,2024-07-30
24,60000,RENT,4.0,EDUCATION,D,10000,16.89,0,0.17,Y,4,2024-10-24
23,74000,MORTGAGE,4.0,VENTURE,B,20000,11.48,0,0.27,N,4,2024-11-12
26,60000,RENT,10.0,PERSONAL,C,10000,13.49,0,0.17,N,3,2024-03-24
23,74000,MORTGAGE,7.0,EDUCATION,B,12000,11.58,0,0.16,N,2,2024-03-11
24,60000,RENT,4.0,MEDICAL,A,10000,7.49,0,0.17,N,4,2024-06-05
24,74000,MORTGAGE,6.0,MEDICAL,B,5000,12.21,0,0.07,N,2,2024-07-29
24,54000,RENT,5.0,PERSONAL,B,10000,10.37,1,0.19,N,2,2024-03-17
22,74004,MORTGAGE,6.0,EDUCATION,A,12000,11.013786929274843,0,0.16,N,4,2024-01-06
24,74004,OWN,2.0,EDUCATION,D,5000,14.09,0,0.07,N,4,2024-01-03
24,60000,RENT,4.0,MEDICAL,A,10000,6.54,0,0.17,N,2,2024-12-11
25,60000,RENT,1.0,PERSONAL,A,10000,11.013786929274843,0,0.17,N,4,2024-08-06
23,74196,MORTGAGE,5.0,VENTURE,B,17000,11.26,0,0.23,N,4,2024-08-01
22,74263,MORTGAGE,3.0,MEDICAL,B,11500,9.99,0,0.15,N,3,2024-12-21
23,54000,RENT,4.0,EDUCATION,E,10000,17.93,1,0.19,Y,4,2024-11-04
24,74360,OWN,7.0,VENTURE,A,25000,11.013786929274843,0,0.34,N,4,2024-03-03
26,74400,MORTGAGE,10.0,DEBTCONSOLIDATION,A,15000,6.54,0,0.2,N,4,2024-01-28
24,74448,MORTGAGE,8.0,EDUCATION,A,4000,11.013786929274843,0,0.05,N,2,2024-02-18
22,74500,MORTGAGE,6.0,VENTURE,C,8000,15.96,0,0.11,N,3,2024-03-10
23,60000,RENT,5.0,DEBTCONSOLIDATION,A,10000,7.14,0,0.17,N,2,2024-05-23
23,68500,MORTGAGE,7.0,PERSONAL,D,9800,14.84,1,0.14,N,2,2024-01-04
25,60000,RENT,5.0,HOMEIMPROVEMENT,A,10000,7.14,0,0.17,N,4,2024-11-13
26,74500,MORTGAGE,10.0,DEBTCONSOLIDATION,B,8000,9.88,0,0.11,N,3,2024-12-13
23,60000,RENT,7.0,VENTURE,B,10000,9.88,0,0.17,N,4,2024-03-02
24,60000,RENT,1.0,MEDICAL,C,10000,12.73,0,0.17,Y,2,2024-12-10
26,68551,MORTGAGE,1.0,EDUCATION,C,4000,14.22,1,0.06,Y,2,2024-01-20
25,58313,MORTGAGE,9.0,MEDICAL,E,5300,19.91,1,0.08,Y,2,2024-03-19
25,74678,MORTGAGE,9.0,DEBTCONSOLIDATION,B,4000,10.62,0,0.05,N,2,2024-06-11
24,74700,MORTGAGE,7.0,EDUCATION,A,12000,5.42,0,0.16,N,4,2024-07-06
24,74700,MORTGAGE,4.0,VENTURE,B,19750,11.12,0,0.26,N,3,2024-07-10
23,74758,MORTGAGE,3.0,DEBTCONSOLIDATION,B,11050,10.37,0,0.15,N,3,2024-07-07
23,60000,RENT,3.0,EDUCATION,E,10000,11.013786929274843,0,0.17,N,2,2024-05-17
23,54000,RENT,1.0,EDUCATION,D,10000,14.42,1,0.19,N,3,2024-04-18
24,74900,MORTGAGE,5.0,VENTURE,B,18300,10.99,0,0.24,N,2,2024-10-28
24,74900,MORTGAGE,8.0,VENTURE,A,3500,6.39,0,0.05,N,2,2024-08-16
24,54000,RENT,1.0,DEBTCONSOLIDATION,D,10000,14.11,1,0.19,N,4,2024-09-29
22,54000,RENT,6.0,EDUCATION,C,10000,13.79,1,0.19,N,4,2024-09-20
24,60000,RENT,6.0,VENTURE,A,10000,9.32,0,0.17,N,2,2024-06-20
23,75000,MORTGAGE,5.0,EDUCATION,A,31825,7.9,0,0.42,N,2,2024-01-26
23,54000,RENT,7.0,PERSONAL,D,10000,14.11,1,0.19,N,2,2024-04-12
25,60000,RENT,2.0,HOMEIMPROVEMENT,C,10000,12.09,0,0.17,N,2,2024-09-17
22,54000,RENT,2.0,MEDICAL,D,10000,13.36,1,0.19,Y,3,2024-01-05
23,54000,RENT,1.0,EDUCATION,D,10000,13.67,1,0.19,Y,3,2024-03-15
25,75000,MORTGAGE,9.0,MEDICAL,C,4800,15.27,0,0.06,Y,3,2024-02-28
23,75000,OWN,6.0,VENTURE,A,24000,7.9,0,0.32,N,3,2024-06-20
23,75000,MORTGAGE,7.0,VENTURE,B,5400,12.69,0,0.07,N,2,2024-03-12
24,60629,RENT,7.0,HOMEIMPROVEMENT,A,10000,7.51,0,0.16,N,2,2024-01-28
26,75000,MORTGAGE,10.0,VENTURE,B,5000,9.91,0,0.07,N,3,2024-11-04
22,61500,RENT,3.0,MEDICAL,C,10000,14.22,0,0.16,N,2,2024-02-21
23,62000,RENT,3.0,EDUCATION,C,10000,13.49,0,0.16,N,4,2024-12-15
23,75000,MORTGAGE,7.0,PERSONAL,A,10200,6.03,0,0.14,N,2,2024-06-26
26,56000,RENT,10.0,HOMEIMPROVEMENT,B,10000,12.69,1,0.18,N,2,2024-09-11
26,75000,MORTGAGE,7.0,DEBTCONSOLIDATION,A,6500,8.9,0,0.09,N,4,2024-09-20
22,69000,MORTGAGE,6.0,PERSONAL,B,15000,10.65,1,0.22,N,4,2024-06-09
26,75000,MORTGAGE,10.0,PERSONAL,C,10000,13.49,0,0.13,N,4,2024-07-18
22,43200,RENT,6.0,EDUCATION,B,4000,11.11,0,0.09,N,2,2024-03-04
24,44000,RENT,1.0,EDUCATION,B,4000,8.7,0,0.09,N,2,2024-01-31
23,75000,MORTGAGE,4.0,VENTURE,B,12000,9.91,0,0.16,N,2,2024-06-10
24,75000,MORTGAGE,4.0,PERSONAL,C,11125,13.49,0,0.15,N,4,2024-08-02
25,75000,MORTGAGE,4.0,VENTURE,D,8000,16.29,0,0.11,N,3,2024-09-15
22,45000,RENT,6.0,PERSONAL,A,4000,7.9,0,0.09,N,2,2024-07-31
24,75000,MORTGAGE,3.0,VENTURE,C,15600,11.013786929274843,0,0.21,N,4,2024-10-26
25,75000,MORTGAGE,4.0,VENTURE,B,24000,9.91,0,0.32,N,2,2024-06-07
22,75000,MORTGAGE,6.0,EDUCATION,B,14950,9.91,0,0.2,N,4,2024-12-14
24,75000,MORTGAGE,4.0,VENTURE,B,16000,12.42,0,0.21,N,2,2024-01-31
22,75000,MORTGAGE,6.0,MEDICAL,C,15000,14.27,0,0.2,N,2,2024-05-25
24,39000,RENT,2.0,DEBTCONSOLIDATION,D,4000,11.013786929274843,1,0.1,Y,4,2024-07-06
25,75000,MORTGAGE,9.0,HOMEIMPROVEMENT,A,7200,11.013786929274843,0,0.1,N,4,2024-01-17
23,45000,RENT,7.0,VENTURE,D,4000,16.32,0,0.09,Y,2,2024-05-11
24,75000,MORTGAGE,8.0,DEBTCONSOLIDATION,A,7000,7.9,0,0.09,N,4,2024-09-23
24,45000,RENT,2.0,PERSONAL,C,4000,13.23,0,0.09,Y,3,2024-02-11
23,75000,MORTGAGE,3.0,VENTURE,A,14400,6.03,0,0.19,N,4,2024-05-12
23,75000,MORTGAGE,2.0,MEDICAL,B,14000,10.65,0,0.19,N,3,2024-10-20
23,45000,RENT,7.0,EDUCATION,D,4000,14.96,0,0.09,N,4,2024-07-31
24,75000,MORTGAGE,7.0,EDUCATION,D,8000,16.29,0,0.11,Y,4,2024-10-07
26,75000,OWN,10.0,MEDICAL,B,9250,12.69,0,0.12,N,4,2024-09-20
24,45000,RENT,8.0,MEDICAL,B,4000,11.83,0,0.09,N,2,2024-11-09
23,75000,OWN,5.0,PERSONAL,B,21000,12.42,0,0.28,N,2,2024-05-10
25,75000,MORTGAGE,4.0,HOMEIMPROVEMENT,C,12000,13.49,0,0.16,N,4,2024-08-18
26,45000,RENT,1.0,DEBTCONSOLIDATION,B,4000,12.21,0,0.09,N,3,2024-07-08
24,75000,MORTGAGE,4.0,HOMEIMPROVEMENT,A,15000,6.03,0,0.2,N,2,2024-01-04
23,75000,MORTGAGE,5.0,VENTURE,A,12000,7.51,0,0.16,N,3,2024-01-20
22,75000,MORTGAGE,6.0,EDUCATION,B,14825,12.69,0,0.2,N,3,2024-03-13
24,62000,RENT,3.0,HOMEIMPROVEMENT,C,10000,13.49,0,0.16,Y,3,2024-06-02
22,75000,MORTGAGE,2.0,MEDICAL,A,8150,7.51,0,0.11,N,4,2024-10-21
23,62000,RENT,1.0,DEBTCONSOLIDATION,A,10000,8.94,0,0.16,N,2,2024-01-04
23,75000,MORTGAGE,7.0,EDUCATION,A,16100,7.9,0,0.21,N,3,2024-04-07
22,62000,RENT,6.0,DEBTCONSOLIDATION,A,10000,11.013786929274843,0,0.16,N,4,2024-12-12
22,69000,MORTGAGE,1.0,EDUCATION,C,17000,15.27,1,0.25,N,3,2024-06-26
26,62000,RENT,1.0,DEBTCONSOLIDATION,B,10000,11.26,0,0.16,N,2,2024-07-26
24,75000,MORTGAGE,3.0,VENTURE,A,16000,6.62,0,0.21,N,2,2024-11-25
22,62322,RENT,7.0,EDUCATION,B,10000,11.013786929274843,0,0.16,N,2,2024-09-20
22,62364,RENT,2.0,EDUCATION,B,10000,10.99,0,0.16,N,2,2024-09-18
25,62366,RENT,8.0,EDUCATION,A,10000,8.94,0,0.16,N,2,2024-04-19
23,75000,MORTGAGE,6.0,EDUCATION,A,5000,6.03,0,0.07,N,4,2024-08-14
25,69000,MORTGAGE,4.0,EDUCATION,C,4500,14.65,1,0.07,Y,2,2024-05-06
24,75000,MORTGAGE,7.0,HOMEIMPROVEMENT,C,12000,13.49,0,0.16,Y,4,2024-04-22
22,75000,MORTGAGE,3.0,VENTURE,D,28000,15.62,0,0.37,Y,4,2024-06-29
26,75000,MORTGAGE,5.0,VENTURE,A,15000,8.49,0,0.2,N,3,2024-02-23
26,75000,OWN,10.0,VENTURE,B,7000,10.59,0,0.09,N,4,2024-12-22
26,75000,MORTGAGE,8.0,DEBTCONSOLIDATION,C,7200,15.23,0,0.1,N,4,2024-02-06
24,75000,MORTGAGE,7.0,EDUCATION,A,8500,6.99,0,0.11,N,3,2024-08-22
25,75000,OWN,6.0,MEDICAL,A,11000,8.49,0,0.15,N,3,2024-07-24
25,75000,MORTGAGE,5.0,EDUCATION,A,5800,11.013786929274843,0,0.08,N,2,2024-08-04
24,75000,OWN,8.0,HOMEIMPROVEMENT,B,29800,11.013786929274843,0,0.4,N,4,2024-03-14
23,75000,MORTGAGE,4.0,DEBTCONSOLIDATION,A,4200,7.49,0,0.06,N,4,2024-03-24
26,75000,MORTGAGE,6.0,MEDICAL,A,6375,5.99,0,0.09,N,3,2024-03-26
25,75000,MORTGAGE,7.0,DEBTCONSOLIDATION,B,15000,9.99,0,0.2,N,4,2024-01-09
26,75000,MORTGAGE,9.0,EDUCATION,C,4000,12.99,0,0.05,N,2,2024-06-04
23,75000,MORTGAGE,4.0,PERSONAL,A,7000,8.49,0,0.09,N,2,2024-01-28
26,75000,MORTGAGE,5.0,HOMEIMPROVEMENT,A,12500,5.99,0,0.17,N,2,2024-04-10
25,64800,RENT,5.0,HOMEIMPROVEMENT,A,10000,7.88,0,0.15,N,4,2024-02-18
23,75000,OWN,5.0,PERSONAL,A,5000,8.49,0,0.07,N,4,2024-07-26
26,69000,MORTGAGE,10.0,HOMEIMPROVEMENT,D,6200,15.99,1,0.09,N,2,2024-02-25
22,69000,MORTGAGE,6.0,DEBTCONSOLIDATION,D,10000,15.62,1,0.14,Y,2,2024-11-02
24,75000,MORTGAGE,4.0,DEBTCONSOLIDATION,C,11200,13.99,0,0.15,Y,4,2024-03-19
22,75000,MORTGAGE,6.0,EDUCATION,A,11000,5.42,0,0.15,N,2,2024-01-04
24,65000,RENT,3.0,PERSONAL,B,10000,12.42,0,0.15,N,2,2024-11-10
26,75000,MORTGAGE,4.0,HOMEIMPROVEMENT,A,7000,6.99,0,0.09,N,2,2024-06-25
26,65000,RENT,5.0,HOMEIMPROVEMENT,C,10000,14.27,0,0.15,N,4,2024-01-18
24,75000,MORTGAGE,8.0,MEDICAL,C,8000,15.23,0,0.11,Y,3,2024-01-31
26,65000,RENT,1.0,PERSONAL,A,10000,7.66,0,0.15,N,3,2024-06-30
24,65000,RENT,5.0,HOMEIMPROVEMENT,D,10000,15.65,0,0.15,Y,4,2024-11-25
22,65000,RENT,1.0,DEBTCONSOLIDATION,B,10000,10.0,0,0.15,N,2,2024-11-25
26,75000,MORTGAGE,6.0,MEDICAL,A,13000,6.99,0,0.17,N,2,2024-11-10
26,75000,MORTGAGE,3.0,VENTURE,C,3500,12.99,0,0.05,Y,3,2024-02-19
23,65000,RENT,3.0,PERSONAL,A,10000,5.79,0,0.15,N,3,2024-08-06
23,59000,RENT,3.0,EDUCATION,D,10000,15.58,1,0.17,N,3,2024-12-15
22,65000,RENT,2.0,EDUCATION,B,10000,9.88,0,0.15,N,2,2024-04-29
22,75000,MORTGAGE,4.0,MEDICAL,A,9000,6.99,0,0.12,N,2,2024-03-09
23,75000,MORTGAGE,7.0,PERSONAL,B,4950,10.99,0,0.07,N,3,2024-11-29
26,75000,MORTGAGE,7.0,VENTURE,A,10000,7.49,0,0.13,N,2,2024-01-23
24,75000,MORTGAGE,4.0,VENTURE,B,19000,11.99,0,0.25,N,3,2024-03-13
24,65000,RENT,4.0,MEDICAL,B,10000,10.25,0,0.15,N,3,2024-06-13
26,75000,MORTGAGE,6.0,HOMEIMPROVEMENT,C,29700,12.99,0,0.4,Y,4,2024-05-04
25,75000,MORTGAGE,9.0,VENTURE,B,1000,9.99,0,0.01,N,4,2024-08-05
25,65000,RENT,2.0,EDUCATION,C,10000,13.79,0,0.15,Y,3,2024-05-08
23,65488,RENT,1.0,DEBTCONSOLIDATION,B,10000,11.86,0,0.15,N,3,2024-12-21
22,65496,RENT,6.0,VENTURE,B,10000,11.11,0,0.15,N,4,2024-06-16
24,75000,MORTGAGE,8.0,EDUCATION,A,3000,5.42,0,0.04,N,3,2024-12-04
24,75000,MORTGAGE,5.0,HOMEIMPROVEMENT,A,12000,5.99,0,0.16,N,2,2024-06-08
26,65520,RENT,3.0,DEBTCONSOLIDATION,A,10000,7.51,0,0.15,N,4,2024-03-16
25,65900,RENT,2.0,DEBTCONSOLIDATION,A,10000,8.49,0,0.15,N,2,2024-10-21
26,75000,MORTGAGE,6.0,EDUCATION,A,5000,7.66,0,0.07,N,2,2024-01-02
23,66000,RENT,2.0,MEDICAL,A,10000,9.32,0,0.15,N,4,2024-05-12
26,75000,MORTGAGE,4.0,HOMEIMPROVEMENT,A,12000,6.92,0,0.16,N,3,2024-11-13
23,75000,OWN,5.0,VENTURE,A,10000,6.92,0,0.13,N,2,2024-03-14
25,75000,MORTGAGE,5.0,DEBTCONSOLIDATION,B,10000,10.74,0,0.13,N,4,2024-05-09
25,67000,RENT,9.0,MEDICAL,C,10000,13.92,0,0.15,N,3,2024-02-01
25,69000,MORTGAGE,10.0,DEBTCONSOLIDATION,D,15000,14.54,1,0.22,Y,3,2024-04-27
24,75000,MORTGAGE,3.0,HOMEIMPROVEMENT,B,3000,11.11,0,0.04,N,3,2024-07-21
22,75000,MORTGAGE,6.0,EDUCATION,A,10600,5.79,0,0.14,N,2,2024-05-13
24,67600,RENT,7.0,HOMEIMPROVEMENT,D,10000,16.02,0,0.15,Y,2,2024-06-20
24,68000,RENT,3.0,PERSONAL,D,10000,16.02,0,0.15,Y,2,2024-05-08
25,75000,MORTGAGE,7.0,HOMEIMPROVEMENT,A,12000,7.29,0,0.16,N,3,2024-05-23
24,75000,MORTGAGE,3.0,VENTURE,F,25000,19.74,0,0.33,N,4,2024-05-04
22,75000,MORTGAGE,3.0,EDUCATION,A,9000,5.79,0,0.12,N,2,2024-07-16
25,68000,RENT,1.0,DEBTCONSOLIDATION,C,10000,14.26,0,0.15,N,4,2024-07-03
26,68000,RENT,3.0,EDUCATION,D,10000,15.05,0,0.15,N,4,2024-11-03
23,75000,MORTGAGE,3.0,VENTURE,C,10200,12.68,0,0.14,Y,2,2024-09-28
22,62496,RENT,6.0,PERSONAL,B,10000,11.89,1,0.16,N,3,2024-08-03
24,68750,RENT,6.0,DEBTCONSOLIDATION,A,10000,6.17,0,0.15,N,4,2024-07-28
26,63000,RENT,1.0,VENTURE,E,10000,16.4,1,0.16,Y,2,2024-11-12
25,75000,MORTGAGE,3.0,PERSONAL,A,6000,6.92,0,0.08,N,2,2024-05-09
24,69600,RENT,2.0,PERSONAL,A,10000,8.38,0,0.14,N,2,2024-10-03
22,64000,RENT,2.0,DEBTCONSOLIDATION,B,10000,12.69,1,0.16,N,4,2024-10-21
23,75000,MORTGAGE,5.0,VENTURE,A,6400,5.42,0,0.09,N,3,2024-04-06
24,70000,RENT,1.0,EDUCATION,B,10000,11.71,0,0.14,N,2,2024-04-24
22,70000,RENT,4.0,EDUCATION,B,10000,12.69,0,0.14,N,4,2024-07-01
26,58650,MORTGAGE,5.0,MEDICAL,A,14000,6.17,1,0.2,N,4,2024-03-15
24,75000,MORTGAGE,8.0,DEBTCONSOLIDATION,C,12000,12.61,0,0.16,N,4,2024-07-16
22,70000,RENT,5.0,PERSONAL,A,10000,6.03,0,0.14,N,3,2024-05-19
23,64000,RENT,3.0,VENTURE,D,10000,11.013786929274843,1,0.16,Y,3,2024-05-23
23,70000,RENT,4.0,EDUCATION,A,10000,11.013786929274843,0,0.14,N,3,2024-04-20
26,75000,MORTGAGE,2.0,VENTURE,A,4000,5.79,0,0.05,N,3,2024-12-21
24,75000,MORTGAGE,9.0,HOMEIMPROVEMENT,A,11500,5.42,0,0.15,N,2,2024-03-01
25,75000,MORTGAGE,4.0,VENTURE,D,20000,14.09,0,0.27,Y,4,2024-07-30
24,69000,MORTGAGE,4.0,DEBTCONSOLIDATION,D,25000,15.57,1,0.36,N,2,2024-04-04
25,75000,MORTGAGE,5.0,MEDICAL,A,1500,6.54,0,0.02,N,4,2024-01-01
26,75000,MORTGAGE,10.0,EDUCATION,A,9600,5.42,0,0.13,N,3,2024-05-25
25,75000,MORTGAGE,9.0,DEBTCONSOLIDATION,A,9600,5.42,0,0.13,N,4,2024-10-22
25,75000,MORTGAGE,2.0,DEBTCONSOLIDATION,C,12000,11.013786929274843,0,0.16,Y,3,2024-05-05
26,75000,MORTGAGE,10.0,DEBTCONSOLIDATION,A,15350,6.17,0,0.2,N,4,2024-06-29
23,70000,RENT,1.0,MEDICAL,B,10000,9.99,0,0.14,N,4,2024-05-21
23,75000,OWN,8.0,EDUCATION,A,8000,6.17,0,0.11,N,2,2024-03-28
22,75000,MORTGAGE,6.0,MEDICAL,B,25000,9.25,0,0.33,N,2,2024-12-29
24,70000,RENT,8.0,VENTURE,E,10000,16.45,0,0.14,N,2,2024-06-30
23,75000,MORTGAGE,7.0,EDUCATION,B,7100,9.25,0,0.09,N,2,2024-09-07
22,75000,MORTGAGE,6.0,DEBTCONSOLIDATION,A,18000,5.79,0,0.24,N,2,2024-01-05
24,70000,RENT,1.0,EDUCATION,B,10000,9.88,0,0.14,N,2,2024-09-07
23,70000,RENT,2.0,DEBTCONSOLIDATION,A,10000,9.63,0,0.14,N,3,2024-11-08
23,64000,RENT,7.0,EDUCATION,A,10000,11.013786929274843,1,0.16,N,4,2024-02-15
24,70000,RENT,4.0,VENTURE,C,10000,12.41,0,0.14,Y,2,2024-06-27
26,70000,RENT,2.0,HOMEIMPROVEMENT,B,10000,9.45,0,0.14,N,3,2024-08-13
22,70800,RENT,6.0,EDUCATION,C,10000,12.61,0,0.14,Y,2,2024-03-28
25,75000,MORTGAGE,5.0,HOMEIMPROVEMENT,A,3000,7.51,0,0.04,N,4,2024-11-11
23,70872,RENT,7.0,DEBTCONSOLIDATION,C,10000,11.013786929274843,0,0.14,N,2,2024-05-08
22,71000,RENT,3.0,MEDICAL,A,10000,7.29,0,0.14,N,2,2024-12-29
23,71496,RENT,7.0,EDUCATION,A,10000,7.51,0,0.14,N,2,2024-09-25
22,75000,MORTGAGE,6.0,PERSONAL,A,9000,7.14,0,0.12,N,2,2024-01-11
24,75000,MORTGAGE,6.0,HOMEIMPROVEMENT,B,12000,11.86,0,0.16,N,3,2024-05-16
26,65600,RENT,5.0,EDUCATION,D,10000,13.55,1,0.15,Y,2,2024-10-10
23,75000,MORTGAGE,7.0,VENTURE,B,15000,10.38,0,0.2,N,3,2024-11-14
22,72000,RENT,5.0,PERSONAL,D,10000,17.27,0,0.14,N,2,2024-10-23
23,75000,MORTGAGE,5.0,VENTURE,B,5000,11.12,0,0.07,N,3,2024-09-20
22,58650,MORTGAGE,5.0,MEDICAL,D,9250,15.21,1,0.13,N,4,2024-08-06
26,75000,OWN,10.0,EDUCATION,C,7200,11.013786929274843,0,0.1,N,3,2024-09-08
24,75000,MORTGAGE,8.0,PERSONAL,B,1200,11.49,0,0.02,N,2,2024-06-12
22,75000,MORTGAGE,4.0,EDUCATION,C,15000,13.61,0,0.2,N,4,2024-02-22
23,72000,RENT,7.0,PERSONAL,B,10000,10.59,0,0.14,N,4,2024-10-30
23,75000,MORTGAGE,7.0,VENTURE,B,17000,11.12,0,0.23,N,2,2024-01-30
22,75000,MORTGAGE,6.0,EDUCATION,C,16000,13.61,0,0.21,N,2,2024-08-28
25,72000,RENT,2.0,VENTURE,B,10000,10.37,0,0.14,N,3,2024-05-24
23,72000,RENT,3.0,PERSONAL,A,10000,6.91,0,0.14,N,2,2024-09-26
24,75000,MORTGAGE,8.0,PERSONAL,B,5500,11.86,0,0.07,N,4,2024-02-15
25,75000,MORTGAGE,8.0,DEBTCONSOLIDATION,B,12000,11.49,0,0.16,N,3,2024-01-08
24,75000,MORTGAGE,8.0,MEDICAL,A,15000,7.51,0,0.2,N,2,2024-10-06
24,72000,RENT,3.0,PERSONAL,E,10000,11.013786929274843,0,0.14,Y,4,2024-04-25
23,72000,RENT,4.0,MEDICAL,C,10000,13.85,0,0.14,Y,3,2024-09-13
25,72345,RENT,10.0,EDUCATION,C,10000,12.99,0,0.14,N,4,2024-06-09
26,72500,RENT,1.0,VENTURE,B,10000,9.96,0,0.14,N,3,2024-09-16
23,72858,RENT,7.0,DEBTCONSOLIDATION,B,10000,11.48,0,0.14,N,3,2024-04-04
25,73000,RENT,4.0,MEDICAL,B,10000,11.71,0,0.14,N,3,2024-08-06
26,73000,RENT,3.0,PERSONAL,A,10000,7.29,0,0.14,N,3,2024-11-17
25,73000,RENT,1.0,VENTURE,A,10000,7.88,0,0.14,N,4,2024-07-02
26,75000,MORTGAGE,11.0,VENTURE,D,6000,14.96,0,0.08,N,3,2024-10-10
23,75000,MORTGAGE,7.0,MEDICAL,B,6000,10.99,0,0.08,N,3,2024-03-13
24,75000,MORTGAGE,6.0,VENTURE,B,25000,10.99,0,0.33,N,2,2024-04-14
24,73000,RENT,3.0,PERSONAL,B,10000,11.26,0,0.14,N,3,2024-11-09
25,75000,MORTGAGE,9.0,VENTURE,B,20000,10.62,0,0.27,N,3,2024-10-15
26,75000,MORTGAGE,2.0,EDUCATION,A,10000,7.88,0,0.13,N,3,2024-08-11
24,58650,RENT,1.0,MEDICAL,D,10000,18.25,1,0.14,N,4,2024-01-20
24,75000,RENT,4.0,VENTURE,A,10000,6.62,0,0.13,N,4,2024-03-10
25,75000,MORTGAGE,1.0,MEDICAL,A,8000,7.51,0,0.11,N,3,2024-04-16
24,75000,RENT,8.0,PERSONAL,B,10000,9.91,0,0.13,N,3,2024-07-19
24,75000,MORTGAGE,8.0,EDUCATION,A,5000,6.76,0,0.07,N,4,2024-10-12
23,75000,MORTGAGE,3.0,MEDICAL,C,11000,13.85,0,0.15,N,2,2024-03-27
24,75000,OWN,8.0,EDUCATION,B,15000,11.013786929274843,0,0.2,N,2,2024-03-22
25,75000,OWN,9.0,EDUCATION,B,5600,10.62,0,0.07,N,2,2024-03-16
22,75000,RENT,6.0,DEBTCONSOLIDATION,A,10000,7.51,0,0.13,N,4,2024-10-03
23,75000,OWN,5.0,VENTURE,D,12500,15.33,0,0.17,Y,3,2024-01-13
24,75000,OWN,2.0,PERSONAL,B,8500,11.36,0,0.11,N,4,2024-02-02
26,58650,MORTGAGE,3.0,MEDICAL,C,17500,11.013786929274843,1,0.25,N,4,2024-01-05
26,75000,MORTGAGE,4.0,DEBTCONSOLIDATION,B,21000,11.48,0,0.28,N,4,2024-04-26
23,58650,MORTGAGE,7.0,MEDICAL,A,5000,8.59,1,0.07,N,3,2024-05-06
26,75000,RENT,4.0,EDUCATION,A,10000,7.49,0,0.13,N,4,2024-05-03
23,75000,MORTGAGE,7.0,EDUCATION,A,8000,7.05,0,0.11,N,2,2024-01-11
25,75000,RENT,9.0,PERSONAL,A,10000,7.49,0,0.13,N,3,2024-09-24
23,75000,OWN,7.0,VENTURE,A,20400,7.74,0,0.27,N,4,2024-01-02
25,75000,MORTGAGE,9.0,DEBTCONSOLIDATION,C,8500,13.22,0,0.11,N,4,2024-10-16
23,75000,MORTGAGE,3.0,EDUCATION,A,4900,7.74,0,0.07,N,4,2024-12-06
24,75000,OWN,4.0,MEDICAL,A,9600,8.94,0,0.13,N,3,2024-04-28
24,75000,OTHER,5.0,HOMEIMPROVEMENT,C,12000,14.26,0,0.16,Y,3,2024-01-30
23,75000,MORTGAGE,4.0,EDUCATION,A,8000,8.59,0,0.11,N,2,2024-04-16
26,75000,RENT,4.0,HOMEIMPROVEMENT,A,10000,6.17,0,0.13,N,4,2024-09-24
22,75000,RENT,6.0,VENTURE,A,10000,5.79,0,0.13,N,3,2024-02-09
25,69000,RENT,3.0,HOMEIMPROVEMENT,D,10000,14.09,1,0.14,Y,2,2024-10-11
24,75000,MORTGAGE,8.0,HOMEIMPROVEMENT,B,25000,11.83,0,0.33,N,2,2024-09-12
23,75000,OWN,5.0,VENTURE,A,7600,8.59,0,0.1,N,4,2024-05-30
26,75000,RENT,10.0,EDUCATION,D,10000,15.58,0,0.13,Y,2,2024-03-10
22,75000,MORTGAGE,6.0,EDUCATION,A,5000,7.74,0,0.07,N,4,2024-07-05
23,75000,RENT,3.0,PERSONAL,B,10000,11.86,0,0.13,N,4,2024-08-15
26,75000,RENT,1.0,HOMEIMPROVEMENT,B,10000,11.14,0,0.13,N,3,2024-02-17
24,75000,MORTGAGE,1.0,EDUCATION,A,2000,8.94,0,0.03,N,4,2024-06-06
22,75000,MORTGAGE,6.0,DEBTCONSOLIDATION,A,6000,7.74,0,0.08,N,4,2024-03-07
22,58650,MORTGAGE,6.0,MEDICAL,D,25000,14.96,1,0.36,N,2,2024-08-06
24,75000,OWN,8.0,MEDICAL,B,16500,12.18,0,0.22,N,2,2024-08-22
22,75000,RENT,2.0,EDUCATION,B,10000,11.26,0,0.13,N,4,2024-08-13
26,75000,MORTGAGE,10.0,HOMEIMPROVEMENT,C,8000,13.92,0,0.11,N,4,2024-02-25
23,76000,RENT,3.0,EDUCATION,D,10000,15.37,0,0.13,N,3,2024-05-08
23,75000,MORTGAGE,1.0,EDUCATION,E,4500,11.013786929274843,0,0.06,Y,4,2024-02-11
26,75000,MORTGAGE,10.0,DEBTCONSOLIDATION,A,10000,8.94,0,0.13,N,2,2024-07-28
26,76250,RENT,6.0,DEBTCONSOLIDATION,B,10000,10.71,0,0.13,N,3,2024-11-14
24,75000,MORTGAGE,5.0,EDUCATION,C,7200,11.013786929274843,0,0.1,Y,3,2024-09-04
24,75000,MORTGAGE,6.0,MEDICAL,A,9000,8.59,0,0.12,N,4,2024-02-06
22,78000,RENT,3.0,VENTURE,B,10000,12.42,0,0.13,N,2,2024-11-21
23,78000,RENT,7.0,DEBTCONSOLIDATION,A,10000,5.79,0,0.13,N,3,2024-01-16
26,78513,RENT,1.0,MEDICAL,A,10000,8.94,0,0.13,N,4,2024-02-27
24,75000,MORTGAGE,2.0,VENTURE,B,10000,11.26,0,0.13,N,4,2024-02-18
24,75000,MORTGAGE,7.0,PERSONAL,B,15000,11.58,0,0.2,N,3,2024-08-13
26,75000,MORTGAGE,1.0,HOMEIMPROVEMENT,A,3000,9.63,0,0.04,N,3,2024-06-20
25,75000,MORTGAGE,1.0,VENTURE,A,6000,9.63,0,0.08,N,4,2024-10-09
25,75000,MORTGAGE,8.0,DEBTCONSOLIDATION,A,15000,9.63,0,0.2,N,3,2024-10-22
22,75000,MORTGAGE,3.0,PERSONAL,A,5600,8.0,0,0.07,N,2,2024-10-10
22,79000,RENT,3.0,DEBTCONSOLIDATION,A,10000,7.88,0,0.13,N,2,2024-12-26
22,74000,RENT,2.0,PERSONAL,A,10000,7.51,1,0.14,N,2,2024-08-18
22,80000,RENT,5.0,EDUCATION,C,10000,14.27,0,0.13,N,2,2024-05-06
23,75000,MORTGAGE,8.0,EDUCATION,D,3000,14.11,0,0.04,N,3,2024-04-04
23,75000,MORTGAGE,4.0,MEDICAL,C,16800,13.47,0,0.22,N,4,2024-06-11
25,75000,MORTGAGE,9.0,VENTURE,C,5000,13.79,0,0.07,Y,4,2024-03-01
23,80000,RENT,5.0,PERSONAL,A,10000,8.49,0,0.13,N,2,2024-06-14
22,75000,MORTGAGE,7.0,DEBTCONSOLIDATION,B,8000,12.21,0,0.11,N,2,2024-07-16
22,80000,RENT,6.0,PERSONAL,A,10000,8.49,0,0.13,N,4,2024-01-25
24,75000,MORTGAGE,8.0,DEBTCONSOLIDATION,B,15000,12.21,0,0.2,N,3,2024-04-02
26,80000,RENT,2.0,EDUCATION,A,10000,8.49,0,0.13,N,4,2024-12-09
24,74000,RENT,1.0,HOMEIMPROVEMENT,D,10000,14.54,1,0.14,N,2,2024-04-29
25,80000,RENT,3.0,VENTURE,B,10000,11.12,0,0.13,N,3,2024-12-23
22,75000,OWN,6.0,EDUCATION,A,4800,8.0,0,0.06,N,2,2024-03-29
26,80000,RENT,1.0,PERSONAL,C,10000,12.73,0,0.13,Y,4,2024-07-17
23,75000,OWN,7.0,EDUCATION,B,15000,11.14,0,0.2,N,4,2024-07-29
24,69000,MORTGAGE,1.0,EDUCATION,B,4900,10.96,1,0.07,N,2,2024-06-20
25,75000,MORTGAGE,9.0,VENTURE,D,7500,12.61,0,0.1,Y,4,2024-11-13
25,74000,RENT,3.0,VENTURE,F,10000,18.43,1,0.14,Y,3,2024-08-03
24,80000,RENT,5.0,VENTURE,B,10000,11.14,0,0.13,N,4,2024-01-28
23,75000,MORTGAGE,2.0,VENTURE,E,19600,15.13,0,0.26,N,3,2024-09-12
25,75000,MORTGAGE,9.0,PERSONAL,C,10000,11.34,0,0.13,Y,2,2024-10-05
26,69000,MORTGAGE,4.0,HOMEIMPROVEMENT,B,25000,11.013786929274843,1,0.36,N,3,2024-06-23
24,80004,RENT,3.0,EDUCATION,A,10000,6.62,0,0.12,N,2,2024-01-17
24,80004,RENT,3.0,HOMEIMPROVEMENT,A,10000,7.9,0,0.12,N,4,2024-09-07
25,80004,RENT,5.0,EDUCATION,B,10000,9.62,0,0.12,N,4,2024-06-06
23,75000,OWN,7.0,EDUCATION,D,12000,12.49,0,0.16,N,4,2024-05-16
23,80038,RENT,3.0,PERSONAL,B,10000,10.59,0,0.12,N,2,2024-08-07
25,75181,MORTGAGE,9.0,MEDICAL,A,6000,7.51,0,0.08,N,4,2024-06-08
24,75200,OWN,5.0,EDUCATION,A,6500,7.14,0,0.09,N,2,2024-04-12
24,75360,OWN,4.0,VENTURE,A,7000,7.49,0,0.09,N,3,2024-06-17
26,81996,RENT,5.0,MEDICAL,A,10000,7.29,0,0.12,N,4,2024-05-06
22,75500,MORTGAGE,6.0,VENTURE,A,12000,11.013786929274843,0,0.16,N,4,2024-05-07
25,75500,MORTGAGE,9.0,EDUCATION,B,7000,11.36,0,0.09,N,2,2024-04-08
23,82650,RENT,7.0,PERSONAL,B,10000,12.21,0,0.12,N,3,2024-09-18
26,75555,MORTGAGE,4.0,MEDICAL,B,10000,10.39,0,0.13,N,2,2024-08-06
24,82800,RENT,4.0,DEBTCONSOLIDATION,B,10000,10.59,0,0.12,N,3,2024-05-14
22,75600,MORTGAGE,6.0,PERSONAL,A,10675,6.62,0,0.14,N,3,2024-10-11
24,75600,MORTGAGE,5.0,VENTURE,A,7200,5.99,0,0.1,N,2,2024-10-06
25,75600,MORTGAGE,7.0,MEDICAL,C,15000,12.68,0,0.2,N,2,2024-11-07
23,83000,RENT,3.0,MEDICAL,A,10000,6.54,0,0.12,N,3,2024-05-16
22,75600,MORTGAGE,3.0,EDUCATION,A,10000,11.013786929274843,0,0.13,N,4,2024-01-20
22,83200,RENT,3.0,EDUCATION,D,10000,16.29,0,0.12,N,4,2024-03-06
25,75600,MORTGAGE,2.0,PERSONAL,A,14500,9.63,0,0.19,N,4,2024-05-30
23,75689,MORTGAGE,7.0,DEBTCONSOLIDATION,B,25000,11.12,0,0.33,N,4,2024-07-05
24,75744,MORTGAGE,2.0,PERSONAL,B,15000,10.38,0,0.2,N,2,2024-05-01
22,75744,MORTGAGE,6.0,VENTURE,B,6700,11.83,0,0.09,N,2,2024-08-30
25,84000,RENT,3.0,DEBTCONSOLIDATION,C,10000,11.013786929274843,0,0.12,Y,4,2024-04-01
25,84000,RENT,5.0,HOMEIMPROVEMENT,C,10000,13.49,0,0.12,N,2,2024-10-28
23,84000,RENT,7.0,DEBTCONSOLIDATION,A,10000,5.99,0,0.12,N,2,2024-08-20
23,84000,RENT,1.0,VENTURE,A,10000,7.49,0,0.12,N,4,2024-02-01
26,75873,MORTGAGE,6.0,PERSONAL,B,1200,10.25,0,0.02,N,2,2024-06-03
23,75885,MORTGAGE,7.0,MEDICAL,C,3000,11.03,0,0.04,Y,4,2024-07-14
25,75912,MORTGAGE,9.0,HOMEIMPROVEMENT,B,22400,9.99,0,0.3,N,4,2024-01-23
25,75996,MORTGAGE,9.0,DEBTCONSOLIDATION,B,10000,11.99,0,0.13,N,3,2024-12-03
26,59497,OWN,2.0,MEDICAL,E,7000,17.88,1,0.1,N,2,2024-02-20
23,75996,MORTGAGE,7.0,MEDICAL,B,15000,10.62,0,0.2,N,2,2024-03-25
25,75996,MORTGAGE,9.0,MEDICAL,A,9000,7.74,0,0.12,N,3,2024-09-26
26,75996,OWN,7.0,VENTURE,B,8000,11.83,0,0.11,N,3,2024-04-05
24,84996,RENT,3.0,HOMEIMPROVEMENT,D,10000,15.21,0,0.12,N,4,2024-11-17
23,76000,MORTGAGE,7.0,MEDICAL,B,3600,10.65,0,0.05,N,3,2024-06-18
24,76000,MORTGAGE,8.0,DEBTCONSOLIDATION,A,6000,8.9,0,0.08,N,3,2024-06-21
24,76000,MORTGAGE,8.0,PERSONAL,A,12000,6.03,0,0.16,N,2,2024-12-04
24,76000,MORTGAGE,7.0,VENTURE,A,13500,8.49,0,0.18,N,4,2024-12-03
24,76000,MORTGAGE,8.0,DEBTCONSOLIDATION,B,13500,9.99,0,0.18,N,3,2024-02-19
26,76000,MORTGAGE,10.0,HOMEIMPROVEMENT,A,5425,8.49,0,0.07,N,3,2024-05-09
22,76000,MORTGAGE,5.0,VENTURE,B,24000,10.99,0,0.32,N,2,2024-11-04
24,76000,MORTGAGE,9.0,DEBTCONSOLIDATION,B,20050,10.59,0,0.26,N,2,2024-01-29
24,85000,RENT,8.0,PERSONAL,B,10000,10.37,0,0.12,N,4,2024-12-12
23,85000,RENT,5.0,DEBTCONSOLIDATION,A,10000,6.17,0,0.12,N,4,2024-06-19
26,85000,RENT,3.0,HOMEIMPROVEMENT,A,10000,11.013786929274843,0,0.12,N,2,2024-08-04
24,85000,RENT,6.0,PERSONAL,C,10000,13.72,0,0.12,Y,2,2024-11-01
25,76000,MORTGAGE,4.0,HOMEIMPROVEMENT,A,14000,7.66,0,0.18,N,3,2024-12-08
25,76000,MORTGAGE,9.0,PERSONAL,C,6000,12.98,0,0.08,Y,2,2024-10-22
25,76000,MORTGAGE,3.0,PERSONAL,A,20000,6.54,0,0.26,N,4,2024-01-17
24,85000,RENT,8.0,PERSONAL,E,10000,16.0,0,0.12,Y,3,2024-06-15
23,85000,RENT,7.0,MEDICAL,B,10000,11.89,0,0.12,N,4,2024-08-03
23,76000,MORTGAGE,7.0,DEBTCONSOLIDATION,A,20000,11.013786929274843,0,0.26,N,4,2024-01-26
26,86000,RENT,4.0,EDUCATION,C,10000,13.49,0,0.12,N,3,2024-01-06
25,86000,RENT,10.0,HOMEIMPROVEMENT,D,10000,11.013786929274843,0,0.12,N,2,2024-02-04
22,87000,RENT,4.0,EDUCATION,B,10000,11.26,0,0.11,N,3,2024-02-16
23,76000,OWN,3.0,EDUCATION,B,18000,10.99,0,0.24,N,2,2024-09-08
24,75996,RENT,1.0,DEBTCONSOLIDATION,E,10000,16.0,1,0.13,N,2,2024-01-06
26,88000,RENT,10.0,VENTURE,B,10000,12.69,0,0.11,N,2,2024-12-25
23,59500,MORTGAGE,1.0,MEDICAL,B,20000,11.83,1,0.29,N,4,2024-04-10
22,70000,MORTGAGE,1.0,DEBTCONSOLIDATION,C,25000,13.79,1,0.36,N,3,2024-02-13
23,90000,RENT,7.0,EDUCATION,B,10000,12.69,0,0.11,N,4,2024-05-12
25,70000,MORTGAGE,4.0,PERSONAL,C,15000,13.16,1,0.21,Y,3,2024-01-21
25,59623,MORTGAGE,9.0,MEDICAL,B,3400,11.013786929274843,1,0.05,N,2,2024-08-24
26,76160,MORTGAGE,10.0,EDUCATION,A,7400,7.51,0,0.1,N,2,2024-10-21
25,76209,MORTGAGE,9.0,DEBTCONSOLIDATION,C,3000,11.013786929274843,0,0.04,Y,4,2024-06-05
25,90000,RENT,9.0,DEBTCONSOLIDATION,B,10000,12.42,0,0.11,N,2,2024-06-24
25,90000,RENT,5.0,PERSONAL,A,10000,7.49,0,0.11,N,2,2024-03-12
22,76296,MORTGAGE,6.0,VENTURE,A,18000,7.88,0,0.24,N,3,2024-12-20
25,76300,MORTGAGE,9.0,HOMEIMPROVEMENT,B,3000,11.86,0,0.04,N,2,2024-06-11
22,59813,MORTGAGE,6.0,MEDICAL,E,20000,17.74,1,0.28,N,3,2024-10-23
26,90000,RENT,2.0,PERSONAL,A,10000,7.49,0,0.11,N,4,2024-04-15
24,90000,RENT,8.0,HOMEIMPROVEMENT,B,10000,11.013786929274843,0,0.11,N,2,2024-11-13
26,76486,MORTGAGE,4.0,HOMEIMPROVEMENT,A,6000,7.9,0,0.08,N,4,2024-03-11
24,76494,MORTGAGE,3.0,DEBTCONSOLIDATION,A,12000,11.013786929274843,0,0.16,N,3,2024-10-04
26,70500,MORTGAGE,11.0,PERSONAL,A,14500,7.49,1,0.21,N,3,2024-12-07
23,76500,MORTGAGE,2.0,EDUCATION,A,4800,7.51,0,0.06,N,4,2024-08-18
22,76500,MORTGAGE,2.0,DEBTCONSOLIDATION,C,15000,11.013786929274843,0,0.2,Y,4,2024-02-28
23,90000,RENT,4.0,VENTURE,A,10000,7.51,0,0.11,N,2,2024-03-07
26,76596,MORTGAGE,2.0,EDUCATION,C,24000,12.73,0,0.31,Y,3,2024-04-08
24,90000,RENT,8.0,HOMEIMPROVEMENT,B,10000,11.89,0,0.11,N,4,2024-05-03
26,91000,RENT,6.0,DEBTCONSOLIDATION,C,10000,11.013786929274843,0,0.11,N,4,2024-05-09
25,76700,MORTGAGE,1.0,VENTURE,E,14800,19.42,0,0.19,Y,4,2024-03-14
23,91000,RENT,5.0,EDUCATION,B,10000,10.2,0,0.11,N,2,2024-09-14
22,76800,MORTGAGE,3.0,DEBTCONSOLIDATION,A,6000,6.62,0,0.08,N,4,2024-03-23
22,76800,MORTGAGE,4.0,PERSONAL,A,12000,8.9,0,0.16,N,2,2024-04-10
26,76800,MORTGAGE,2.0,PERSONAL,A,12800,6.92,0,0.17,N,4,2024-03-25
25,76800,MORTGAGE,8.0,EDUCATION,A,6500,5.79,0,0.08,N,4,2024-11-19
25,76800,MORTGAGE,5.0,PERSONAL,C,20000,11.013786929274843,0,0.26,Y,2,2024-09-09
23,76800,MORTGAGE,4.0,VENTURE,A,10000,9.63,0,0.13,N,4,2024-10-17
23,92000,RENT,7.0,VENTURE,B,10000,11.71,0,0.11,N,4,2024-10-12
23,76896,MORTGAGE,8.0,EDUCATION,B,25000,11.71,0,0.33,N,2,2024-02-15
24,77000,MORTGAGE,6.0,DEBTCONSOLIDATION,B,12000,12.42,0,0.16,N,2,2024-01-16
26,92652,RENT,4.0,VENTURE,C,10000,13.23,0,0.11,Y,2,2024-01-26
25,77000,MORTGAGE,8.0,EDUCATION,A,12000,7.9,0,0.16,N,4,2024-04-13
22,77000,MORTGAGE,6.0,MEDICAL,A,12400,7.51,0,0.16,N,4,2024-04-23
23,93000,RENT,6.0,EDUCATION,C,10000,14.26,0,0.11,N,2,2024-06-03
25,77000,MORTGAGE,8.0,HOMEIMPROVEMENT,A,9000,6.03,0,0.12,N,3,2024-12-22
24,94000,RENT,8.0,HOMEIMPROVEMENT,E,10000,18.64,0,0.11,N,2,2024-08-29
26,71000,MORTGAGE,10.0,DEBTCONSOLIDATION,D,6000,15.62,1,0.08,N,4,2024-08-26
23,77000,OWN,3.0,VENTURE,A,3500,5.99,0,0.05,N,2,2024-01-14
25,77000,MORTGAGE,9.0,DEBTCONSOLIDATION,A,3000,7.49,0,0.04,N,3,2024-04-02
24,77000,MORTGAGE,1.0,HOMEIMPROVEMENT,B,4000,11.99,0,0.05,N,2,2024-07-30
22,60350,MORTGAGE,6.0,MEDICAL,D,35000,16.89,1,0.49,N,3,2024-05-25
24,77000,MORTGAGE,2.0,EDUCATION,B,3850,11.11,0,0.05,N,2,2024-04-29
25,70550,RENT,6.0,MEDICAL,E,10000,16.77,1,0.12,N,3,2024-09-29
23,95000,RENT,3.0,PERSONAL,A,10000,6.17,0,0.11,N,3,2024-11-30
24,95000,RENT,8.0,DEBTCONSOLIDATION,A,10000,11.013786929274843,0,0.11,N,2,2024-03-05
25,44966,RENT,3.0,MEDICAL,A,10025,5.42,0,0.22,N,4,2024-11-27
23,65400,RENT,1.0,DEBTCONSOLIDATION,C,10075,13.98,0,0.15,Y,2,2024-04-29
22,71000,MORTGAGE,6.0,DEBTCONSOLIDATION,B,3200,10.25,1,0.05,N,3,2024-10-04
23,77000,MORTGAGE,7.0,EDUCATION,A,10000,7.88,0,0.13,N,4,2024-08-09
24,70000,RENT,4.0,VENTURE,C,10125,14.65,0,0.14,Y,3,2024-09-02
25,77000,MORTGAGE,6.0,EDUCATION,D,8000,15.33,0,0.1,N,2,2024-12-04
22,77000,MORTGAGE,5.0,EDUCATION,B,21000,11.48,0,0.27,N,3,2024-05-28
23,69000,RENT,6.0,DEBTCONSOLIDATION,B,10150,11.99,0,0.15,N,3,2024-09-01
24,77000,MORTGAGE,8.0,MEDICAL,A,14000,8.94,0,0.18,N,3,2024-01-30
26,77000,MORTGAGE,4.0,DEBTCONSOLIDATION,C,5400,13.04,0,0.07,Y,3,2024-05-27
24,71000,MORTGAGE,6.0,EDUCATION,B,5000,10.39,1,0.07,N,2,2024-10-21
23,71000,MORTGAGE,2.0,DEBTCONSOLIDATION,E,20000,15.13,1,0.28,Y,2,2024-07-12
26,40000,RENT,3.0,MEDICAL,C,10200,11.013786929274843,0,0.26,N,3,2024-03-17
25,77004,MORTGAGE,9.0,PERSONAL,B,15000,9.63,0,0.19,N,2,2024-04-01
23,77004,MORTGAGE,6.0,MEDICAL,A,12000,5.79,0,0.16,N,3,2024-09-16
24,42000,RENT,4.0,EDUCATION,A,10200,7.49,0,0.24,N,4,2024-07-09
23,77004,MORTGAGE,7.0,VENTURE,A,6000,7.88,0,0.08,N,2,2024-08-11
24,71004,MORTGAGE,8.0,DEBTCONSOLIDATION,D,5000,14.96,1,0.07,Y,3,2024-09-17
25,71004,MORTGAGE,1.0,DEBTCONSOLIDATION,E,2400,17.04,1,0.03,N,3,2024-11-25
25,77004,MORTGAGE,2.0,DEBTCONSOLIDATION,C,16000,13.92,0,0.21,N,2,2024-12-12
25,77078,MORTGAGE,1.0,DEBTCONSOLIDATION,B,3425,12.18,0,0.04,N,2,2024-12-23
22,50004,RENT,6.0,EDUCATION,D,10200,15.21,0,0.2,N,4,2024-10-23
24,77237,MORTGAGE,8.0,MEDICAL,A,15000,6.17,0,0.19,N,3,2024-08-05
23,85000,RENT,1.0,DEBTCONSOLIDATION,A,10200,11.013786929274843,0,0.12,N,3,2024-05-03
22,90000,RENT,6.0,MEDICAL,B,10200,11.71,0,0.11,N,3,2024-09-09
24,77350,MORTGAGE,2.0,DEBTCONSOLIDATION,C,4800,13.79,0,0.06,Y,4,2024-11-20
24,100000,RENT,1.0,PERSONAL,C,10200,12.99,0,0.1,Y,4,2024-11-07
24,22000,RENT,8.0,EDUCATION,A,11000,7.51,1,0.5,N,2,2024-05-10
26,27000,RENT,9.0,DEBTCONSOLIDATION,A,11000,8.9,1,0.41,N,3,2024-12-03
23,27000,RENT,7.0,DEBTCONSOLIDATION,A,11000,8.59,1,0.41,N,4,2024-05-25
22,27300,RENT,1.0,MEDICAL,B,11000,11.48,1,0.4,N,4,2024-01-28
23,29472,RENT,3.0,DEBTCONSOLIDATION,C,11000,13.49,1,0.37,N,4,2024-07-18
25,30720,RENT,2.0,HOMEIMPROVEMENT,C,11000,13.72,1,0.36,N,2,2024-03-25
23,32000,RENT,4.0,EDUCATION,B,11000,9.91,1,0.34,N,3,2024-09-09
25,32000,RENT,7.0,DEBTCONSOLIDATION,A,11000,7.66,1,0.34,N,3,2024-02-12
23,77705,MORTGAGE,4.0,EDUCATION,E,4000,16.77,0,0.05,Y,4,2024-11-19
25,77800,MORTGAGE,9.0,PERSONAL,B,30000,11.013786929274843,0,0.39,N,4,2024-03-08
23,77927,MORTGAGE,7.0,EDUCATION,C,15000,12.99,0,0.19,Y,4,2024-09-10
23,33600,RENT,7.0,MEDICAL,D,11000,15.65,1,0.33,Y,3,2024-02-12
25,29000,RENT,9.0,PERSONAL,A,11000,8.49,1,0.38,N,2,2024-05-04
23,78000,MORTGAGE,7.0,EDUCATION,B,2400,12.42,0,0.03,N,2,2024-07-13
24,72000,MORTGAGE,8.0,EDUCATION,C,14000,14.65,1,0.19,Y,4,2024-01-19
25,72000,MORTGAGE,9.0,DEBTCONSOLIDATION,C,10000,14.27,1,0.14,N,3,2024-07-18
24,78000,OWN,6.0,HOMEIMPROVEMENT,B,4500,12.69,0,0.06,N,3,2024-11-27
25,78000,MORTGAGE,9.0,EDUCATION,A,8000,7.9,0,0.1,N,4,2024-01-16
22,30000,RENT,1.0,PERSONAL,A,11100,6.62,1,0.37,N,4,2024-12-01
23,78000,MORTGAGE,5.0,EDUCATION,B,5000,11.71,0,0.06,N,2,2024-04-29
26,78000,MORTGAGE,7.0,PERSONAL,A,7200,6.62,0,0.09,N,2,2024-12-31
24,78000,MORTGAGE,3.0,DEBTCONSOLIDATION,A,8500,7.51,0,0.11,N,4,2024-05-20
22,78000,MORTGAGE,2.0,EDUCATION,B,1750,10.65,0,0.02,N,4,2024-06-22
22,72000,MORTGAGE,1.0,PERSONAL,C,8500,15.96,1,0.12,N,2,2024-03-12
22,32244,RENT,2.0,VENTURE,B,11100,12.21,1,0.34,N,3,2024-07-03
25,45000,RENT,2.0,DEBTCONSOLIDATION,C,11100,13.11,0,0.25,N,2,2024-07-14
23,78000,MORTGAGE,4.0,PERSONAL,A,15000,8.49,0,0.19,N,2,2024-05-11
23,78000,MORTGAGE,7.0,MEDICAL,B,25000,11.013786929274843,0,0.32,N,4,2024-08-02
26,78000,MORTGAGE,7.0,HOMEIMPROVEMENT,B,3000,11.49,0,0.04,N,2,2024-01-04
26,78000,MORTGAGE,10.0,EDUCATION,A,8325,6.99,0,0.11,N,4,2024-06-24
23,78000,MORTGAGE,4.0,DEBTCONSOLIDATION,C,6000,12.99,0,0.08,N,3,2024-04-07
22,26000,RENT,5.0,PERSONAL,D,11200,16.89,1,0.43,N,3,2024-11-16
24,30852,RENT,4.0,MEDICAL,A,11200,5.79,1,0.36,N,4,2024-08-21
23,78000,MORTGAGE,7.0,EDUCATION,C,4200,13.06,0,0.05,N,3,2024-08-08
24,78000,MORTGAGE,3.0,DEBTCONSOLIDATION,B,20000,10.37,0,0.26,N,2,2024-01-06
25,78000,MORTGAGE,9.0,EDUCATION,A,8000,5.79,0,0.1,N,2,2024-08-24
25,78000,MORTGAGE,2.0,VENTURE,B,6000,11.013786929274843,0,0.08,N,4,2024-07-11
22,40000,OWN,6.0,EDUCATION,D,5000,16.29,0,0.13,Y,4,2024-12-09
23,78000,MORTGAGE,7.0,EDUCATION,A,4600,7.66,0,0.06,N,2,2024-04-30
24,78000,MORTGAGE,8.0,DEBTCONSOLIDATION,A,3600,5.42,0,0.05,N,4,2024-01-19
23,78000,MORTGAGE,7.0,EDUCATION,A,12400,7.29,0,0.16,N,3,2024-09-08
26,36000,RENT,4.0,MEDICAL,A,11200,11.013786929274843,1,0.31,N,3,2024-03-26
26,78000,MORTGAGE,8.0,PERSONAL,C,12000,13.43,0,0.15,N,4,2024-09-09
25,30840,RENT,2.0,VENTURE,D,11200,17.27,1,0.36,N,4,2024-08-03
22,40000,RENT,2.0,VENTURE,A,11200,7.88,0,0.28,N,2,2024-03-06
24,41600,RENT,2.0,MEDICAL,B,11200,10.62,0,0.27,N,3,2024-03-09
22,78000,MORTGAGE,3.0,EDUCATION,A,12000,6.54,0,0.15,N,3,2024-05-15
23,78000,MORTGAGE,2.0,VENTURE,A,6000,6.91,0,0.08,N,4,2024-02-21
22,42000,RENT,6.0,EDUCATION,B,11200,11.013786929274843,0,0.27,N,4,2024-03-09
26,78000,MORTGAGE,4.0,PERSONAL,B,1750,10.36,0,0.02,N,2,2024-06-14
23,45000,RENT,2.0,PERSONAL,B,11200,10.59,0,0.25,N,2,2024-11-04
23,72000,MORTGAGE,6.0,VENTURE,C,12000,13.61,1,0.17,Y,2,2024-01-26
26,78000,OWN,2.0,VENTURE,C,2400,14.72,0,0.03,Y,3,2024-05-25
22,78000,MORTGAGE,6.0,DEBTCONSOLIDATION,A,15000,7.88,0,0.19,N,3,2024-04-03
25,78000,MORTGAGE,4.0,DEBTCONSOLIDATION,B,2400,11.86,0,0.03,N,4,2024-12-14
24,78000,MORTGAGE,8.0,HOMEIMPROVEMENT,B,9800,10.99,0,0.13,N,3,2024-04-26
23,78000,MORTGAGE,7.0,EDUCATION,B,1000,9.88,0,0.01,N,3,2024-03-27
23,72000,MORTGAGE,5.0,EDUCATION,F,19000,11.013786929274843,1,0.26,Y,2,2024-05-21
23,78000,MORTGAGE,7.0,EDUCATION,A,6150,7.88,0,0.08,N,2,2024-10-01
23,54000,RENT,4.0,EDUCATION,C,11200,13.99,0,0.21,Y,2,2024-04-18
22,78000,MORTGAGE,6.0,EDUCATION,B,18000,10.99,0,0.23,N,3,2024-07-31
22,78000,MORTGAGE,6.0,MEDICAL,A,7750,7.51,0,0.1,N,4,2024-07-15
22,78000,MORTGAGE,6.0,EDUCATION,E,16000,16.45,0,0.21,Y,2,2024-01-30
22,78000,MORTGAGE,3.0,EDUCATION,E,16000,16.45,0,0.21,N,3,2024-09-03
24,78000,MORTGAGE,4.0,PERSONAL,A,14500,7.51,0,0.19,N,4,2024-11-29
24,78000,OWN,8.0,EDUCATION,B,25000,12.18,0,0.32,N,4,2024-05-25
24,61000,RENT,8.0,PERSONAL,B,11200,9.99,0,0.18,N,3,2024-04-30
22,61200,RENT,6.0,PERSONAL,A,11200,6.62,0,0.18,N,4,2024-09-21
22,78000,OWN,6.0,PERSONAL,A,4000,7.74,0,0.05,N,4,2024-05-08
25,78000,MORTGAGE,9.0,HOMEIMPROVEMENT,B,14200,11.48,0,0.18,N,3,2024-12-04
22,57800,RENT,6.0,DEBTCONSOLIDATION,C,11200,13.16,1,0.19,N,3,2024-05-10
24,78000,MORTGAGE,5.0,DEBTCONSOLIDATION,C,8000,13.22,0,0.1,N,2,2024-02-07
23,78000,MORTGAGE,1.0,EDUCATION,B,16000,11.89,0,0.21,N,3,2024-11-15
22,78000,MORTGAGE,6.0,DEBTCONSOLIDATION,B,9600,10.95,0,0.12,N,2,2024-09-21
25,61200,MORTGAGE,9.0,MEDICAL,D,20000,14.74,1,0.28,Y,2,2024-07-11
25,68000,RENT,4.0,PERSONAL,B,11200,11.99,0,0.16,N,2,2024-02-09
22,69700,RENT,4.0,VENTURE,B,11200,11.013786929274843,0,0.16,N,2,2024-12-26
24,71000,RENT,8.0,VENTURE,B,11200,11.36,0,0.16,N,3,2024-08-04
24,61200,MORTGAGE,9.0,MEDICAL,B,13500,10.83,1,0.19,N,2,2024-09-28
22,78000,OTHER,4.0,PERSONAL,B,5600,11.013786929274843,0,0.07,N,2,2024-11-30
25,72000,RENT,8.0,PERSONAL,B,11200,10.36,0,0.16,N,2,2024-07-31
26,78402,RENT,3.0,VENTURE,B,11200,11.71,0,0.14,N,3,2024-04-30
25,78200,MORTGAGE,9.0,MEDICAL,A,6000,6.54,0,0.08,N,3,2024-10-21
25,82000,RENT,9.0,PERSONAL,A,11200,5.42,0,0.14,N,4,2024-09-01
24,86700,RENT,2.0,EDUCATION,A,11200,11.013786929274843,0,0.13,N,4,2024-09-19
24,78386,OWN,3.0,EDUCATION,A,4000,5.42,0,0.05,N,3,2024-08-08
22,78400,MORTGAGE,2.0,VENTURE,D,5000,17.49,0,0.06,Y,3,2024-01-10
24,78400,MORTGAGE,5.0,VENTURE,C,17400,13.48,0,0.22,N,2,2024-12-27
26,100016,RENT,10.0,EDUCATION,C,11200,13.98,0,0.11,Y,2,2024-07-01
22,78413,MORTGAGE,6.0,EDUCATION,B,17500,10.65,0,0.22,N,2,2024-10-04
26,78420,MORTGAGE,2.0,HOMEIMPROVEMENT,B,8000,11.49,0,0.1,N,4,2024-05-28
24,78500,MORTGAGE,8.0,VENTURE,A,6000,7.49,0,0.08,N,4,2024-11-19
23,78500,MORTGAGE,7.0,EDUCATION,A,7200,7.49,0,0.09,N,3,2024-09-09
25,72500,MORTGAGE,3.0,VENTURE,D,16000,15.28,1,0.22,Y,4,2024-07-24
23,78500,MORTGAGE,7.0,DEBTCONSOLIDATION,A,4800,7.14,0,0.06,N,4,2024-02-19
24,110000,RENT,1.0,EDUCATION,A,11200,7.49,0,0.1,N,4,2024-12-29
25,78500,MORTGAGE,9.0,DEBTCONSOLIDATION,A,16000,7.88,0,0.2,N,2,2024-10-28
24,180000,RENT,3.0,PERSONAL,A,11200,5.79,0,0.06,N,4,2024-01-20
25,45000,RENT,2.0,DEBTCONSOLIDATION,A,11250,9.38,0,0.25,N,2,2024-10-01
25,75000,RENT,1.0,HOMEIMPROVEMENT,C,11250,11.013786929274843,0,0.15,N,3,2024-10-23
22,72644,MORTGAGE,3.0,PERSONAL,A,5900,7.49,1,0.08,N,3,2024-10-30
26,61754,MORTGAGE,7.0,MEDICAL,D,10000,14.83,1,0.14,N,4,2024-05-13
26,41892,RENT,8.0,EDUCATION,C,11300,13.22,0,0.27,N,4,2024-02-03
25,78720,MORTGAGE,6.0,MEDICAL,B,10000,9.62,0,0.13,N,2,2024-09-14
22,78792,MORTGAGE,4.0,EDUCATION,D,5500,14.61,0,0.07,N,4,2024-02-05
23,78885,OWN,2.0,VENTURE,B,20000,12.42,0,0.25,N,3,2024-06-28
26,78948,MORTGAGE,3.0,MEDICAL,B,17500,11.83,0,0.22,N,2,2024-10-16
22,72955,MORTGAGE,6.0,PERSONAL,B,7500,11.013786929274843,1,0.1,N,2,2024-02-08
22,45000,RENT,6.0,EDUCATION,C,11300,13.48,0,0.25,Y,2,2024-08-22
22,78996,OWN,6.0,MEDICAL,B,10000,11.11,0,0.13,N,2,2024-06-15
23,71000,RENT,7.0,MEDICAL,A,11300,7.49,0,0.16,N,2,2024-10-24
22,79000,MORTGAGE,6.0,MEDICAL,A,10375,6.62,0,0.13,N,4,2024-04-02
23,79000,MORTGAGE,7.0,EDUCATION,A,17825,6.62,0,0.23,N,2,2024-03-18
25,36000,RENT,7.0,MEDICAL,B,11325,12.69,1,0.31,N,4,2024-07-06
24,79000,MORTGAGE,4.0,PERSONAL,A,8000,5.99,0,0.1,N,3,2024-04-23
25,30000,RENT,10.0,VENTURE,A,11400,7.51,1,0.38,N,4,2024-10-03
26,41500,RENT,9.0,EDUCATION,A,11400,7.66,0,0.27,N,3,2024-04-05
24,43000,RENT,3.0,MEDICAL,A,11400,11.013786929274843,0,0.27,N,2,2024-05-10
25,79000,OWN,3.0,VENTURE,A,14000,6.92,0,0.18,N,2,2024-03-11
22,79000,MORTGAGE,3.0,VENTURE,C,35000,13.8,0,0.44,Y,2,2024-03-19
22,50000,RENT,6.0,EDUCATION,D,11400,17.58,0,0.23,Y,4,2024-01-11
23,60000,RENT,4.0,PERSONAL,C,11400,15.23,0,0.19,Y,4,2024-03-22
25,79000,MORTGAGE,9.0,DEBTCONSOLIDATION,A,10000,5.79,0,0.13,N,2,2024-03-02
25,79000,MORTGAGE,3.0,HOMEIMPROVEMENT,A,20000,6.91,0,0.25,N,3,2024-11-02
22,62050,MORTGAGE,1.0,MEDICAL,C,2000,13.35,1,0.03,Y,4,2024-10-26
24,65000,RENT,2.0,HOMEIMPROVEMENT,B,11400,11.89,0,0.18,N,3,2024-02-25
24,73000,RENT,1.0,DEBTCONSOLIDATION,D,11400,14.84,1,0.16,Y,4,2024-11-07
25,62050,MORTGAGE,7.0,MEDICAL,B,18300,10.62,1,0.25,N,3,2024-07-22
22,79000,MORTGAGE,6.0,EDUCATION,B,10000,10.99,0,0.13,N,2,2024-12-16
23,79000,MORTGAGE,2.0,EDUCATION,A,3200,7.88,0,0.04,N,2,2024-10-05
23,107806,RENT,3.0,VENTURE,B,11425,10.37,0,0.11,N,3,2024-02-23
23,79000,MORTGAGE,7.0,EDUCATION,C,16000,12.73,0,0.2,Y,4,2024-06-03
22,79000,MORTGAGE,6.0,VENTURE,C,11000,13.11,0,0.14,Y,4,2024-11-02
26,79000,MORTGAGE,6.0,PERSONAL,C,14000,13.57,0,0.18,Y,3,2024-05-23
25,79000,OWN,9.0,VENTURE,B,14500,11.48,0,0.18,N,3,2024-05-23
26,79000,MORTGAGE,4.0,DEBTCONSOLIDATION,C,18500,11.013786929274843,0,0.23,Y,3,2024-05-05
25,79000,MORTGAGE,2.0,MEDICAL,C,15000,13.79,0,0.19,N,2,2024-07-01
25,79000,MORTGAGE,9.0,PERSONAL,B,7500,10.01,0,0.09,N,3,2024-04-22
23,79100,MORTGAGE,4.0,VENTURE,A,3300,5.42,0,0.04,N,3,2024-01-22
26,79200,MORTGAGE,8.0,MEDICAL,A,6075,6.03,0,0.08,N,2,2024-03-06
24,79200,OWN,8.0,VENTURE,A,3800,6.62,0,0.05,N,4,2024-09-11
23,79200,MORTGAGE,7.0,EDUCATION,A,5000,5.42,0,0.06,N,3,2024-10-05
23,79200,MORTGAGE,6.0,EDUCATION,A,8000,7.88,0,0.1,N,4,2024-02-27
22,79200,MORTGAGE,6.0,VENTURE,B,4750,10.25,0,0.06,N,3,2024-05-31
26,79380,MORTGAGE,5.0,EDUCATION,C,10000,12.23,0,0.13,Y,3,2024-08-30
24,79400,MORTGAGE,8.0,HOMEIMPROVEMENT,B,12000,9.88,0,0.15,N,4,2024-05-12
26,79500,MORTGAGE,1.0,EDUCATION,B,6000,11.36,0,0.08,N,2,2024-01-06
26,79560,MORTGAGE,10.0,DEBTCONSOLIDATION,B,8000,12.53,0,0.1,N,4,2024-02-06
22,79618,MORTGAGE,6.0,EDUCATION,A,7000,7.74,0,0.09,N,3,2024-03-13
24,79632,MORTGAGE,8.0,EDUCATION,C,7200,14.17,0,0.09,Y,3,2024-05-15
26,79700,MORTGAGE,9.0,DEBTCONSOLIDATION,B,7200,9.99,0,0.09,N,3,2024-08-11
25,79700,MORTGAGE,6.0,HOMEIMPROVEMENT,A,10000,11.013786929274843,0,0.13,N,4,2024-09-10
24,79768,OWN,2.0,EDUCATION,C,12000,13.49,0,0.15,Y,4,2024-10-02
23,40000,OWN,7.0,EDUCATION,A,13000,7.29,0,0.33,N,4,2024-12-20
25,79992,MORTGAGE,9.0,EDUCATION,A,10000,6.03,0,0.13,N,2,2024-03-23
23,79992,MORTGAGE,7.0,DEBTCONSOLIDATION,B,6000,11.013786929274843,0,0.08,N,3,2024-07-20
23,79996,MORTGAGE,2.0,EDUCATION,E,24000,16.32,0,0.3,Y,3,2024-12-12
23,40000,OWN,6.0,EDUCATION,A,3000,7.66,0,0.07,N,3,2024-03-25
26,74000,MORTGAGE,8.0,EDUCATION,B,15000,9.91,1,0.2,N,3,2024-07-10
26,80000,MORTGAGE,5.0,VENTURE,D,12000,16.29,0,0.15,N,2,2024-08-04
24,42000,RENT,8.0,DEBTCONSOLIDATION,A,11500,7.88,0,0.27,N,2,2024-06-02
25,80000,MORTGAGE,9.0,VENTURE,E,4000,19.03,0,0.05,Y,3,2024-07-24
25,80000,MORTGAGE,7.0,HOMEIMPROVEMENT,A,6000,7.9,0,0.07,N,3,2024-08-17
25,42000,RENT,9.0,VENTURE,C,11500,13.79,0,0.27,Y,3,2024-05-16
24,80000,MORTGAGE,9.0,MEDICAL,A,10000,11.013786929274843,0,0.13,N,2,2024-09-29
26,45760,RENT,8.0,DEBTCONSOLIDATION,C,11500,11.78,0,0.25,N,4,2024-10-09
25,45996,RENT,3.0,VENTURE,C,11500,12.53,0,0.25,N,4,2024-04-19
23,80000,MORTGAGE,7.0,EDUCATION,B,15000,12.42,0,0.19,N,2,2024-08-19
26,62900,MORTGAGE,4.0,MEDICAL,A,11000,7.9,1,0.15,N,3,2024-12-08
25,80000,MORTGAGE,4.0,MEDICAL,C,25000,13.49,0,0.31,N,2,2024-05-04
22,40000,OWN,4.0,EDUCATION,A,8000,5.79,0,0.2,N,2,2024-01-31
24,62500,RENT,5.0,EDUCATION,A,11500,5.79,0,0.18,N,3,2024-01-11
23,80000,MORTGAGE,3.0,DEBTCONSOLIDATION,B,24000,11.71,0,0.3,N,3,2024-08-31
24,80000,MORTGAGE,8.0,HOMEIMPROVEMENT,A,18000,7.9,0,0.23,N,2,2024-12-24
24,63000,RENT,3.0,VENTURE,C,11500,14.79,0,0.18,N,2,2024-05-12
24,68298,RENT,3.0,VENTURE,A,11500,11.013786929274843,0,0.17,N,2,2024-10-25
23,70000,RENT,2.0,VENTURE,B,11500,11.86,0,0.16,N,3,2024-02-24
24,80000,MORTGAGE,8.0,PERSONAL,B,8000,11.013786929274843,0,0.1,N,4,2024-09-27
24,80000,MORTGAGE,8.0,EDUCATION,A,10000,8.9,0,0.13,N,4,2024-03-12
24,74000,RENT,3.0,EDUCATION,B,11500,10.74,0,0.16,N,3,2024-07-01
25,80000,MORTGAGE,9.0,DEBTCONSOLIDATION,A,4000,6.62,0,0.05,N,2,2024-07-02
24,80000,MORTGAGE,7.0,VENTURE,A,12000,6.62,0,0.15,N,2,2024-09-14
26,79000,RENT,7.0,HOMEIMPROVEMENT,B,11500,11.99,0,0.15,N,3,2024-06-05
25,74000,MORTGAGE,9.0,EDUCATION,A,18000,7.9,1,0.24,N,2,2024-11-09
24,125000,RENT,4.0,VENTURE,B,11500,10.38,0,0.09,N,2,2024-12-11
24,41000,RENT,4.0,MEDICAL,C,11525,12.99,0,0.28,Y,3,2024-10-06
25,77954,RENT,9.0,DEBTCONSOLIDATION,D,11550,16.77,1,0.15,N,2,2024-10-03
25,80000,OWN,9.0,VENTURE,C,12800,11.013786929274843,0,0.16,N,3,2024-11-22
22,80000,MORTGAGE,5.0,MEDICAL,B,9500,11.71,0,0.12,N,2,2024-12-06
26,80000,MORTGAGE,2.0,HOMEIMPROVEMENT,C,4200,14.27,0,0.05,N,4,2024-01-02
23,40000,RENT,7.0,EDUCATION,B,11650,11.99,0,0.29,N,4,2024-07-02
22,80000,MORTGAGE,6.0,VENTURE,B,16000,12.42,0,0.2,N,4,2024-06-26
23,57996,RENT,1.0,MEDICAL,C,11650,13.47,0,0.2,N,2,2024-04-28
26,30000,RENT,6.0,MEDICAL,B,11700,11.71,1,0.39,N,2,2024-02-19
24,80000,MORTGAGE,6.0,HOMEIMPROVEMENT,C,7000,14.65,0,0.09,N,4,2024-07-27
25,80000,MORTGAGE,9.0,VENTURE,A,6000,6.03,0,0.07,N,4,2024-09-16
25,80000,MORTGAGE,2.0,PERSONAL,C,4900,15.27,0,0.06,N,4,2024-04-30
26,80000,MORTGAGE,10.0,HOMEIMPROVEMENT,A,7000,6.03,0,0.09,N,4,2024-06-03
22,74000,MORTGAGE,6.0,EDUCATION,A,4000,7.51,1,0.05,N,3,2024-06-02
25,80000,MORTGAGE,5.0,PERSONAL,A,18200,7.9,0,0.23,N,2,2024-03-16
22,66000,RENT,6.0,DEBTCONSOLIDATION,E,11750,17.14,1,0.18,N,2,2024-01-26
25,80000,MORTGAGE,2.0,MEDICAL,A,5000,7.51,0,0.06,N,3,2024-01-10
22,44400,RENT,1.0,PERSONAL,C,11775,13.49,0,0.27,Y,4,2024-12-20
22,35000,RENT,4.0,VENTURE,B,11800,10.95,1,0.34,N,2,2024-07-01
25,80000,MORTGAGE,6.0,VENTURE,B,10000,11.013786929274843,0,0.13,N,4,2024-03-28
24,40000,RENT,3.0,VENTURE,A,11800,6.92,0,0.29,N,4,2024-01-19
25,80000,MORTGAGE,6.0,MEDICAL,A,3000,6.03,0,0.04,N,2,2024-04-25
23,42000,RENT,6.0,EDUCATION,B,11800,12.69,0,0.28,N,2,2024-07-21
26,76000,RENT,5.0,DEBTCONSOLIDATION,C,11800,13.11,0,0.16,Y,3,2024-12-15
22,94000,RENT,5.0,VENTURE,C,11800,13.99,0,0.13,N,4,2024-12-28
23,80000,MORTGAGE,7.0,EDUCATION,D,7000,16.29,0,0.09,Y,3,2024-05-24
22,42500,RENT,7.0,MEDICAL,D,11850,14.11,1,0.28,Y,2,2024-05-05
25,50000,RENT,6.0,PERSONAL,B,11875,10.65,0,0.24,N,2,2024-05-04
23,35000,RENT,2.0,DEBTCONSOLIDATION,A,11900,7.66,1,0.34,N,3,2024-10-29
25,80000,MORTGAGE,4.0,PERSONAL,A,11000,6.62,0,0.14,N,3,2024-08-08
23,80000,MORTGAGE,7.0,VENTURE,B,22000,10.65,0,0.28,N,2,2024-10-07
23,80000,MORTGAGE,5.0,VENTURE,A,2000,7.9,0,0.03,N,4,2024-06-24
24,80000,MORTGAGE,4.0,PERSONAL,C,2000,15.27,0,0.03,Y,3,2024-12-26
25,20000,RENT,1.0,VENTURE,A,12000,8.07,1,0.6,N,4,2024-08-23
22,80000,MORTGAGE,6.0,EDUCATION,B,35000,11.013786929274843,0,0.44,N,2,2024-04-25
25,80000,MORTGAGE,5.0,VENTURE,A,12000,5.99,0,0.15,N,2,2024-05-09
24,80000,OWN,5.0,EDUCATION,C,2200,13.49,0,0.03,N,4,2024-09-19
23,74000,MORTGAGE,5.0,DEBTCONSOLIDATION,D,25975,11.013786929274843,1,0.35,N,2,2024-08-15
24,24000,RENT,3.0,PERSONAL,B,12000,10.36,1,0.5,N,4,2024-04-14
25,24000,RENT,1.0,DEBTCONSOLIDATION,D,12000,12.17,1,0.5,Y,4,2024-08-08
24,80000,MORTGAGE,2.0,HOMEIMPROVEMENT,A,5000,6.99,0,0.06,N,4,2024-07-14
22,24996,RENT,4.0,PERSONAL,B,12000,9.63,1,0.48,N,3,2024-11-02
23,80000,MORTGAGE,7.0,EDUCATION,B,10000,11.013786929274843,0,0.13,N,2,2024-02-13
24,26000,RENT,5.0,MEDICAL,A,12000,7.9,1,0.46,N,2,2024-08-24
25,26000,RENT,5.0,MEDICAL,B,12000,11.99,1,0.46,N,3,2024-12-25
25,80000,MORTGAGE,9.0,VENTURE,D,14000,15.62,0,0.17,Y,4,2024-11-11
24,26000,RENT,5.0,VENTURE,C,12000,14.26,1,0.46,N,3,2024-05-01
24,80000,MORTGAGE,8.0,HOMEIMPROVEMENT,A,5550,8.49,0,0.07,N,2,2024-01-19
24,80000,MORTGAGE,2.0,MEDICAL,B,2500,11.49,0,0.03,N,2,2024-08-24
23,28000,RENT,2.0,EDUCATION,C,12000,14.27,1,0.43,Y,4,2024-12-23
24,80000,MORTGAGE,4.0,VENTURE,A,3000,6.99,0,0.04,N,2,2024-08-28
22,80000,MORTGAGE,6.0,EDUCATION,B,16000,11.99,0,0.2,N,3,2024-02-01
23,80000,MORTGAGE,6.0,EDUCATION,A,9000,7.49,0,0.11,N,4,2024-09-06
23,80000,MORTGAGE,4.0,MEDICAL,B,8000,10.99,0,0.1,N,3,2024-07-16
24,29435,RENT,8.0,VENTURE,A,12000,7.66,1,0.41,N,3,2024-03-16
26,80000,MORTGAGE,5.0,MEDICAL,A,5000,11.013786929274843,0,0.06,N,3,2024-03-12
22,30000,RENT,1.0,EDUCATION,B,12000,10.99,1,0.4,N,3,2024-12-17
24,80000,MORTGAGE,8.0,VENTURE,D,5000,15.62,0,0.06,Y,2,2024-02-10
25,80000,OWN,9.0,PERSONAL,B,2700,10.59,0,0.03,N,4,2024-01-07
24,80000,OWN,8.0,VENTURE,A,12000,7.49,0,0.15,N,3,2024-10-11
23,80000,MORTGAGE,7.0,VENTURE,C,4000,15.23,0,0.05,N,3,2024-09-06
22,30000,RENT,2.0,EDUCATION,C,12000,13.72,1,0.4,N,2,2024-12-27
23,80000,MORTGAGE,3.0,VENTURE,A,5500,5.42,0,0.07,N,2,2024-01-01
22,30000,RENT,2.0,VENTURE,D,12000,14.46,1,0.4,N,2,2024-09-13
24,80000,MORTGAGE,8.0,VENTURE,C,12000,13.99,0,0.15,Y,3,2024-08-14
22,30000,RENT,4.0,EDUCATION,B,12000,10.62,1,0.4,N,3,2024-09-06
24,80000,MORTGAGE,8.0,MEDICAL,A,9000,11.013786929274843,0,0.11,N,4,2024-01-11
23,80000,OWN,7.0,VENTURE,A,4000,5.99,0,0.05,N,4,2024-05-19
22,80000,OWN,4.0,EDUCATION,B,4800,10.99,0,0.06,N,4,2024-06-10
25,80000,MORTGAGE,2.0,VENTURE,A,10000,7.49,0,0.13,N,4,2024-04-26
23,80000,MORTGAGE,3.0,EDUCATION,A,6000,5.99,0,0.07,N,4,2024-09-21
26,80000,MORTGAGE,10.0,DEBTCONSOLIDATION,B,10800,11.99,0,0.14,N,3,2024-05-11
25,80000,MORTGAGE,3.0,EDUCATION,D,20000,15.62,0,0.25,Y,3,2024-07-22
24,74000,OWN,8.0,DEBTCONSOLIDATION,G,35000,20.11,1,0.47,N,3,2024-02-17
25,80000,MORTGAGE,9.0,DEBTCONSOLIDATION,A,10250,5.42,0,0.13,N,4,2024-12-31
22,31200,RENT,6.0,EDUCATION,B,12000,10.39,1,0.38,N,2,2024-08-02
22,80000,MORTGAGE,7.0,EDUCATION,B,1500,10.37,0,0.02,N,2,2024-09-04
26,74000,MORTGAGE,1.0,EDUCATION,B,24000,10.74,1,0.32,N,3,2024-04-21
24,32000,RENT,4.0,MEDICAL,A,12000,7.51,1,0.38,N,2,2024-10-21
23,74000,MORTGAGE,7.0,PERSONAL,B,2100,11.013786929274843,1,0.03,N,4,2024-01-27
23,80000,MORTGAGE,7.0,VENTURE,A,4800,7.29,0,0.06,N,4,2024-02-14
24,32000,RENT,1.0,MEDICAL,A,12000,7.29,1,0.38,N,2,2024-07-20
22,80000,MORTGAGE,4.0,PERSONAL,A,7250,11.013786929274843,0,0.09,N,3,2024-04-26
24,32000,RENT,5.0,EDUCATION,C,12000,13.85,1,0.38,N,3,2024-07-22
24,32000,RENT,8.0,DEBTCONSOLIDATION,C,12000,12.87,1,0.38,Y,2,2024-07-24
26,32000,RENT,6.0,MEDICAL,A,12000,8.94,1,0.38,N,3,2024-09-19
25,80000,MORTGAGE,5.0,HOMEIMPROVEMENT,C,14625,12.68,0,0.18,Y,4,2024-12-02
23,33000,RENT,8.0,DEBTCONSOLIDATION,A,12000,8.49,1,0.36,N,3,2024-05-13
25,80000,MORTGAGE,9.0,HOMEIMPROVEMENT,B,12000,10.0,0,0.15,N,4,2024-08-19
22,33504,RENT,3.0,PERSONAL,C,12000,13.98,1,0.36,Y,3,2024-07-04
24,80000,MORTGAGE,8.0,PERSONAL,D,25000,14.46,0,0.31,Y,2,2024-09-19
23,33504,RENT,5.0,VENTURE,C,12000,13.11,1,0.36,Y,4,2024-06-24
22,33600,RENT,5.0,PERSONAL,B,12000,9.91,1,0.36,N,4,2024-06-02
24,34000,RENT,8.0,MEDICAL,B,12000,11.71,1,0.35,N,4,2024-05-05
24,80000,MORTGAGE,2.0,PERSONAL,A,20000,6.54,0,0.25,N,4,2024-03-10
23,80000,OWN,7.0,PERSONAL,B,9000,9.62,0,0.11,N,2,2024-12-08
25,80000,MORTGAGE,9.0,DEBTCONSOLIDATION,A,13000,6.54,0,0.16,N,3,2024-01-03
26,34000,RENT,2.0,PERSONAL,D,12000,14.96,1,0.35,N,3,2024-05-27
26,80000,MORTGAGE,3.0,EDUCATION,A,18000,5.79,0,0.23,N,4,2024-12-09
23,34000,RENT,5.0,DEBTCONSOLIDATION,C,12000,12.84,1,0.35,N,4,2024-10-09
25,80000,MORTGAGE,5.0,DEBTCONSOLIDATION,A,18000,5.79,0,0.23,N,2,2024-11-08
26,80000,MORTGAGE,6.0,MEDICAL,A,2000,6.91,0,0.03,N,3,2024-05-21
25,80000,MORTGAGE,9.0,MEDICAL,A,3000,6.17,0,0.04,N,4,2024-03-03
25,80000,MORTGAGE,5.0,EDUCATION,B,25000,10.36,0,0.31,N,3,2024-01-03
26,34138,RENT,3.0,DEBTCONSOLIDATION,B,12000,10.39,1,0.35,N,2,2024-07-30
22,34500,RENT,3.0,EDUCATION,D,12000,14.84,1,0.35,Y,2,2024-10-01
24,34500,RENT,4.0,MEDICAL,B,12000,10.38,1,0.35,N,2,2024-04-20
23,80000,OWN,7.0,VENTURE,B,25000,9.99,0,0.31,N,3,2024-02-07
25,80000,MORTGAGE,4.0,VENTURE,C,15000,12.61,0,0.19,Y,4,2024-07-06
24,80000,MORTGAGE,6.0,PERSONAL,A,16000,7.88,0,0.2,N,2,2024-02-24
22,35000,RENT,2.0,PERSONAL,B,12000,11.013786929274843,1,0.34,N,2,2024-09-17
25,40000,OWN,5.0,EDUCATION,C,6000,13.47,0,0.15,Y,3,2024-06-08
23,74000,MORTGAGE,3.0,VENTURE,C,10000,11.013786929274843,1,0.14,Y,3,2024-09-14
22,35000,RENT,6.0,DEBTCONSOLIDATION,B,12000,11.71,1,0.34,N,4,2024-11-02
23,35000,RENT,3.0,DEBTCONSOLIDATION,B,12000,10.0,1,0.34,N,4,2024-07-20
24,35000,RENT,1.0,VENTURE,A,12000,6.54,1,0.34,N,2,2024-10-14
23,80000,MORTGAGE,8.0,EDUCATION,D,8000,15.58,0,0.1,N,4,2024-03-04
24,80000,MORTGAGE,8.0,DEBTCONSOLIDATION,C,24000,14.35,0,0.3,Y,3,2024-01-16
26,80000,MORTGAGE,2.0,VENTURE,A,4900,6.76,0,0.06,N,3,2024-01-20
25,29004,RENT,5.0,PERSONAL,C,12000,12.84,1,0.41,Y,4,2024-04-30
24,35400,RENT,8.0,VENTURE,A,12000,7.29,1,0.34,N,4,2024-11-13
25,80000,OWN,3.0,EDUCATION,C,10000,14.72,0,0.13,Y,3,2024-07-26
24,40000,OWN,7.0,EDUCATION,C,2000,12.53,0,0.05,N,4,2024-05-21
26,30000,RENT,4.0,DEBTCONSOLIDATION,B,12000,11.11,1,0.4,N,3,2024-05-08
23,80000,MORTGAGE,7.0,PERSONAL,A,4000,7.51,0,0.05,N,3,2024-11-16
24,36000,RENT,7.0,MEDICAL,B,12000,8.88,1,0.33,N,4,2024-11-13
26,80000,MORTGAGE,5.0,DEBTCONSOLIDATION,A,7000,7.51,0,0.09,N,2,2024-09-23
22,36000,RENT,6.0,VENTURE,B,12000,11.49,1,0.33,N,2,2024-10-29
23,80000,MORTGAGE,1.0,PERSONAL,C,11000,12.73,0,0.14,N,3,2024-12-17
25,62900,MORTGAGE,9.0,MEDICAL,D,8825,15.7,1,0.12,Y,3,2024-07-16
25,31008,RENT,2.0,DEBTCONSOLIDATION,C,12000,13.79,1,0.39,N,4,2024-11-24
24,80000,MORTGAGE,8.0,EDUCATION,B,18000,10.62,0,0.23,N,2,2024-09-25
23,80000,MORTGAGE,1.0,EDUCATION,C,12000,13.48,0,0.15,Y,4,2024-03-04
24,80000,MORTGAGE,8.0,PERSONAL,C,12000,13.48,0,0.15,Y,4,2024-07-20
22,80000,MORTGAGE,6.0,DEBTCONSOLIDATION,A,10000,7.14,0,0.13,N,4,2024-03-29
23,80000,MORTGAGE,1.0,EDUCATION,B,15000,9.88,0,0.19,N,4,2024-12-22
26,80000,MORTGAGE,10.0,EDUCATION,D,15000,16.07,0,0.19,N,2,2024-06-05
26,80000,MORTGAGE,10.0,VENTURE,B,25000,11.013786929274843,0,0.31,N,3,2024-09-22
25,80000,MORTGAGE,9.0,VENTURE,A,12000,7.88,0,0.15,N,3,2024-10-31
26,62900,OWN,4.0,MEDICAL,E,24250,11.013786929274843,1,0.33,Y,2,2024-03-08
22,31200,RENT,7.0,EDUCATION,B,12000,10.99,1,0.38,N,2,2024-08-08
22,80000,MORTGAGE,5.0,VENTURE,B,5000,11.36,0,0.06,N,3,2024-07-14
25,80000,MORTGAGE,5.0,DEBTCONSOLIDATION,A,8500,7.51,0,0.11,N,2,2024-10-04
23,80000,MORTGAGE,3.0,EDUCATION,D,25000,11.013786929274843,0,0.31,Y,4,2024-11-01
22,37392,RENT,1.0,EDUCATION,B,12000,10.62,1,0.32,N,2,2024-02-17
26,80000,MORTGAGE,10.0,PERSONAL,B,25000,10.62,0,0.31,N,4,2024-08-02
22,80000,MORTGAGE,6.0,PERSONAL,A,5000,7.14,0,0.06,N,2,2024-05-08
26,80000,MORTGAGE,4.0,PERSONAL,D,5000,14.96,0,0.06,Y,3,2024-11-20
23,80000,MORTGAGE,5.0,VENTURE,D,20000,14.96,0,0.25,N,3,2024-01-11
23,38000,RENT,7.0,PERSONAL,B,12000,11.71,1,0.32,N,2,2024-03-31
22,62900,MORTGAGE,6.0,MEDICAL,E,12000,16.35,1,0.16,Y,2,2024-10-04
23,80000,OWN,2.0,EDUCATION,F,6000,19.13,0,0.07,Y,4,2024-05-22
22,74000,MORTGAGE,3.0,PERSONAL,B,10000,11.83,1,0.14,N,3,2024-06-11
24,38000,RENT,2.0,PERSONAL,C,12000,13.23,1,0.32,Y,3,2024-08-20
23,80000,MORTGAGE,7.0,DEBTCONSOLIDATION,A,10000,7.74,0,0.13,N,3,2024-05-09
22,80000,MORTGAGE,3.0,DEBTCONSOLIDATION,A,6000,7.4,0,0.07,N,3,2024-06-29
25,80000,MORTGAGE,4.0,MEDICAL,A,6000,7.74,0,0.07,N,4,2024-03-10
24,38001,RENT,4.0,DEBTCONSOLIDATION,A,12000,6.17,1,0.32,N,3,2024-12-08
25,80000,MORTGAGE,10.0,EDUCATION,D,25000,15.31,0,0.31,N,2,2024-08-28
25,80000,OWN,6.0,EDUCATION,B,25000,11.48,0,0.31,N,4,2024-04-05
22,38004,RENT,5.0,EDUCATION,B,12000,10.75,1,0.32,N,3,2024-12-01
25,32004,RENT,3.0,MEDICAL,D,12000,14.96,1,0.37,Y,3,2024-03-24
22,80000,MORTGAGE,1.0,EDUCATION,A,2000,11.013786929274843,0,0.03,N,4,2024-02-27
26,80000,MORTGAGE,6.0,PERSONAL,B,15000,12.53,0,0.19,N,3,2024-03-01
25,38340,RENT,9.0,MEDICAL,B,12000,11.71,1,0.31,N,2,2024-10-27
23,80000,MORTGAGE,7.0,PERSONAL,B,8500,11.14,0,0.11,N,2,2024-05-26
23,74000,MORTGAGE,4.0,HOMEIMPROVEMENT,B,25000,12.18,1,0.34,N,2,2024-12-08
26,80000,OWN,5.0,PERSONAL,C,7000,13.22,0,0.09,Y,2,2024-09-18
25,80000,MORTGAGE,2.0,EDUCATION,B,22000,11.48,0,0.28,N,3,2024-06-19
25,39996,OWN,2.0,VENTURE,A,12000,8.94,0,0.3,N,3,2024-06-18
25,38599,RENT,3.0,MEDICAL,B,12000,10.38,1,0.31,N,4,2024-08-14
23,39000,RENT,1.0,EDUCATION,B,12000,10.99,1,0.31,N,4,2024-01-23
22,39000,RENT,1.0,EDUCATION,B,12000,11.11,1,0.31,N,3,2024-08-07
26,80000,MORTGAGE,5.0,VENTURE,A,3000,8.0,0,0.04,N,4,2024-01-16
23,39000,RENT,7.0,MEDICAL,B,12000,10.83,1,0.31,N,3,2024-05-17
25,39600,RENT,2.0,MEDICAL,B,12000,10.99,0,0.3,N,2,2024-05-20
23,80000,MORTGAGE,5.0,VENTURE,E,8000,15.68,0,0.1,N,4,2024-09-09
25,39779,RENT,8.0,VENTURE,A,12000,5.79,0,0.3,N,2,2024-09-12
23,80000,MORTGAGE,7.0,EDUCATION,B,17000,12.21,0,0.21,N,2,2024-10-12
22,74000,MORTGAGE,4.0,PERSONAL,D,15000,15.05,1,0.2,N,3,2024-04-09
25,39900,RENT,8.0,EDUCATION,B,12000,9.88,0,0.3,N,4,2024-11-29
26,74000,MORTGAGE,4.0,EDUCATION,B,7500,10.08,1,0.1,N,4,2024-03-22
24,80000,MORTGAGE,8.0,EDUCATION,A,7500,8.63,0,0.09,N,4,2024-04-29
24,39996,RENT,8.0,DEBTCONSOLIDATION,B,12000,12.69,0,0.3,N,3,2024-03-28
23,39996,RENT,6.0,PERSONAL,B,12000,9.63,0,0.3,N,2,2024-07-13
24,80000,OWN,8.0,MEDICAL,B,20000,9.51,0,0.25,N,2,2024-11-29
22,74000,MORTGAGE,6.0,HOMEIMPROVEMENT,C,11200,11.013786929274843,1,0.15,Y,2,2024-07-28
22,74000,MORTGAGE,1.0,VENTURE,E,25000,14.38,1,0.34,Y,3,2024-05-09
24,40000,RENT,6.0,MEDICAL,C,12000,13.49,0,0.3,N,2,2024-03-26
24,80004,OWN,3.0,HOMEIMPROVEMENT,C,2425,15.27,0,0.03,Y,4,2024-02-21
24,80004,MORTGAGE,8.0,HOMEIMPROVEMENT,A,6000,6.17,0,0.07,N,3,2024-03-31
24,74004,MORTGAGE,7.0,DEBTCONSOLIDATION,D,25000,15.57,1,0.34,Y,3,2024-02-18
24,80004,OWN,8.0,HOMEIMPROVEMENT,B,25000,10.36,0,0.31,N,3,2024-02-08
26,40000,RENT,2.0,MEDICAL,A,12000,7.51,0,0.3,N,2,2024-11-16
26,80004,MORTGAGE,4.0,PERSONAL,B,15000,11.86,0,0.19,N,3,2024-08-22
22,40000,RENT,2.0,DEBTCONSOLIDATION,B,12000,10.99,0,0.3,N,2,2024-09-09
26,40000,RENT,2.0,MEDICAL,A,12000,7.88,0,0.3,N,2,2024-10-26
23,80004,MORTGAGE,2.0,VENTURE,B,19000,10.62,0,0.24,N,2,2024-05-03
22,40000,RENT,1.0,DEBTCONSOLIDATION,C,12000,13.22,0,0.3,N,4,2024-11-23
22,40000,RENT,4.0,VENTURE,B,12000,11.013786929274843,0,0.3,N,3,2024-09-25
23,40000,RENT,2.0,DEBTCONSOLIDATION,B,12000,12.18,0,0.3,N,4,2024-04-13
26,40000,RENT,1.0,PERSONAL,B,12000,11.58,0,0.3,N,2,2024-05-28
22,40000,RENT,3.0,EDUCATION,B,12000,11.89,0,0.3,N,3,2024-11-29
24,80004,MORTGAGE,8.0,VENTURE,A,6000,8.63,0,0.07,N,4,2024-10-06
23,40100,RENT,7.0,MEDICAL,B,12000,9.91,0,0.3,N,2,2024-12-04
22,80070,MORTGAGE,6.0,EDUCATION,B,27525,10.74,0,0.34,N,3,2024-05-08
25,80140,MORTGAGE,4.0,DEBTCONSOLIDATION,B,11300,10.37,0,0.14,N,2,2024-03-05
23,80196,OWN,2.0,VENTURE,B,30000,9.91,0,0.37,N,3,2024-07-17
25,80208,MORTGAGE,1.0,HOMEIMPROVEMENT,A,4000,5.42,0,0.05,N,4,2024-06-23
22,80340,OWN,2.0,EDUCATION,A,7000,7.14,0,0.09,N,3,2024-12-26
26,40800,RENT,2.0,PERSONAL,A,12000,11.013786929274843,0,0.29,N,2,2024-03-30
25,41000,RENT,6.0,DEBTCONSOLIDATION,B,12000,11.71,0,0.29,N,3,2024-12-23
25,80400,MORTGAGE,9.0,DEBTCONSOLIDATION,A,1000,5.42,0,0.01,N,3,2024-04-18
25,80400,MORTGAGE,10.0,VENTURE,D,25000,17.49,0,0.31,Y,4,2024-08-29
24,80400,MORTGAGE,5.0,VENTURE,A,12000,5.79,0,0.15,N,3,2024-12-15
24,36000,RENT,2.0,PERSONAL,B,12000,9.91,1,0.33,N,3,2024-08-31
23,42000,RENT,4.0,EDUCATION,C,12000,13.49,0,0.29,N,2,2024-08-28
25,42000,RENT,2.0,EDUCATION,A,12000,7.9,0,0.29,N,4,2024-06-07
22,74476,MORTGAGE,6.0,EDUCATION,A,5000,8.49,1,0.07,N,4,2024-06-03
26,80500,MORTGAGE,3.0,VENTURE,D,24000,17.58,0,0.3,Y,3,2024-01-05
23,42000,RENT,2.0,EDUCATION,B,12000,10.65,0,0.29,N,4,2024-11-05
26,42000,RENT,3.0,VENTURE,A,12000,8.49,0,0.29,N,3,2024-11-11
26,80500,MORTGAGE,9.0,HOMEIMPROVEMENT,B,11000,12.53,0,0.14,N,3,2024-01-30
22,74500,MORTGAGE,6.0,DEBTCONSOLIDATION,D,7500,13.17,1,0.1,N,2,2024-11-25
26,80600,MORTGAGE,10.0,HOMEIMPROVEMENT,B,9600,11.013786929274843,0,0.12,N,3,2024-02-12
24,74600,MORTGAGE,3.0,DEBTCONSOLIDATION,E,20000,17.51,1,0.27,N,3,2024-03-25
24,80689,MORTGAGE,1.0,DEBTCONSOLIDATION,C,16000,13.22,0,0.2,Y,2,2024-08-01
26,80730,MORTGAGE,7.0,HOMEIMPROVEMENT,A,9600,7.29,0,0.12,N,2,2024-09-11
23,80796,MORTGAGE,7.0,MEDICAL,A,5000,11.013786929274843,0,0.06,N,3,2024-01-15
22,81000,MORTGAGE,5.0,EDUCATION,B,9100,12.42,0,0.11,N,3,2024-10-10
25,42500,RENT,1.0,DEBTCONSOLIDATION,B,12000,12.69,0,0.28,N,3,2024-11-30
26,81000,MORTGAGE,10.0,DEBTCONSOLIDATION,A,10750,8.49,0,0.13,N,2,2024-12-26
23,42500,RENT,3.0,EDUCATION,C,12000,13.35,0,0.28,N,3,2024-05-22
24,42500,RENT,9.0,PERSONAL,B,12000,11.36,0,0.28,N,2,2024-01-11
25,42900,RENT,5.0,EDUCATION,A,12000,8.9,0,0.28,N,2,2024-08-18
25,43000,RENT,1.0,VENTURE,C,12000,13.16,0,0.28,Y,2,2024-01-13
22,75000,MORTGAGE,6.0,VENTURE,D,25000,15.57,1,0.33,Y,4,2024-05-28
23,81000,MORTGAGE,8.0,PERSONAL,B,10000,8.88,0,0.12,N,4,2024-05-10
25,81000,OWN,9.0,VENTURE,D,12000,11.013786929274843,0,0.15,Y,2,2024-11-24
26,81000,MORTGAGE,6.0,MEDICAL,B,5000,10.75,0,0.06,N,3,2024-10-31
22,81000,MORTGAGE,5.0,EDUCATION,A,6600,7.88,0,0.08,N,4,2024-04-01
24,43200,RENT,5.0,VENTURE,B,12000,10.36,0,0.28,N,4,2024-11-08
24,81000,MORTGAGE,8.0,HOMEIMPROVEMENT,B,20000,11.49,0,0.25,N,4,2024-12-11
22,39000,OWN,6.0,MEDICAL,A,1000,11.013786929274843,0,0.03,N,3,2024-05-01
22,81000,MORTGAGE,6.0,EDUCATION,B,24000,9.88,0,0.3,N,2,2024-08-31
25,44004,RENT,9.0,MEDICAL,E,12000,16.45,0,0.27,Y,4,2024-03-25
22,44160,RENT,7.0,VENTURE,D,12000,13.24,0,0.27,Y,2,2024-10-15
23,44400,RENT,1.0,EDUCATION,C,12000,14.79,0,0.27,N,4,2024-01-19
22,81000,OWN,2.0,EDUCATION,D,10000,15.31,0,0.12,N,3,2024-01-29
22,44412,RENT,3.0,PERSONAL,C,12000,13.11,0,0.27,Y,2,2024-11-09
25,81000,MORTGAGE,2.0,MEDICAL,B,5200,10.95,0,0.06,N,2,2024-02-14
24,81100,MORTGAGE,8.0,PERSONAL,B,3200,11.013786929274843,0,0.04,N,2,2024-09-03
23,45000,RENT,4.0,EDUCATION,B,12000,12.69,0,0.27,N,4,2024-05-02
23,81120,MORTGAGE,3.0,PERSONAL,B,15000,10.25,0,0.18,N,4,2024-06-20
25,39000,OWN,2.0,HOMEIMPROVEMENT,D,4400,14.84,0,0.11,N,2,2024-01-31
22,45000,RENT,6.0,EDUCATION,A,12000,6.62,0,0.27,N,2,2024-12-04
26,81204,MORTGAGE,1.0,EDUCATION,B,9100,10.95,0,0.11,N,4,2024-06-24
26,81360,MORTGAGE,4.0,HOMEIMPROVEMENT,A,6000,7.9,0,0.07,N,4,2024-04-29
25,39000,OWN,3.0,MEDICAL,B,3600,11.86,0,0.09,N,2,2024-06-27
22,81400,MORTGAGE,4.0,MEDICAL,B,8500,11.013786929274843,0,0.1,N,2,2024-11-07
23,81500,MORTGAGE,4.0,DEBTCONSOLIDATION,B,15000,10.0,0,0.18,N,4,2024-09-17
22,81500,MORTGAGE,6.0,PERSONAL,A,20000,6.54,0,0.25,N,2,2024-08-21
23,39000,OWN,7.0,MEDICAL,B,3000,10.62,0,0.08,N,2,2024-11-03
23,81504,MORTGAGE,6.0,DEBTCONSOLIDATION,A,2400,6.92,0,0.03,N,4,2024-04-29
26,81600,MORTGAGE,1.0,DEBTCONSOLIDATION,B,7200,11.99,0,0.09,N,3,2024-10-13
23,81600,MORTGAGE,7.0,DEBTCONSOLIDATION,A,9000,7.49,0,0.11,N,4,2024-03-28
25,81600,MORTGAGE,9.0,EDUCATION,C,13000,13.23,0,0.16,Y,4,2024-04-03
22,81600,MORTGAGE,6.0,PERSONAL,A,1300,6.39,0,0.02,N,3,2024-02-16
24,45000,RENT,1.0,VENTURE,B,12000,10.99,0,0.27,N,3,2024-01-24
25,81600,MORTGAGE,10.0,HOMEIMPROVEMENT,B,20000,12.18,0,0.25,N,2,2024-04-30
23,45000,RENT,2.0,PERSONAL,A,12000,5.79,0,0.27,N,3,2024-04-30
22,81800,MORTGAGE,6.0,EDUCATION,A,2500,6.39,0,0.03,N,2,2024-08-27
25,45000,RENT,9.0,DEBTCONSOLIDATION,B,12000,9.62,0,0.27,N,3,2024-12-03
23,45000,RENT,2.0,PERSONAL,B,12000,11.83,0,0.27,N,4,2024-05-29
22,81996,MORTGAGE,7.0,EDUCATION,C,7000,14.72,0,0.09,N,4,2024-05-16
24,81996,MORTGAGE,4.0,EDUCATION,A,14000,7.88,0,0.17,N,3,2024-04-24
26,82000,MORTGAGE,7.0,VENTURE,B,7000,12.42,0,0.09,N,3,2024-06-26
24,82000,OWN,8.0,EDUCATION,C,25000,15.27,0,0.3,Y,3,2024-07-06
25,45600,RENT,5.0,MEDICAL,C,12000,13.23,0,0.26,N,4,2024-02-13
26,45806,RENT,5.0,EDUCATION,D,12000,14.84,0,0.26,N,3,2024-01-22
26,82000,MORTGAGE,5.0,EDUCATION,C,1000,14.27,0,0.01,Y,2,2024-02-23
26,82000,MORTGAGE,5.0,PERSONAL,A,19075,7.9,0,0.23,N,2,2024-11-24
23,82000,MORTGAGE,5.0,PERSONAL,D,5000,16.77,0,0.06,Y,3,2024-11-07
24,45996,RENT,3.0,EDUCATION,E,12000,15.68,0,0.26,Y,3,2024-11-12
24,82000,MORTGAGE,8.0,VENTURE,B,5325,11.013786929274843,0,0.06,N,3,2024-07-04
22,46000,RENT,3.0,EDUCATION,B,12000,11.71,0,0.26,N,3,2024-11-17
25,46000,RENT,9.0,PERSONAL,A,12000,5.42,0,0.26,N,3,2024-07-02
26,82000,MORTGAGE,10.0,PERSONAL,A,3200,5.99,0,0.04,N,3,2024-10-27
23,82000,MORTGAGE,7.0,PERSONAL,D,9000,11.013786929274843,0,0.11,Y,2,2024-05-13
22,46000,RENT,1.0,MEDICAL,C,12000,12.84,0,0.26,N,3,2024-08-25
24,82000,MORTGAGE,8.0,EDUCATION,D,3500,11.013786929274843,0,0.04,N,4,2024-06-05
25,82000,MORTGAGE,3.0,HOMEIMPROVEMENT,B,15000,10.37,0,0.18,N,2,2024-05-13
25,47000,RENT,2.0,MEDICAL,C,12000,15.96,0,0.26,Y,2,2024-12-27
23,82000,MORTGAGE,5.0,PERSONAL,B,9600,10.0,0,0.12,N,2,2024-09-17
22,47000,RENT,6.0,DEBTCONSOLIDATION,A,12000,6.03,0,0.26,N,3,2024-07-30
25,47000,RENT,3.0,MEDICAL,B,12000,10.37,0,0.26,N,2,2024-03-12
22,82000,MORTGAGE,6.0,EDUCATION,B,10750,9.25,0,0.13,N,2,2024-05-22
24,82000,MORTGAGE,2.0,PERSONAL,A,8000,5.79,0,0.1,N,3,2024-01-22
24,82000,MORTGAGE,2.0,MEDICAL,A,20000,6.54,0,0.24,N,4,2024-01-31
23,76000,MORTGAGE,8.0,DEBTCONSOLIDATION,B,6000,11.49,1,0.08,N,2,2024-03-24
23,47840,RENT,7.0,MEDICAL,B,12000,12.69,0,0.25,N,4,2024-11-03
23,48000,RENT,3.0,PERSONAL,A,12000,6.03,0,0.25,N,2,2024-01-06
24,82000,MORTGAGE,8.0,PERSONAL,A,6000,6.76,0,0.07,N,3,2024-08-09
24,48000,RENT,8.0,PERSONAL,D,12000,16.77,0,0.25,Y,3,2024-05-08
22,82000,MORTGAGE,5.0,EDUCATION,B,20000,9.88,0,0.24,N,4,2024-07-24
22,42000,RENT,2.0,MEDICAL,D,12000,15.65,1,0.29,Y,3,2024-10-01
22,82000,MORTGAGE,6.0,DEBTCONSOLIDATION,C,10000,12.87,0,0.12,Y,2,2024-07-08
26,82000,MORTGAGE,1.0,HOMEIMPROVEMENT,C,20000,13.57,0,0.24,N,2,2024-04-22
22,82000,MORTGAGE,6.0,DEBTCONSOLIDATION,C,6000,11.013786929274843,0,0.07,N,2,2024-06-23
26,76000,MORTGAGE,10.0,DEBTCONSOLIDATION,E,7200,16.35,1,0.09,Y,2,2024-12-09
24,82000,OTHER,2.0,PERSONAL,A,14700,9.63,0,0.18,N,3,2024-10-07
26,82000,MORTGAGE,2.0,PERSONAL,D,4500,15.05,0,0.05,Y,4,2024-07-06
26,82000,MORTGAGE,1.0,VENTURE,C,5000,13.47,0,0.06,Y,2,2024-03-31
22,82000,MORTGAGE,3.0,PERSONAL,B,8300,11.46,0,0.1,N,3,2024-02-23
25,82000,MORTGAGE,2.0,HOMEIMPROVEMENT,E,10000,14.93,0,0.12,N,3,2024-12-16
25,82000,MORTGAGE,7.0,PERSONAL,C,7500,12.72,0,0.09,N,4,2024-09-11
24,82000,MORTGAGE,1.0,EDUCATION,A,7500,8.32,0,0.09,N,3,2024-02-15
25,48074,RENT,4.0,EDUCATION,C,12000,13.85,0,0.25,Y,4,2024-08-03
24,76000,MORTGAGE,9.0,DEBTCONSOLIDATION,D,7000,12.92,1,0.09,N,3,2024-05-28
26,60000,RENT,5.0,HOMEIMPROVEMENT,B,12000,10.65,0,0.2,N,3,2024-02-23
25,76248,MORTGAGE,6.0,DEBTCONSOLIDATION,C,9750,14.27,1,0.13,Y,3,2024-04-30
23,60000,RENT,2.0,DEBTCONSOLIDATION,B,12000,12.69,0,0.2,N,2,2024-07-17
26,82305,MORTGAGE,10.0,DEBTCONSOLIDATION,A,18600,6.99,0,0.23,N,2,2024-08-25
23,60000,RENT,4.0,MEDICAL,A,12000,6.03,0,0.2,N,3,2024-02-12
26,60000,RENT,5.0,DEBTCONSOLIDATION,A,12000,6.62,0,0.2,N,2,2024-11-13
25,60000,RENT,9.0,EDUCATION,A,12000,7.9,0,0.2,N,2,2024-05-22
24,82500,OWN,8.0,VENTURE,A,10000,5.79,0,0.12,N,4,2024-08-04
23,65025,MORTGAGE,7.0,MEDICAL,C,16000,14.35,1,0.21,N,3,2024-07-02
24,60000,RENT,4.0,EDUCATION,A,12000,8.9,0,0.2,N,4,2024-06-01
24,60000,RENT,4.0,EDUCATION,B,12000,9.99,0,0.2,N,4,2024-10-26
24,60000,RENT,1.0,EDUCATION,B,12000,10.99,0,0.2,N,4,2024-08-31
22,82500,MORTGAGE,3.0,MEDICAL,A,14400,9.32,0,0.17,N,3,2024-06-18
22,60000,RENT,2.0,MEDICAL,B,12000,10.37,0,0.2,N,3,2024-12-04
24,60000,RENT,1.0,DEBTCONSOLIDATION,B,12000,10.36,0,0.2,N,3,2024-06-06
26,60000,RENT,7.0,MEDICAL,B,12000,11.013786929274843,0,0.2,N,3,2024-03-05
23,54000,RENT,3.0,DEBTCONSOLIDATION,C,12000,12.98,1,0.22,Y,3,2024-01-15
23,60000,RENT,2.0,EDUCATION,A,12000,11.013786929274843,0,0.2,N,3,2024-07-18
25,60000,RENT,3.0,VENTURE,A,12000,5.42,0,0.2,N,3,2024-09-26
24,82726,MORTGAGE,7.0,EDUCATION,C,20000,11.013786929274843,0,0.24,Y,4,2024-05-05
25,82729,OWN,8.0,VENTURE,A,4800,6.17,0,0.06,N,3,2024-05-19
22,60000,RENT,2.0,EDUCATION,B,12000,10.99,0,0.2,N,2,2024-06-06
26,60000,RENT,1.0,PERSONAL,B,12000,10.62,0,0.2,N,4,2024-12-22
22,83000,MORTGAGE,6.0,DEBTCONSOLIDATION,B,5500,11.99,0,0.07,N,4,2024-12-23
25,60000,RENT,3.0,PERSONAL,C,12000,14.26,0,0.2,N,4,2024-04-06
24,60000,RENT,5.0,MEDICAL,A,12000,9.63,0,0.2,N,2,2024-09-19
25,60000,RENT,9.0,EDUCATION,B,12000,12.21,0,0.2,N,3,2024-01-04
25,83000,MORTGAGE,9.0,HOMEIMPROVEMENT,B,13000,10.99,0,0.16,N,2,2024-04-09
24,83000,MORTGAGE,6.0,HOMEIMPROVEMENT,A,10400,5.79,0,0.13,N,3,2024-03-03
23,83000,MORTGAGE,7.0,DEBTCONSOLIDATION,A,10000,7.66,0,0.12,N,4,2024-03-27
26,83000,MORTGAGE,11.0,DEBTCONSOLIDATION,B,25000,11.013786929274843,0,0.3,N,3,2024-08-06
23,60000,RENT,3.0,PERSONAL,A,12000,9.63,0,0.2,N,2,2024-01-25
24,83000,MORTGAGE,6.0,MEDICAL,A,15000,6.91,0,0.18,N,4,2024-04-15
22,38272,OWN,6.0,MEDICAL,B,4800,9.99,0,0.13,N,2,2024-11-21
23,83000,MORTGAGE,7.0,EDUCATION,B,1500,11.12,0,0.02,N,2,2024-07-09
22,83000,OWN,6.0,DEBTCONSOLIDATION,D,25000,15.95,0,0.3,Y,4,2024-10-04
24,60500,RENT,9.0,EDUCATION,D,12000,16.49,0,0.2,N,2,2024-10-30
26,83000,MORTGAGE,2.0,MEDICAL,B,25000,10.99,0,0.3,N,3,2024-01-31
26,83000,MORTGAGE,1.0,PERSONAL,B,17000,10.25,0,0.2,N,3,2024-02-13
24,61000,RENT,3.0,VENTURE,B,12000,11.013786929274843,0,0.2,N,3,2024-06-08
25,77000,MORTGAGE,1.0,DEBTCONSOLIDATION,F,7200,18.53,1,0.09,N,3,2024-02-12
26,65450,MORTGAGE,3.0,MEDICAL,B,10800,12.21,1,0.14,N,3,2024-10-22
25,61000,RENT,2.0,DEBTCONSOLIDATION,A,12000,7.29,0,0.2,N,3,2024-04-30
23,23500,RENT,4.0,EDUCATION,C,3000,13.23,0,0.13,Y,2,2024-06-25
23,83004,MORTGAGE,7.0,VENTURE,C,3500,12.61,0,0.04,Y,2,2024-01-17
22,83004,MORTGAGE,6.0,EDUCATION,A,24000,7.88,0,0.29,N,2,2024-05-06
24,83004,MORTGAGE,6.0,DEBTCONSOLIDATION,B,25000,11.013786929274843,0,0.3,N,2,2024-02-23
25,83004,MORTGAGE,9.0,PERSONAL,A,5000,6.76,0,0.06,N,4,2024-01-19
22,24000,RENT,3.0,PERSONAL,B,3000,11.013786929274843,0,0.13,N,4,2024-09-19
24,83050,MORTGAGE,5.0,EDUCATION,C,10000,13.49,0,0.12,Y,3,2024-06-12
24,38004,OWN,3.0,EDUCATION,C,3000,13.35,0,0.08,Y,2,2024-04-13
23,83199,MORTGAGE,2.0,DEBTCONSOLIDATION,A,14400,5.42,0,0.17,N,3,2024-09-07
23,83200,MORTGAGE,6.0,EDUCATION,A,4000,7.49,0,0.05,N,4,2024-05-28
23,77200,MORTGAGE,4.0,EDUCATION,C,22000,13.23,1,0.28,N,2,2024-04-20
22,25000,RENT,3.0,EDUCATION,B,3000,12.69,0,0.12,N,3,2024-02-25
25,83400,MORTGAGE,2.0,DEBTCONSOLIDATION,C,10000,13.11,0,0.12,N,3,2024-03-15
25,25000,RENT,3.0,DEBTCONSOLIDATION,B,3000,11.12,0,0.12,N,4,2024-10-16
26,83500,MORTGAGE,3.0,MEDICAL,A,1600,6.76,0,0.02,N,3,2024-08-23
26,83600,MORTGAGE,2.0,HOMEIMPROVEMENT,A,13600,7.66,0,0.16,N,3,2024-10-11
22,83600,OWN,6.0,VENTURE,C,7500,13.11,0,0.09,Y,4,2024-10-30
24,25000,RENT,3.0,MEDICAL,B,3000,10.95,0,0.12,N,2,2024-05-24
24,25000,RENT,3.0,EDUCATION,A,3000,8.32,0,0.12,N,2,2024-06-01
26,83957,MORTGAGE,4.0,MEDICAL,A,3000,8.94,0,0.04,N,3,2024-06-02
26,25200,RENT,1.0,MEDICAL,C,3000,14.35,0,0.12,Y,3,2024-07-28
25,84000,MORTGAGE,4.0,DEBTCONSOLIDATION,A,8500,6.62,0,0.1,N,4,2024-10-03
23,84000,OWN,7.0,EDUCATION,A,17500,8.9,0,0.21,N,3,2024-10-22
23,84000,MORTGAGE,7.0,EDUCATION,A,16000,6.03,0,0.19,N,2,2024-02-05
25,84000,MORTGAGE,9.0,MEDICAL,C,20000,15.27,0,0.24,N,3,2024-06-20
26,84000,MORTGAGE,10.0,PERSONAL,B,7500,12.69,0,0.09,N,3,2024-07-20
24,26400,RENT,7.0,MEDICAL,A,3000,11.013786929274843,0,0.11,N,2,2024-06-12
22,84000,MORTGAGE,6.0,PERSONAL,B,3900,11.71,0,0.05,N,4,2024-07-10
25,26500,RENT,1.0,MEDICAL,B,3000,10.62,0,0.11,N,3,2024-02-05
23,26880,RENT,6.0,DEBTCONSOLIDATION,C,3000,12.23,0,0.11,Y,2,2024-03-19
23,84000,MORTGAGE,5.0,PERSONAL,A,4200,5.42,0,0.05,N,4,2024-12-20
25,84000,MORTGAGE,9.0,VENTURE,B,5000,10.99,0,0.06,N,2,2024-05-16
25,84000,MORTGAGE,7.0,MEDICAL,B,6500,10.99,0,0.08,N,3,2024-09-01
22,27996,RENT,4.0,MEDICAL,A,3000,11.013786929274843,0,0.11,N,2,2024-04-28
22,28000,RENT,4.0,EDUCATION,B,3000,10.59,0,0.11,N,3,2024-12-29
24,28000,RENT,4.0,MEDICAL,B,3000,10.25,0,0.11,N,3,2024-02-21
23,84000,MORTGAGE,7.0,EDUCATION,B,23000,11.99,0,0.27,N,2,2024-07-07
24,84000,MORTGAGE,8.0,EDUCATION,B,18000,9.99,0,0.21,N,2,2024-01-04
22,84000,MORTGAGE,6.0,PERSONAL,B,12000,11.99,0,0.14,N,3,2024-10-11
25,28800,RENT,2.0,DEBTCONSOLIDATION,B,3000,12.42,0,0.1,N,2,2024-01-10
22,84000,MORTGAGE,7.0,DEBTCONSOLIDATION,A,2825,5.99,0,0.03,N,4,2024-06-12
22,84000,MORTGAGE,5.0,PERSONAL,A,10000,11.013786929274843,0,0.12,N,2,2024-05-11
26,84000,MORTGAGE,5.0,EDUCATION,C,21000,13.49,0,0.25,Y,2,2024-06-28
25,28800,RENT,2.0,VENTURE,B,3000,11.12,0,0.1,N,3,2024-05-20
23,84000,MORTGAGE,4.0,DEBTCONSOLIDATION,A,7000,6.92,0,0.08,N,2,2024-04-07
22,84000,MORTGAGE,6.0,DEBTCONSOLIDATION,A,7200,5.79,0,0.09,N,2,2024-11-06
22,84000,MORTGAGE,6.0,DEBTCONSOLIDATION,C,23000,12.68,0,0.27,N,4,2024-09-22
23,30000,RENT,7.0,DEBTCONSOLIDATION,B,3000,12.69,1,0.1,N,4,2024-06-02
25,30000,RENT,9.0,PERSONAL,B,3000,11.71,0,0.1,N,3,2024-12-07
26,30000,RENT,1.0,DEBTCONSOLIDATION,C,3000,13.49,0,0.1,N,4,2024-09-07
25,84000,MORTGAGE,9.0,DEBTCONSOLIDATION,B,4200,9.25,0,0.05,N,4,2024-08-07
24,84000,MORTGAGE,8.0,HOMEIMPROVEMENT,A,8000,7.51,0,0.1,N,2,2024-06-23
22,84000,MORTGAGE,3.0,EDUCATION,A,8000,7.88,0,0.1,N,4,2024-01-17
26,62000,RENT,10.0,VENTURE,B,12000,12.69,0,0.19,N,3,2024-07-07
22,84000,MORTGAGE,3.0,EDUCATION,B,10000,10.38,0,0.12,N,3,2024-11-03
25,84000,MORTGAGE,8.0,VENTURE,B,6000,10.62,0,0.07,N,4,2024-05-04
25,66300,MORTGAGE,9.0,MEDICAL,A,1700,6.76,1,0.02,N,4,2024-10-10
23,62000,RENT,8.0,DEBTCONSOLIDATION,A,12000,5.79,0,0.19,N,2,2024-01-26
23,84000,MORTGAGE,7.0,PERSONAL,B,25000,10.25,0,0.3,N,2,2024-03-23
25,84000,MORTGAGE,4.0,DEBTCONSOLIDATION,A,15000,7.88,0,0.18,N,4,2024-01-11
25,62204,RENT,3.0,VENTURE,D,12000,14.11,0,0.19,Y,2,2024-11-30
25,84000,MORTGAGE,8.0,PERSONAL,B,8500,11.83,0,0.1,N,3,2024-07-15
25,62300,RENT,9.0,MEDICAL,A,12000,7.9,0,0.19,N,4,2024-11-30
23,84000,MORTGAGE,7.0,VENTURE,B,25000,12.53,0,0.3,N,2,2024-03-18
24,84000,OWN,5.0,PERSONAL,B,20000,11.83,0,0.24,N,3,2024-12-23
23,78000,MORTGAGE,1.0,VENTURE,C,8000,12.87,1,0.1,N,2,2024-09-30
26,84000,MORTGAGE,10.0,DEBTCONSOLIDATION,A,3000,9.63,0,0.04,N,3,2024-02-08
26,84000,MORTGAGE,6.0,HOMEIMPROVEMENT,C,2150,13.47,0,0.03,N,2,2024-05-11
24,84000,MORTGAGE,9.0,VENTURE,B,25000,11.26,0,0.3,N,4,2024-06-19
26,62500,RENT,7.0,VENTURE,C,12000,12.23,0,0.19,N,4,2024-03-10
22,84000,MORTGAGE,6.0,DEBTCONSOLIDATION,A,7500,8.63,0,0.09,N,2,2024-04-01
24,63000,RENT,8.0,VENTURE,B,12000,10.65,0,0.19,N,3,2024-02-10
23,84000,MORTGAGE,2.0,EDUCATION,D,20000,12.61,0,0.24,Y,2,2024-02-07
26,84000,MORTGAGE,10.0,PERSONAL,B,4925,9.96,0,0.06,N,3,2024-01-16
25,63000,RENT,1.0,DEBTCONSOLIDATION,C,12000,14.26,0,0.19,N,3,2024-12-19
26,84191,MORTGAGE,5.0,MEDICAL,A,9000,6.62,0,0.11,N,4,2024-11-16
23,63250,RENT,1.0,EDUCATION,B,12000,11.013786929274843,0,0.19,N,2,2024-11-29
22,58000,RENT,3.0,MEDICAL,B,12000,11.013786929274843,1,0.21,N,3,2024-09-23
23,84500,MORTGAGE,3.0,VENTURE,A,10000,7.51,0,0.12,N,4,2024-02-20
24,38000,OWN,2.0,HOMEIMPROVEMENT,C,5000,12.53,0,0.13,N,3,2024-08-10
23,84554,MORTGAGE,3.0,DEBTCONSOLIDATION,A,3600,6.03,0,0.04,N,2,2024-02-15
22,84600,MORTGAGE,4.0,PERSONAL,A,6000,11.013786929274843,0,0.07,N,4,2024-12-24
26,64404,RENT,3.0,EDUCATION,B,12000,11.89,0,0.19,N,2,2024-10-03
22,78700,MORTGAGE,6.0,DEBTCONSOLIDATION,A,7000,7.68,1,0.09,N,3,2024-05-16
26,64500,RENT,1.0,DEBTCONSOLIDATION,B,12000,10.99,0,0.19,N,4,2024-03-23
24,64575,RENT,2.0,PERSONAL,A,12000,7.29,0,0.19,N,4,2024-12-27
24,65000,RENT,5.0,DEBTCONSOLIDATION,A,12000,8.9,0,0.18,N,2,2024-02-23
24,38000,OWN,6.0,MEDICAL,B,1000,10.08,0,0.03,N,4,2024-08-09
26,84996,MORTGAGE,6.0,EDUCATION,C,1500,12.23,0,0.02,N,4,2024-08-09
24,84996,OWN,4.0,PERSONAL,D,8000,15.57,0,0.09,Y,2,2024-10-14
23,84996,MORTGAGE,5.0,PERSONAL,A,14000,11.013786929274843,0,0.16,N,3,2024-04-25
24,59000,RENT,5.0,MEDICAL,D,12000,15.28,1,0.2,Y,2,2024-01-05
26,65000,RENT,3.0,VENTURE,D,12000,11.013786929274843,0,0.18,Y,4,2024-07-16
25,84996,MORTGAGE,3.0,VENTURE,A,3000,11.013786929274843,0,0.04,N,2,2024-12-18
22,65000,RENT,5.0,DEBTCONSOLIDATION,C,12000,11.013786929274843,0,0.18,Y,3,2024-03-23
22,65000,RENT,1.0,EDUCATION,A,12000,8.94,0,0.18,N,4,2024-02-03
22,84996,OTHER,3.0,DEBTCONSOLIDATION,B,15000,11.48,0,0.18,N,2,2024-09-07
23,84996,MORTGAGE,7.0,MEDICAL,B,10000,10.95,0,0.12,N,4,2024-11-16
22,59000,RENT,2.0,DEBTCONSOLIDATION,F,12000,17.58,1,0.2,N,4,2024-11-04
23,84996,MORTGAGE,5.0,MEDICAL,B,5000,10.95,0,0.06,N,3,2024-04-20
26,59000,RENT,1.0,HOMEIMPROVEMENT,D,12000,11.013786929274843,1,0.2,N,4,2024-08-20
22,65400,RENT,1.0,EDUCATION,C,12000,13.06,0,0.18,N,2,2024-11-05
23,66000,RENT,7.0,EDUCATION,C,12000,14.65,0,0.18,Y,2,2024-06-14
23,66000,RENT,2.0,VENTURE,A,12000,11.013786929274843,0,0.18,N,4,2024-12-07
24,62050,MORTGAGE,1.0,MEDICAL,C,5600,14.65,1,0.08,N,4,2024-03-11
26,66000,RENT,3.0,MEDICAL,B,12000,11.83,0,0.18,N,2,2024-08-07
25,67200,RENT,3.0,HOMEIMPROVEMENT,C,12000,13.49,0,0.18,Y,4,2024-06-18
26,68400,RENT,10.0,VENTURE,A,12000,7.29,0,0.18,N,4,2024-05-08
25,85000,MORTGAGE,7.0,EDUCATION,C,12000,14.65,0,0.14,Y,4,2024-07-27
22,68496,RENT,4.0,PERSONAL,D,12000,15.31,0,0.18,Y,3,2024-12-06
25,62500,RENT,2.0,VENTURE,D,12000,16.77,1,0.19,N,2,2024-11-02
24,85000,MORTGAGE,8.0,VENTURE,A,15000,7.9,0,0.18,N,2,2024-02-27
24,69500,RENT,8.0,PERSONAL,B,12000,10.65,0,0.17,N,2,2024-05-31
26,85000,MORTGAGE,10.0,MEDICAL,A,24000,8.9,0,0.28,N,3,2024-12-19
24,85000,MORTGAGE,2.0,DEBTCONSOLIDATION,B,7000,12.69,0,0.08,N,3,2024-01-31
24,85000,OWN,8.0,VENTURE,A,10000,6.62,0,0.12,N,4,2024-11-18
22,69600,RENT,6.0,PERSONAL,A,12000,7.29,0,0.17,N,4,2024-06-30
23,85000,OWN,7.0,PERSONAL,D,14000,16.29,0,0.16,Y,4,2024-11-18
24,70000,RENT,8.0,PERSONAL,B,12000,10.65,0,0.17,N,3,2024-05-08
25,70000,RENT,9.0,VENTURE,A,12000,8.9,0,0.17,N,2,2024-10-31
23,70000,RENT,3.0,VENTURE,A,12000,7.9,0,0.17,N,2,2024-04-21
24,85000,MORTGAGE,4.0,MEDICAL,C,10000,11.013786929274843,0,0.12,N,4,2024-03-10
23,85000,MORTGAGE,4.0,EDUCATION,A,3000,6.03,0,0.04,N,3,2024-12-02
26,70000,RENT,6.0,HOMEIMPROVEMENT,A,12000,6.99,0,0.17,N,3,2024-03-06
22,70000,RENT,3.0,EDUCATION,A,12000,7.29,0,0.17,N,4,2024-08-30
25,70000,RENT,4.0,MEDICAL,B,12000,10.37,0,0.17,N,3,2024-07-23
26,85000,MORTGAGE,1.0,PERSONAL,A,7200,8.9,0,0.08,N,4,2024-11-21
22,73000,MORTGAGE,6.0,HOMEIMPROVEMENT,C,6000,13.49,1,0.08,Y,2,2024-12-12
24,85000,MORTGAGE,8.0,MEDICAL,B,25600,12.69,0,0.3,N,4,2024-10-10
23,85000,MORTGAGE,7.0,EDUCATION,A,14000,6.03,0,0.16,N,4,2024-03-26
25,70000,RENT,6.0,VENTURE,B,12000,12.18,0,0.17,N,3,2024-12-31
22,64000,RENT,7.0,EDUCATION,C,12000,12.87,1,0.19,Y,2,2024-10-14
23,70000,RENT,4.0,MEDICAL,A,12000,11.013786929274843,0,0.17,N,2,2024-02-24
25,85000,MORTGAGE,7.0,PERSONAL,C,5500,13.49,0,0.06,N,3,2024-03-14
24,85000,MORTGAGE,8.0,PERSONAL,A,35000,11.013786929274843,0,0.41,N,2,2024-03-04
22,85000,MORTGAGE,6.0,PERSONAL,A,12500,11.013786929274843,0,0.15,N,2,2024-11-22
26,85000,MORTGAGE,10.0,PERSONAL,A,12000,6.62,0,0.14,N,3,2024-01-29
24,70000,RENT,1.0,VENTURE,B,12000,11.58,0,0.17,N,3,2024-12-31
25,70000,RENT,9.0,EDUCATION,D,12000,13.55,0,0.17,Y,3,2024-10-24
22,55082,RENT,6.0,MEDICAL,F,12000,11.013786929274843,1,0.19,Y,3,2024-06-24
24,71151,RENT,6.0,VENTURE,A,12000,6.62,0,0.17,N,4,2024-10-07
24,85000,MORTGAGE,8.0,VENTURE,C,10000,12.99,0,0.12,Y,4,2024-08-19
26,85000,MORTGAGE,10.0,DEBTCONSOLIDATION,C,4650,13.49,0,0.05,Y,3,2024-05-03
24,85000,MORTGAGE,2.0,PERSONAL,C,7500,13.99,0,0.09,Y,2,2024-02-03
24,72000,RENT,8.0,HOMEIMPROVEMENT,C,12000,13.99,0,0.17,Y,4,2024-02-04
22,72000,RENT,6.0,MEDICAL,C,12000,12.99,0,0.17,Y,3,2024-02-06
24,85000,MORTGAGE,7.0,VENTURE,A,12000,5.99,0,0.14,N,2,2024-04-06
23,85000,MORTGAGE,6.0,EDUCATION,B,10000,10.99,0,0.12,N,2,2024-07-28
22,85000,MORTGAGE,3.0,PERSONAL,A,10000,5.99,0,0.12,N,2,2024-07-09
23,85000,MORTGAGE,1.0,VENTURE,C,21400,13.49,0,0.25,Y,4,2024-02-26
22,72000,RENT,6.0,MEDICAL,B,12000,10.99,0,0.17,N,4,2024-04-05
25,66000,RENT,9.0,PERSONAL,D,12000,16.89,1,0.18,N,2,2024-02-01
24,85000,OWN,2.0,EDUCATION,B,27500,11.99,0,0.32,N,2,2024-06-04
22,85000,MORTGAGE,6.0,VENTURE,C,10000,13.99,0,0.12,Y,4,2024-10-21
23,72000,RENT,7.0,VENTURE,B,12000,9.99,0,0.17,N,3,2024-11-20
26,85000,MORTGAGE,10.0,HOMEIMPROVEMENT,B,11000,11.99,0,0.13,N,4,2024-08-18
24,72000,RENT,8.0,MEDICAL,A,12000,7.88,0,0.17,N,4,2024-08-31
25,85000,MORTGAGE,9.0,DEBTCONSOLIDATION,B,24000,10.99,0,0.28,N,4,2024-05-06
26,85000,MORTGAGE,10.0,EDUCATION,A,4650,8.49,0,0.05,N,2,2024-08-08
25,85000,MORTGAGE,10.0,VENTURE,B,16000,10.99,0,0.19,N,2,2024-04-02
23,72324,RENT,7.0,VENTURE,B,12000,10.99,0,0.17,N,3,2024-04-26
25,85000,MORTGAGE,6.0,DEBTCONSOLIDATION,C,1500,13.06,0,0.02,N,2,2024-10-13
23,85000,MORTGAGE,3.0,EDUCATION,A,7200,6.92,0,0.08,N,4,2024-05-31
25,73000,RENT,1.0,EDUCATION,A,12000,7.49,0,0.16,N,3,2024-04-26
24,85000,OWN,4.0,HOMEIMPROVEMENT,D,6250,14.91,0,0.07,N,2,2024-08-24
25,57424,RENT,2.0,MEDICAL,D,12000,15.31,1,0.18,N,4,2024-07-12
25,74000,RENT,2.0,VENTURE,A,12000,7.88,0,0.16,N,3,2024-11-25
23,85000,MORTGAGE,7.0,EDUCATION,A,4000,5.79,0,0.05,N,3,2024-12-03
24,85000,MORTGAGE,8.0,PERSONAL,A,10400,5.79,0,0.12,N,4,2024-04-28
24,40000,RENT,7.0,PERSONAL,C,3000,11.013786929274843,0,0.07,Y,4,2024-02-13
22,85000,MORTGAGE,6.0,EDUCATION,A,10000,11.013786929274843,0,0.12,N,2,2024-12-18
25,85000,MORTGAGE,9.0,DEBTCONSOLIDATION,A,7350,5.79,0,0.09,N,4,2024-11-21
24,85000,MORTGAGE,2.0,PERSONAL,B,9600,10.37,0,0.11,N,4,2024-06-08
26,41000,RENT,8.0,DEBTCONSOLIDATION,B,3000,12.42,0,0.07,N,3,2024-05-16
25,41000,RENT,3.0,VENTURE,B,3000,11.013786929274843,0,0.07,N,3,2024-11-16
26,85000,MORTGAGE,10.0,VENTURE,C,2200,13.43,0,0.03,N,3,2024-08-03
23,85000,MORTGAGE,3.0,EDUCATION,B,15000,10.0,0,0.18,N,2,2024-04-04
26,73000,MORTGAGE,3.0,HOMEIMPROVEMENT,C,14400,13.8,1,0.2,Y,3,2024-05-01
23,85000,MORTGAGE,2.0,EDUCATION,A,5000,5.42,0,0.06,N,2,2024-09-14
23,41000,RENT,2.0,DEBTCONSOLIDATION,C,3000,11.03,0,0.07,Y,4,2024-05-17
24,85000,MORTGAGE,8.0,EDUCATION,B,20000,11.11,0,0.24,N,4,2024-06-19
22,85000,MORTGAGE,4.0,VENTURE,A,7000,6.91,0,0.08,N,3,2024-11-29
26,73000,MORTGAGE,3.0,DEBTCONSOLIDATION,D,10000,14.09,1,0.14,N,3,2024-12-16
26,41004,RENT,2.0,MEDICAL,B,3000,11.14,0,0.07,N,2,2024-08-05
22,42000,RENT,6.0,DEBTCONSOLIDATION,B,3000,12.69,0,0.07,N,2,2024-03-04
24,73000,MORTGAGE,9.0,EDUCATION,E,25000,16.32,1,0.34,N,2,2024-08-20
23,85000,MORTGAGE,7.0,VENTURE,B,25000,10.36,0,0.29,N,4,2024-07-11
23,42000,RENT,2.0,MEDICAL,A,3000,6.62,0,0.07,N,3,2024-05-12
25,85000,MORTGAGE,6.0,HOMEIMPROVEMENT,A,4000,6.54,0,0.05,N,3,2024-08-19
24,85000,MORTGAGE,4.0,EDUCATION,B,1000,9.99,0,0.01,N,4,2024-03-25
24,85000,MORTGAGE,8.0,MEDICAL,B,25000,10.36,0,0.29,N,3,2024-10-26
22,36000,RENT,6.0,MEDICAL,B,3000,11.49,1,0.08,N,4,2024-11-05
23,85000,MORTGAGE,1.0,VENTURE,B,10000,10.36,0,0.12,N,4,2024-03-19
26,85000,MORTGAGE,3.0,DEBTCONSOLIDATION,B,4000,9.25,0,0.05,N,2,2024-09-22
22,85000,MORTGAGE,4.0,VENTURE,A,12000,6.91,0,0.14,N,3,2024-09-09
22,85000,MORTGAGE,6.0,EDUCATION,C,5000,12.61,0,0.06,N,2,2024-03-20
22,42000,RENT,6.0,PERSONAL,B,3000,11.49,0,0.07,N,2,2024-03-04
22,36000,RENT,1.0,HOMEIMPROVEMENT,B,3000,10.37,1,0.08,N,3,2024-07-06
24,85000,OWN,8.0,VENTURE,A,22000,6.54,0,0.26,N,4,2024-08-22
23,37000,OWN,6.0,MEDICAL,A,1125,5.79,0,0.03,N,3,2024-10-18
25,85000,MORTGAGE,4.0,HOMEIMPROVEMENT,A,5000,6.17,0,0.06,N,2,2024-03-02
23,85000,OWN,4.0,EDUCATION,C,9600,13.61,0,0.11,N,3,2024-11-21
25,62050,MORTGAGE,4.0,MEDICAL,D,5400,15.21,1,0.07,Y,3,2024-11-17
24,85000,MORTGAGE,1.0,DEBTCONSOLIDATION,A,12000,7.88,0,0.14,N,3,2024-10-22
22,85000,MORTGAGE,2.0,VENTURE,A,6000,7.88,0,0.07,N,2,2024-06-15
23,85000,MORTGAGE,6.0,PERSONAL,B,25000,10.75,0,0.29,N,4,2024-01-27
24,85000,MORTGAGE,2.0,PERSONAL,A,8000,11.013786929274843,0,0.09,N,4,2024-05-09
25,37000,OWN,6.0,MEDICAL,B,9000,10.25,0,0.24,N,3,2024-08-25
24,85000,MORTGAGE,4.0,MEDICAL,B,2500,10.38,0,0.03,N,4,2024-07-18
23,85000,MORTGAGE,8.0,DEBTCONSOLIDATION,C,5000,14.35,0,0.06,Y,2,2024-09-01
25,85000,MORTGAGE,7.0,PERSONAL,A,2000,11.013786929274843,0,0.02,N,2,2024-03-14
23,42000,RENT,5.0,EDUCATION,E,3000,17.93,0,0.07,Y,2,2024-06-11
24,85000,MORTGAGE,4.0,MEDICAL,B,7750,11.12,0,0.09,N,4,2024-09-17
25,85000,MORTGAGE,9.0,VENTURE,A,4000,7.88,0,0.05,N,2,2024-03-29
24,85000,MORTGAGE,3.0,HOMEIMPROVEMENT,A,12000,7.51,0,0.14,N,4,2024-09-24
26,42000,RENT,10.0,MEDICAL,B,3000,11.83,0,0.07,N,2,2024-09-30
25,85000,MORTGAGE,5.0,HOMEIMPROVEMENT,C,9600,13.85,0,0.11,Y,4,2024-03-31
23,85000,MORTGAGE,3.0,EDUCATION,A,4000,6.76,0,0.05,N,4,2024-05-15
26,85000,MORTGAGE,1.0,HOMEIMPROVEMENT,C,15000,12.73,0,0.18,Y,4,2024-04-20
23,85000,MORTGAGE,3.0,EDUCATION,C,20000,11.013786929274843,0,0.24,Y,4,2024-02-27
25,85000,MORTGAGE,5.0,VENTURE,B,18000,9.88,0,0.21,N,3,2024-11-27
24,85000,MORTGAGE,2.0,HOMEIMPROVEMENT,B,7500,11.013786929274843,0,0.09,N,2,2024-08-07
23,85000,MORTGAGE,5.0,EDUCATION,A,8000,7.14,0,0.09,N,2,2024-09-13
26,85000,MORTGAGE,8.0,MEDICAL,A,15000,7.88,0,0.18,N,4,2024-05-20
22,42224,RENT,6.0,DEBTCONSOLIDATION,C,3000,13.48,0,0.07,Y,2,2024-01-13
23,85000,OWN,3.0,MEDICAL,D,15000,15.33,0,0.18,Y,2,2024-09-13
25,42264,RENT,3.0,DEBTCONSOLIDATION,B,3000,10.71,0,0.07,N,2,2024-08-23
24,36708,RENT,2.0,HOMEIMPROVEMENT,D,3000,15.33,1,0.08,Y,3,2024-04-15
24,85000,MORTGAGE,4.0,DEBTCONSOLIDATION,B,15000,9.88,0,0.18,N,3,2024-07-29
23,74000,RENT,6.0,MEDICAL,B,12000,12.53,0,0.16,N,4,2024-10-20
25,68500,RENT,4.0,EDUCATION,C,12000,13.16,1,0.18,Y,2,2024-07-21
25,85000,MORTGAGE,9.0,VENTURE,C,7200,13.57,0,0.08,N,3,2024-11-03
22,85000,MORTGAGE,7.0,EDUCATION,A,11700,8.59,0,0.14,N,3,2024-06-10
23,74706,RENT,4.0,DEBTCONSOLIDATION,B,12000,11.58,0,0.16,N,3,2024-07-11
22,85000,MORTGAGE,1.0,EDUCATION,B,18000,12.18,0,0.21,N,4,2024-03-11
23,75000,RENT,3.0,EDUCATION,C,12000,14.27,0,0.16,Y,2,2024-11-15
26,85000,OWN,10.0,EDUCATION,B,10000,12.18,0,0.12,N,2,2024-09-25
23,75000,RENT,4.0,MEDICAL,A,12000,6.03,0,0.16,N,3,2024-01-30
22,75000,RENT,6.0,PERSONAL,C,12000,13.49,0,0.16,N,2,2024-11-16
24,75000,RENT,8.0,PERSONAL,D,12000,11.013786929274843,0,0.16,N,4,2024-08-05
22,75000,RENT,4.0,PERSONAL,B,12000,11.49,0,0.16,N,3,2024-07-29
24,85000,MORTGAGE,1.0,DEBTCONSOLIDATION,A,4400,7.4,0,0.05,N,2,2024-03-08
26,85000,MORTGAGE,2.0,MEDICAL,B,8000,11.14,0,0.09,N,3,2024-09-27
22,75000,RENT,6.0,VENTURE,B,12000,10.74,0,0.16,N,3,2024-05-28
26,75000,RENT,4.0,VENTURE,B,12000,10.37,0,0.16,N,4,2024-08-25
23,69000,RENT,5.0,VENTURE,C,12000,12.68,1,0.17,N,3,2024-10-04
25,85000,MORTGAGE,4.0,VENTURE,C,20000,13.92,0,0.24,N,3,2024-11-23
22,75000,RENT,6.0,VENTURE,A,12000,11.013786929274843,0,0.16,N,3,2024-10-17
24,85000,MORTGAGE,5.0,HOMEIMPROVEMENT,B,12000,11.14,0,0.14,N,3,2024-09-06
22,75000,RENT,6.0,EDUCATION,A,12000,11.013786929274843,0,0.16,N,2,2024-04-03
23,85000,MORTGAGE,7.0,EDUCATION,C,20000,13.22,0,0.24,Y,4,2024-01-16
23,75000,RENT,2.0,PERSONAL,C,12000,12.98,0,0.16,Y,2,2024-02-26
24,75000,RENT,7.0,PERSONAL,C,12000,11.013786929274843,0,0.16,Y,3,2024-01-12
23,73000,OTHER,1.0,PERSONAL,F,25000,17.9,1,0.34,N,2,2024-10-03
25,85000,MORTGAGE,9.0,PERSONAL,A,1000,9.32,0,0.01,N,2,2024-10-11
23,75000,RENT,7.0,PERSONAL,B,12000,12.53,0,0.16,N,3,2024-04-10
22,62050,MORTGAGE,1.0,MEDICAL,D,6000,14.74,1,0.08,N,2,2024-07-30
24,69000,RENT,2.0,DEBTCONSOLIDATION,B,12000,10.2,1,0.17,N,4,2024-12-20
23,85000,MORTGAGE,1.0,PERSONAL,C,15000,12.84,0,0.18,N,3,2024-09-04
22,76000,RENT,4.0,EDUCATION,A,12000,7.9,0,0.16,N,4,2024-04-03
22,85000,MORTGAGE,1.0,MEDICAL,C,25000,12.53,0,0.29,N,4,2024-05-30
26,77000,RENT,2.0,DEBTCONSOLIDATION,B,12000,11.71,0,0.16,N,2,2024-02-09
24,73000,MORTGAGE,8.0,HOMEIMPROVEMENT,C,9325,12.53,1,0.13,N,2,2024-07-20
25,85000,OWN,1.0,HOMEIMPROVEMENT,C,5000,13.79,0,0.06,Y,2,2024-10-05
24,77000,RENT,6.0,MEDICAL,B,12000,11.49,0,0.16,N,4,2024-07-26
26,78000,RENT,4.0,DEBTCONSOLIDATION,A,12000,7.14,0,0.15,N,2,2024-01-31
25,78000,RENT,6.0,HOMEIMPROVEMENT,B,12000,12.53,0,0.15,N,2,2024-05-19
25,78500,RENT,2.0,MEDICAL,B,12000,10.99,0,0.15,N,2,2024-03-21
26,85000,MORTGAGE,10.0,HOMEIMPROVEMENT,C,4800,11.59,0,0.06,Y,2,2024-01-02
25,85000,MORTGAGE,5.0,DEBTCONSOLIDATION,C,7500,11.03,0,0.09,Y,3,2024-01-06
23,85000,MORTGAGE,7.0,DEBTCONSOLIDATION,A,7000,8.63,0,0.08,N,2,2024-11-26
23,73500,RENT,1.0,VENTURE,C,12000,12.99,1,0.16,N,2,2024-09-05
24,80000,RENT,5.0,VENTURE,B,12000,9.91,0,0.15,N,2,2024-12-22
23,85000,MORTGAGE,6.0,EDUCATION,D,9000,12.36,0,0.11,Y,2,2024-02-13
25,73000,MORTGAGE,8.0,PERSONAL,D,20000,13.12,1,0.27,Y,4,2024-11-08
26,85000,MORTGAGE,8.0,EDUCATION,D,8500,11.013786929274843,0,0.1,N,4,2024-07-18
23,85000,MORTGAGE,7.0,EDUCATION,A,5275,7.43,0,0.06,N,3,2024-12-14
24,80000,RENT,5.0,MEDICAL,B,12000,12.69,0,0.15,N,2,2024-05-10
26,73008,MORTGAGE,4.0,DEBTCONSOLIDATION,E,15000,15.68,1,0.21,Y,3,2024-04-14
25,85100,MORTGAGE,9.0,PERSONAL,A,4500,6.39,0,0.05,N,3,2024-05-30
26,85200,MORTGAGE,10.0,HOMEIMPROVEMENT,A,8000,6.03,0,0.09,N,4,2024-11-14
22,80000,RENT,2.0,EDUCATION,B,12000,11.71,0,0.15,N,4,2024-01-17
25,73248,MORTGAGE,5.0,HOMEIMPROVEMENT,B,12000,11.11,1,0.16,N,4,2024-01-08
23,80000,RENT,5.0,MEDICAL,B,12000,12.42,0,0.15,N,2,2024-02-10
23,80000,RENT,1.0,MEDICAL,A,12000,6.62,0,0.15,N,4,2024-02-05
25,80000,RENT,6.0,EDUCATION,C,12000,12.99,0,0.15,N,3,2024-04-10
24,62900,RENT,8.0,MEDICAL,D,12000,15.62,1,0.16,Y,2,2024-07-26
22,85500,MORTGAGE,3.0,VENTURE,D,18000,11.013786929274843,0,0.21,N,4,2024-12-02
23,80000,RENT,3.0,VENTURE,B,12000,10.59,0,0.15,N,4,2024-05-15
24,85500,MORTGAGE,8.0,EDUCATION,B,20675,10.0,0,0.24,N,2,2024-01-31
24,85500,MORTGAGE,3.0,HOMEIMPROVEMENT,B,12000,11.49,0,0.14,N,4,2024-03-12
23,85596,MORTGAGE,5.0,EDUCATION,B,6000,10.0,0,0.07,N,3,2024-04-01
24,80000,RENT,2.0,PERSONAL,C,12000,13.61,0,0.15,Y,3,2024-02-16
26,85900,MORTGAGE,7.0,EDUCATION,B,20000,11.013786929274843,0,0.23,N,4,2024-07-28
23,62900,RENT,2.0,MEDICAL,D,12000,14.96,1,0.16,N,4,2024-04-30
26,80000,RENT,10.0,VENTURE,B,12000,11.83,0,0.15,N,3,2024-03-21
22,86000,MORTGAGE,4.0,PERSONAL,A,24000,7.51,0,0.28,N,2,2024-06-13
23,86000,MORTGAGE,2.0,PERSONAL,A,15000,6.03,0,0.17,N,2,2024-08-12
23,86000,MORTGAGE,4.0,VENTURE,A,10000,11.013786929274843,0,0.12,N,3,2024-08-17
23,86000,MORTGAGE,5.0,EDUCATION,A,21000,8.9,0,0.24,N,4,2024-03-04
24,80004,RENT,1.0,VENTURE,A,12000,7.29,0,0.15,N,3,2024-11-25
25,80004,RENT,4.0,HOMEIMPROVEMENT,B,12000,10.36,0,0.15,N,3,2024-01-22
22,86000,MORTGAGE,6.0,EDUCATION,B,10000,11.49,0,0.12,N,2,2024-03-02
23,80800,RENT,6.0,PERSONAL,A,12000,8.9,0,0.15,N,3,2024-05-22
23,81000,RENT,5.0,PERSONAL,D,12000,16.29,0,0.15,Y,4,2024-12-25
25,86000,MORTGAGE,10.0,VENTURE,A,13000,8.49,0,0.15,N,4,2024-04-24
24,36000,OWN,4.0,PERSONAL,C,5000,13.49,0,0.14,Y,4,2024-08-31
25,86000,MORTGAGE,3.0,EDUCATION,A,8000,7.29,0,0.09,N,2,2024-01-24
22,82000,RENT,6.0,EDUCATION,D,12000,13.55,0,0.15,N,4,2024-11-30
24,86000,MORTGAGE,8.0,EDUCATION,A,15000,5.79,0,0.17,N,3,2024-11-20
26,86000,MORTGAGE,10.0,VENTURE,B,5000,11.12,0,0.06,N,2,2024-03-29
24,86000,MORTGAGE,8.0,HOMEIMPROVEMENT,B,16000,11.12,0,0.19,N,3,2024-09-02
25,82560,RENT,1.0,EDUCATION,B,12000,10.99,0,0.15,N,3,2024-08-30
26,86000,MORTGAGE,11.0,DEBTCONSOLIDATION,B,9250,11.12,0,0.11,N,4,2024-03-07
26,82700,RENT,3.0,HOMEIMPROVEMENT,A,12000,6.91,0,0.15,N,4,2024-06-26
22,86000,MORTGAGE,6.0,EDUCATION,B,25000,11.83,0,0.29,N,4,2024-09-06
22,86000,MORTGAGE,6.0,DEBTCONSOLIDATION,A,10000,8.94,0,0.12,N,4,2024-09-09
26,86000,MORTGAGE,4.0,VENTURE,C,16000,14.26,0,0.19,N,4,2024-12-15
23,86000,MORTGAGE,4.0,MEDICAL,B,25000,11.013786929274843,0,0.29,N,3,2024-03-22
22,83000,RENT,6.0,DEBTCONSOLIDATION,B,12000,11.71,0,0.14,N,4,2024-10-09
26,83000,RENT,1.0,DEBTCONSOLIDATION,B,12000,9.99,0,0.14,N,3,2024-12-01
24,62900,MORTGAGE,8.0,MEDICAL,F,14000,17.58,1,0.19,N,4,2024-09-28
23,86000,MORTGAGE,5.0,PERSONAL,B,16000,12.21,0,0.19,N,3,2024-08-03
24,83004,RENT,4.0,PERSONAL,C,12000,13.23,0,0.14,Y,3,2024-09-02
24,86000,MORTGAGE,3.0,VENTURE,C,15000,13.16,0,0.17,N,3,2024-05-13
25,62903,MORTGAGE,9.0,MEDICAL,B,3000,10.65,1,0.04,N,2,2024-09-08
24,74004,MORTGAGE,8.0,DEBTCONSOLIDATION,D,8000,15.21,1,0.11,N,3,2024-02-05
26,84000,RENT,10.0,EDUCATION,B,12000,11.013786929274843,0,0.14,N,2,2024-01-20
24,84000,RENT,1.0,PERSONAL,A,12000,6.91,0,0.14,N,2,2024-02-07
23,78000,RENT,1.0,HOMEIMPROVEMENT,D,12000,14.96,1,0.15,N,4,2024-06-04
23,86250,MORTGAGE,5.0,VENTURE,A,20000,6.91,0,0.23,N,2,2024-05-22
24,86376,MORTGAGE,2.0,MEDICAL,A,20000,7.29,0,0.23,N,3,2024-11-11
24,86400,MORTGAGE,8.0,PERSONAL,C,16200,11.013786929274843,0,0.19,N,4,2024-10-01
22,78996,RENT,1.0,DEBTCONSOLIDATION,D,12000,15.95,1,0.15,Y,3,2024-04-18
25,85000,RENT,5.0,DEBTCONSOLIDATION,B,12000,12.42,0,0.14,N,4,2024-04-25
23,74400,MORTGAGE,3.0,HOMEIMPROVEMENT,A,9000,7.66,1,0.12,N,2,2024-04-11
24,86400,MORTGAGE,2.0,DEBTCONSOLIDATION,A,12200,7.29,0,0.14,N,3,2024-11-25
22,86400,MORTGAGE,6.0,PERSONAL,C,24000,13.85,0,0.28,N,2,2024-05-30
23,86500,MORTGAGE,7.0,VENTURE,A,14000,7.29,0,0.16,N,3,2024-10-05
26,86604,MORTGAGE,5.0,HOMEIMPROVEMENT,A,4300,7.66,0,0.05,N,2,2024-02-08
24,86610,MORTGAGE,7.0,EDUCATION,C,8750,12.72,0,0.1,Y,2,2024-05-17
23,86670,MORTGAGE,4.0,PERSONAL,B,20000,12.53,0,0.23,N,2,2024-01-10
25,85000,RENT,1.0,EDUCATION,A,12000,11.013786929274843,0,0.14,N,2,2024-02-17
23,86748,MORTGAGE,2.0,PERSONAL,A,10000,8.49,0,0.12,N,4,2024-12-29
24,87000,MORTGAGE,6.0,PERSONAL,B,6000,10.65,0,0.07,N,4,2024-05-05
24,87000,MORTGAGE,1.0,VENTURE,A,4000,6.03,0,0.05,N,2,2024-05-02
24,63750,MORTGAGE,8.0,MEDICAL,D,35000,11.013786929274843,1,0.47,N,3,2024-08-27
23,87000,MORTGAGE,7.0,MEDICAL,A,17000,7.51,0,0.2,N,3,2024-11-14
23,85000,RENT,3.0,MEDICAL,A,12000,11.013786929274843,0,0.14,N,2,2024-02-10
22,75000,MORTGAGE,6.0,PERSONAL,D,8000,15.99,1,0.11,N,4,2024-09-01
23,87000,MORTGAGE,7.0,EDUCATION,A,8000,5.99,0,0.09,N,4,2024-09-26
25,73000,RENT,2.0,VENTURE,E,12000,11.013786929274843,1,0.16,N,2,2024-10-26
22,87000,MORTGAGE,7.0,DEBTCONSOLIDATION,A,1750,7.49,0,0.02,N,4,2024-11-21
23,75000,MORTGAGE,7.0,PERSONAL,A,8000,7.49,1,0.11,N,4,2024-02-26
24,87000,MORTGAGE,7.0,VENTURE,B,15000,11.013786929274843,0,0.17,N,2,2024-05-28
26,87000,MORTGAGE,10.0,DEBTCONSOLIDATION,B,10000,9.99,0,0.11,N,3,2024-12-08
22,87000,MORTGAGE,6.0,PERSONAL,A,11200,8.49,0,0.13,N,4,2024-04-13
22,85000,RENT,1.0,EDUCATION,C,12000,12.84,0,0.14,Y,4,2024-04-17
23,85000,RENT,1.0,MEDICAL,A,12000,9.63,0,0.14,N,2,2024-02-29
23,85000,RENT,2.0,VENTURE,C,12000,13.16,0,0.14,Y,4,2024-02-13
23,87000,MORTGAGE,5.0,EDUCATION,A,10000,7.29,0,0.11,N,4,2024-11-25
24,86000,RENT,1.0,HOMEIMPROVEMENT,B,12000,10.65,0,0.14,N,3,2024-02-22
24,87000,MORTGAGE,5.0,MEDICAL,B,10000,10.36,0,0.11,N,3,2024-03-05
25,87000,MORTGAGE,10.0,HOMEIMPROVEMENT,A,7000,7.51,0,0.08,N,4,2024-07-19
23,87000,MORTGAGE,5.0,DEBTCONSOLIDATION,C,15000,14.35,0,0.17,N,2,2024-05-24
24,87500,RENT,9.0,DEBTCONSOLIDATION,C,12000,12.68,0,0.14,Y,4,2024-12-06
26,88000,RENT,10.0,PERSONAL,B,12000,12.42,0,0.14,N,2,2024-04-27
22,87000,MORTGAGE,6.0,EDUCATION,B,1500,10.99,0,0.02,N,4,2024-01-11
26,87000,MORTGAGE,9.0,DEBTCONSOLIDATION,C,25000,12.73,0,0.29,N,2,2024-09-30
24,87000,MORTGAGE,7.0,HOMEIMPROVEMENT,B,25000,10.99,0,0.29,N,2,2024-10-12
22,36000,OWN,6.0,EDUCATION,B,14500,10.99,0,0.4,N,3,2024-03-24
23,87000,MORTGAGE,2.0,PERSONAL,D,25000,14.96,0,0.29,Y,2,2024-01-09
23,63750,MORTGAGE,2.0,MEDICAL,C,15000,12.87,1,0.2,N,4,2024-06-17
25,87000,OWN,5.0,EDUCATION,D,5500,14.61,0,0.06,N,2,2024-07-03
22,87000,OWN,4.0,EDUCATION,A,10000,8.59,0,0.11,N,3,2024-08-31
25,87000,MORTGAGE,4.0,MEDICAL,B,13000,11.26,0,0.15,N,3,2024-12-25
23,87000,MORTGAGE,4.0,EDUCATION,C,10000,11.013786929274843,0,0.11,N,4,2024-03-03
26,87000,MORTGAGE,10.0,VENTURE,B,1000,11.89,0,0.01,N,3,2024-11-09
24,90000,RENT,4.0,PERSONAL,B,12000,9.91,0,0.13,N,2,2024-09-11
23,87000,MORTGAGE,7.0,EDUCATION,A,3500,9.32,0,0.04,N,3,2024-01-21
26,87000,MORTGAGE,1.0,HOMEIMPROVEMENT,D,15000,14.74,0,0.17,Y,3,2024-11-29
26,90000,RENT,4.0,EDUCATION,A,12000,11.013786929274843,0,0.13,N,3,2024-10-28
24,87278,MORTGAGE,3.0,VENTURE,A,12000,5.42,0,0.14,N,2,2024-06-11
26,87292,MORTGAGE,5.0,MEDICAL,A,9600,5.99,0,0.11,N,4,2024-11-23
22,90000,RENT,6.0,PERSONAL,B,12000,12.42,0,0.13,N,4,2024-04-14
23,36000,OWN,7.0,VENTURE,D,8000,15.65,0,0.22,N,4,2024-06-06
22,90000,RENT,7.0,VENTURE,A,12000,5.79,0,0.13,N,2,2024-10-01
22,90000,RENT,6.0,VENTURE,B,12000,11.013786929274843,0,0.13,N,4,2024-12-06
24,87500,MORTGAGE,8.0,MEDICAL,A,10000,6.17,0,0.11,N,4,2024-12-25
23,87500,MORTGAGE,2.0,PERSONAL,B,1600,9.88,0,0.02,N,2,2024-10-16
26,87500,OTHER,3.0,VENTURE,D,7500,15.05,0,0.09,Y,2,2024-01-26
24,87504,OWN,9.0,VENTURE,B,7000,8.88,0,0.08,N,3,2024-12-29
24,87550,MORTGAGE,5.0,EDUCATION,B,3600,11.86,0,0.04,N,4,2024-10-22
24,87600,MORTGAGE,8.0,VENTURE,C,10000,13.49,0,0.11,Y,3,2024-09-06
24,87600,MORTGAGE,8.0,EDUCATION,A,3000,5.99,0,0.03,N,2,2024-10-15
23,87600,MORTGAGE,7.0,MEDICAL,C,20000,13.35,0,0.23,Y,4,2024-08-20
24,87663,MORTGAGE,5.0,HOMEIMPROVEMENT,B,14400,11.013786929274843,0,0.16,N,2,2024-03-19
24,87700,MORTGAGE,8.0,HOMEIMPROVEMENT,B,25000,10.25,0,0.29,N,4,2024-09-20
26,87800,MORTGAGE,5.0,EDUCATION,A,12000,5.79,0,0.14,N,4,2024-03-08
24,87996,MORTGAGE,1.0,PERSONAL,B,7000,11.99,0,0.08,N,4,2024-11-26
26,87996,MORTGAGE,3.0,DEBTCONSOLIDATION,A,8000,6.91,0,0.09,N,3,2024-07-02
22,90000,RENT,3.0,DEBTCONSOLIDATION,A,12000,8.94,0,0.13,N,3,2024-03-03
25,90000,RENT,2.0,HOMEIMPROVEMENT,B,12000,11.48,0,0.13,N,3,2024-08-02
22,88000,MORTGAGE,6.0,PERSONAL,B,16000,11.71,0,0.18,N,3,2024-11-28
24,88000,MORTGAGE,4.0,MEDICAL,B,6000,9.91,0,0.07,N,2,2024-03-22
23,88000,MORTGAGE,7.0,MEDICAL,C,12000,11.013786929274843,0,0.14,Y,2,2024-01-17
23,88000,MORTGAGE,7.0,VENTURE,A,12475,6.03,0,0.14,N,4,2024-12-27
23,88000,MORTGAGE,3.0,VENTURE,A,2700,7.9,0,0.03,N,4,2024-01-01
23,88000,MORTGAGE,1.0,VENTURE,B,15000,12.42,0,0.17,N,2,2024-12-02
23,91392,RENT,7.0,DEBTCONSOLIDATION,A,12000,5.42,0,0.13,N,3,2024-03-11
24,88000,MORTGAGE,2.0,PERSONAL,A,8000,5.99,0,0.09,N,4,2024-12-15
25,92000,RENT,5.0,HOMEIMPROVEMENT,C,12000,13.43,0,0.13,N,3,2024-12-09
24,76000,MORTGAGE,3.0,VENTURE,C,12000,11.013786929274843,1,0.16,Y,4,2024-07-08
24,92004,RENT,8.0,VENTURE,D,12000,14.46,0,0.13,Y,2,2024-03-02
24,92341,RENT,9.0,HOMEIMPROVEMENT,A,12000,7.51,0,0.13,N,3,2024-01-30
22,88000,MORTGAGE,6.0,EDUCATION,B,5000,11.11,0,0.06,N,4,2024-10-22
26,92500,RENT,3.0,DEBTCONSOLIDATION,B,12000,11.71,0,0.13,N,3,2024-03-05
23,88000,MORTGAGE,7.0,MEDICAL,C,18150,12.68,0,0.21,N,2,2024-01-24
25,93000,RENT,3.0,EDUCATION,B,12000,11.013786929274843,0,0.13,N,3,2024-03-19
24,88000,MORTGAGE,8.0,HOMEIMPROVEMENT,D,25000,14.54,0,0.28,N,2,2024-12-25
26,88000,MORTGAGE,10.0,HOMEIMPROVEMENT,A,3800,6.54,0,0.04,N,2,2024-05-27
24,94992,RENT,1.0,EDUCATION,B,12000,11.89,0,0.13,N,4,2024-06-21
23,83000,RENT,2.0,DEBTCONSOLIDATION,D,12000,17.27,1,0.14,Y,4,2024-06-21
26,88000,MORTGAGE,10.0,EDUCATION,A,10000,7.88,0,0.11,N,2,2024-09-10
23,95000,RENT,6.0,DEBTCONSOLIDATION,B,12000,11.71,0,0.13,N,3,2024-08-12
23,88000,MORTGAGE,8.0,EDUCATION,A,10000,7.51,0,0.11,N,2,2024-07-13
23,95000,RENT,4.0,EDUCATION,B,12000,9.63,0,0.13,N,4,2024-09-26
23,88000,MORTGAGE,7.0,MEDICAL,A,10000,8.94,0,0.11,N,2,2024-10-20
24,95000,RENT,3.0,PERSONAL,A,12000,7.88,0,0.13,N,3,2024-11-06
25,88000,MORTGAGE,7.0,MEDICAL,B,11000,11.14,0,0.13,N,4,2024-10-15
22,70550,RENT,4.0,MEDICAL,E,12000,15.68,1,0.14,N,3,2024-04-29
25,96000,RENT,1.0,HOMEIMPROVEMENT,B,12000,9.99,0,0.13,N,4,2024-07-18
25,96000,RENT,3.0,VENTURE,B,12000,11.99,0,0.13,N,3,2024-08-26
23,88000,MORTGAGE,2.0,MEDICAL,C,6625,11.22,0,0.08,Y,3,2024-02-25
22,96000,RENT,3.0,DEBTCONSOLIDATION,C,12000,13.61,0,0.13,Y,3,2024-06-08
25,88140,MORTGAGE,5.0,EDUCATION,C,15000,13.49,0,0.17,Y,3,2024-12-18
26,88200,MORTGAGE,9.0,HOMEIMPROVEMENT,B,3000,10.59,0,0.03,N,4,2024-07-09
22,88200,MORTGAGE,6.0,DEBTCONSOLIDATION,A,21000,6.17,0,0.24,N,2,2024-05-15
22,88200,MORTGAGE,1.0,VENTURE,D,19000,14.61,0,0.22,Y,3,2024-05-15
23,76268,MORTGAGE,7.0,DEBTCONSOLIDATION,B,15000,11.89,1,0.2,N,2,2024-02-28
24,88494,OWN,8.0,MEDICAL,B,24000,11.013786929274843,0,0.27,N,2,2024-01-11
23,88500,MORTGAGE,2.0,EDUCATION,C,5000,13.99,0,0.06,N,4,2024-11-09
23,88500,MORTGAGE,3.0,EDUCATION,A,12000,7.51,0,0.14,N,4,2024-10-04
24,100000,RENT,5.0,HOMEIMPROVEMENT,A,12000,7.9,0,0.12,N,2,2024-03-04
26,88500,MORTGAGE,10.0,EDUCATION,A,10000,8.59,0,0.11,N,4,2024-12-02
25,100000,RENT,3.0,VENTURE,B,12000,9.91,0,0.12,N,3,2024-10-24
22,88512,MORTGAGE,6.0,PERSONAL,A,3000,5.79,0,0.03,N,3,2024-05-20
24,88560,MORTGAGE,7.0,PERSONAL,B,10000,11.49,0,0.11,N,4,2024-10-28
22,88620,MORTGAGE,6.0,DEBTCONSOLIDATION,A,24000,6.62,0,0.27,N,3,2024-12-29
25,88668,MORTGAGE,2.0,MEDICAL,A,3000,6.62,0,0.03,N,2,2024-10-14
26,88800,MORTGAGE,10.0,MEDICAL,B,10000,11.36,0,0.11,N,3,2024-03-22
25,76800,MORTGAGE,9.0,DEBTCONSOLIDATION,D,15000,14.96,1,0.2,N,2,2024-10-03
22,88812,MORTGAGE,6.0,EDUCATION,D,29000,15.65,0,0.33,N,2,2024-02-08
22,88824,MORTGAGE,6.0,DEBTCONSOLIDATION,A,12600,7.66,0,0.14,N,3,2024-09-18
26,88900,MORTGAGE,9.0,MEDICAL,C,19200,14.65,0,0.22,N,4,2024-05-22
26,88900,OWN,2.0,MEDICAL,B,5000,11.83,0,0.06,N,4,2024-08-07
24,65450,MORTGAGE,8.0,MEDICAL,D,5000,16.77,1,0.06,N,4,2024-02-14
24,89000,OWN,7.0,HOMEIMPROVEMENT,D,15000,17.58,0,0.17,N,4,2024-07-13
23,100000,RENT,1.0,EDUCATION,C,12000,13.57,0,0.12,N,3,2024-05-22
25,89000,MORTGAGE,9.0,MEDICAL,A,14000,7.49,0,0.16,N,2,2024-01-22
25,78200,RENT,9.0,MEDICAL,E,12000,16.4,1,0.13,N,4,2024-11-24
22,89000,MORTGAGE,6.0,VENTURE,B,20000,10.99,0,0.22,N,4,2024-03-26
26,104000,RENT,3.0,PERSONAL,B,12000,12.21,0,0.12,N,3,2024-03-17
25,77000,MORTGAGE,9.0,HOMEIMPROVEMENT,D,14500,15.95,1,0.19,Y,2,2024-03-25
26,89000,MORTGAGE,10.0,HOMEIMPROVEMENT,B,8000,10.99,0,0.09,N,2,2024-09-29
24,89000,MORTGAGE,8.0,MEDICAL,C,25000,13.11,0,0.28,Y,3,2024-05-10
24,110000,RENT,5.0,PERSONAL,A,12000,7.9,0,0.11,N,2,2024-02-25
22,89000,MORTGAGE,6.0,PERSONAL,C,16000,13.22,0,0.18,N,4,2024-06-04
25,110000,RENT,8.0,HOMEIMPROVEMENT,C,12000,12.23,0,0.11,Y,2,2024-07-18
26,110000,RENT,2.0,HOMEIMPROVEMENT,A,12000,7.88,0,0.11,N,2,2024-12-24
26,110000,RENT,4.0,VENTURE,B,12000,11.013786929274843,0,0.11,N,2,2024-08-06
25,89016,MORTGAGE,9.0,MEDICAL,A,4500,11.013786929274843,0,0.05,N,3,2024-05-11
26,89018,MORTGAGE,7.0,EDUCATION,C,5800,11.97,0,0.07,Y,2,2024-09-18
26,112000,RENT,1.0,EDUCATION,C,12000,13.49,0,0.11,Y,4,2024-07-30
23,89204,MORTGAGE,5.0,EDUCATION,A,18000,7.9,0,0.2,N,4,2024-09-09
24,113000,RENT,4.0,DEBTCONSOLIDATION,A,12000,7.49,0,0.11,N,2,2024-06-08
22,89440,MORTGAGE,6.0,VENTURE,A,8000,5.79,0,0.09,N,4,2024-07-14
26,115000,RENT,3.0,VENTURE,B,12000,10.99,0,0.1,N,3,2024-10-27
24,115000,RENT,8.0,EDUCATION,A,12000,6.54,0,0.1,N,3,2024-04-14
22,119000,RENT,2.0,DEBTCONSOLIDATION,B,12000,10.36,0,0.1,N,2,2024-02-29
23,120000,RENT,7.0,EDUCATION,B,12000,11.71,0,0.1,N,4,2024-05-22
25,120000,RENT,1.0,VENTURE,A,12000,11.013786929274843,0,0.1,N,4,2024-03-30
25,89796,MORTGAGE,2.0,VENTURE,B,9000,11.11,0,0.1,N,4,2024-04-19
22,89800,MORTGAGE,6.0,DEBTCONSOLIDATION,B,20000,12.53,0,0.22,N,2,2024-03-15
24,78000,MORTGAGE,8.0,VENTURE,C,24000,15.96,1,0.31,N,4,2024-09-14
25,120000,RENT,3.0,PERSONAL,B,12000,9.01,0,0.1,N,2,2024-04-20
25,123144,RENT,2.0,MEDICAL,B,12000,10.75,0,0.1,N,2,2024-06-18
23,90000,MORTGAGE,4.0,PERSONAL,C,20000,14.65,0,0.22,Y,3,2024-01-08
26,125000,RENT,3.0,MEDICAL,A,12000,6.99,0,0.1,N,4,2024-02-03
22,36000,OWN,2.0,EDUCATION,B,14000,11.26,0,0.39,N,4,2024-05-19
23,113000,RENT,1.0,PERSONAL,D,12000,15.28,1,0.11,Y,3,2024-10-30
24,66300,MORTGAGE,6.0,MEDICAL,E,30000,19.42,1,0.38,N,3,2024-07-17
23,36000,OWN,2.0,MEDICAL,C,12000,12.53,0,0.33,N,2,2024-05-13
25,90000,MORTGAGE,9.0,EDUCATION,A,7750,7.51,0,0.09,N,4,2024-03-22
23,90000,MORTGAGE,7.0,DEBTCONSOLIDATION,B,4000,10.65,0,0.04,N,3,2024-08-22
25,90000,MORTGAGE,2.0,MEDICAL,B,15000,12.42,0,0.17,N,2,2024-06-05
23,127500,RENT,8.0,VENTURE,B,12000,10.37,0,0.09,N,4,2024-11-09
23,90000,MORTGAGE,8.0,DEBTCONSOLIDATION,B,3600,12.69,0,0.04,N,3,2024-06-11
22,90000,MORTGAGE,6.0,PERSONAL,A,14300,6.03,0,0.16,N,4,2024-03-19
26,78000,MORTGAGE,10.0,EDUCATION,B,14000,9.91,1,0.18,N,4,2024-08-08
24,90000,MORTGAGE,7.0,EDUCATION,B,35000,10.65,0,0.39,N,3,2024-10-20
25,36000,OWN,10.0,EDUCATION,B,11200,9.76,0,0.31,N,4,2024-07-30
25,90000,MORTGAGE,2.0,MEDICAL,B,9500,11.71,0,0.11,N,4,2024-05-31
26,130000,RENT,5.0,EDUCATION,C,12000,14.22,0,0.09,Y,2,2024-10-19
25,90000,MORTGAGE,9.0,HOMEIMPROVEMENT,B,18000,9.91,0,0.2,N,2,2024-12-20
26,136000,RENT,2.0,PERSONAL,C,12000,14.72,0,0.09,Y,2,2024-08-29
22,78000,MORTGAGE,6.0,HOMEIMPROVEMENT,D,25000,16.77,1,0.32,N,2,2024-07-21
23,140000,RENT,5.0,DEBTCONSOLIDATION,B,12000,11.12,0,0.09,N,3,2024-10-25
22,36000,OWN,4.0,EDUCATION,A,3250,7.75,0,0.09,N,4,2024-04-16
25,90000,MORTGAGE,9.0,PERSONAL,A,3600,7.9,0,0.04,N,2,2024-02-16
26,150000,RENT,3.0,PERSONAL,A,12000,7.9,0,0.08,N,3,2024-07-23
24,90000,MORTGAGE,3.0,VENTURE,A,12000,7.51,0,0.13,N,3,2024-04-04
23,90000,MORTGAGE,5.0,PERSONAL,A,15000,6.03,0,0.17,N,3,2024-08-17
24,90000,MORTGAGE,8.0,PERSONAL,B,8000,9.91,0,0.09,N,4,2024-11-12
23,90000,MORTGAGE,6.0,DEBTCONSOLIDATION,A,12000,11.013786929274843,0,0.13,N,3,2024-01-30
24,35556,OWN,9.0,EDUCATION,A,13000,5.79,0,0.37,N,2,2024-02-26
22,90000,MORTGAGE,6.0,EDUCATION,A,16000,6.03,0,0.18,N,4,2024-03-27
23,170000,RENT,7.0,EDUCATION,B,12000,11.11,0,0.07,N,2,2024-03-15
24,90000,MORTGAGE,4.0,VENTURE,A,20000,7.9,0,0.22,N,3,2024-07-04
25,66300,MORTGAGE,6.0,MEDICAL,C,20000,15.27,1,0.26,N,4,2024-06-18
25,225000,RENT,9.0,EDUCATION,D,12000,16.49,0,0.05,N,2,2024-10-20
23,90000,OWN,7.0,MEDICAL,A,35000,8.9,0,0.39,N,4,2024-08-29
24,90000,MORTGAGE,8.0,HOMEIMPROVEMENT,A,4300,7.9,0,0.05,N,4,2024-10-04
22,90000,MORTGAGE,2.0,MEDICAL,B,7000,11.013786929274843,0,0.08,N,2,2024-10-03
23,35482,OWN,7.0,VENTURE,D,7000,14.74,0,0.2,N,4,2024-08-09
23,90000,MORTGAGE,7.0,MEDICAL,B,21000,12.42,0,0.23,N,2,2024-01-24
25,35412,OWN,3.0,PERSONAL,B,5000,11.013786929274843,0,0.14,N,4,2024-10-22
22,35400,OWN,6.0,EDUCATION,A,8000,6.03,0,0.23,N,2,2024-05-09
26,105000,RENT,1.0,HOMEIMPROVEMENT,B,12100,11.013786929274843,0,0.12,N,2,2024-09-25
24,42000,RENT,9.0,DEBTCONSOLIDATION,A,12125,11.013786929274843,0,0.29,N,3,2024-03-01
26,90000,MORTGAGE,5.0,EDUCATION,A,8000,5.42,0,0.09,N,3,2024-04-25
23,66300,MORTGAGE,6.0,MEDICAL,B,14000,11.013786929274843,1,0.18,N,3,2024-12-01
22,90000,MORTGAGE,6.0,PERSONAL,A,6400,5.99,0,0.07,N,2,2024-10-25
24,90000,MORTGAGE,1.0,MEDICAL,B,15000,9.99,0,0.17,N,4,2024-07-21
22,36000,RENT,1.0,PERSONAL,B,12200,11.49,1,0.34,N,3,2024-08-12
25,90000,MORTGAGE,9.0,MEDICAL,A,6000,6.99,0,0.07,N,3,2024-01-26
23,24000,RENT,4.0,EDUCATION,C,12250,13.16,1,0.51,Y,4,2024-06-27
23,25960,RENT,1.0,VENTURE,B,12250,10.37,1,0.47,N,4,2024-05-07
26,90000,MORTGAGE,10.0,PERSONAL,B,13000,10.59,0,0.14,N,3,2024-01-12
24,26000,RENT,1.0,MEDICAL,B,12250,11.49,1,0.47,N,2,2024-02-10
24,28800,RENT,5.0,MEDICAL,B,12250,9.99,1,0.43,N,4,2024-04-28
23,90000,MORTGAGE,7.0,PERSONAL,A,22000,6.99,0,0.24,N,4,2024-06-23
23,90000,MORTGAGE,7.0,VENTURE,A,4900,6.99,0,0.05,N,2,2024-08-15
22,90000,MORTGAGE,6.0,EDUCATION,B,12000,10.99,0,0.13,N,2,2024-07-05
26,32000,RENT,4.0,DEBTCONSOLIDATION,A,12250,11.013786929274843,1,0.38,N,2,2024-04-29
25,90000,MORTGAGE,9.0,PERSONAL,A,10000,5.42,0,0.11,N,2,2024-11-08
25,90000,MORTGAGE,4.0,PERSONAL,B,3000,11.49,0,0.03,N,4,2024-01-16
24,90000,MORTGAGE,7.0,MEDICAL,A,15000,8.49,0,0.17,N,3,2024-12-12
25,90000,MORTGAGE,6.0,DEBTCONSOLIDATION,A,15000,8.49,0,0.17,N,2,2024-10-10
23,90000,MORTGAGE,1.0,EDUCATION,A,13675,7.49,0,0.15,N,4,2024-04-23
24,90000,MORTGAGE,8.0,VENTURE,B,7000,10.99,0,0.08,N,3,2024-04-04
23,36000,RENT,4.0,MEDICAL,B,12250,10.74,1,0.34,N,3,2024-12-06
23,36000,RENT,7.0,PERSONAL,B,12250,11.013786929274843,1,0.34,N,3,2024-06-08
25,78000,MORTGAGE,8.0,DEBTCONSOLIDATION,D,6000,15.62,1,0.08,N,3,2024-07-27
25,90000,MORTGAGE,9.0,VENTURE,B,5600,9.99,0,0.06,N,4,2024-06-02
24,50000,RENT,8.0,HOMEIMPROVEMENT,C,12250,14.72,0,0.24,Y,3,2024-09-13
25,45600,RENT,3.0,MEDICAL,D,12250,14.84,1,0.27,N,3,2024-08-20
23,60000,RENT,3.0,EDUCATION,C,12250,10.59,0,0.2,N,3,2024-09-18
23,90000,MORTGAGE,1.0,EDUCATION,A,4000,5.42,0,0.04,N,3,2024-04-26
24,61400,RENT,1.0,VENTURE,C,12250,12.23,0,0.2,N,4,2024-01-31
26,90000,MORTGAGE,10.0,HOMEIMPROVEMENT,B,5175,11.99,0,0.06,N,2,2024-04-27
24,30000,RENT,1.0,EDUCATION,B,12300,10.74,1,0.41,N,2,2024-03-23
23,32004,RENT,3.0,EDUCATION,C,12300,11.013786929274843,1,0.38,Y,3,2024-06-14
23,90000,MORTGAGE,7.0,VENTURE,A,21000,7.49,0,0.23,N,4,2024-02-18
23,39000,RENT,7.0,MEDICAL,A,12300,11.013786929274843,1,0.32,N,2,2024-12-14
25,90000,MORTGAGE,2.0,VENTURE,D,10000,15.28,0,0.11,Y,2,2024-09-16
24,90000,MORTGAGE,8.0,EDUCATION,C,35000,12.68,0,0.39,Y,2,2024-06-22
25,90000,MORTGAGE,4.0,VENTURE,B,10000,10.0,0,0.11,N,2,2024-08-14
26,42000,RENT,6.0,PERSONAL,A,12375,7.51,0,0.29,N,3,2024-03-10
25,42000,RENT,8.0,DEBTCONSOLIDATION,A,12375,7.29,0,0.29,N,4,2024-10-07
25,80000,RENT,2.0,PERSONAL,C,12375,10.91,0,0.15,N,4,2024-03-25
22,34650,RENT,3.0,EDUCATION,A,12400,11.013786929274843,1,0.36,N,4,2024-02-05
24,90000,MORTGAGE,3.0,MEDICAL,A,3000,11.013786929274843,0,0.03,N,4,2024-02-07
23,90000,MORTGAGE,4.0,MEDICAL,B,4800,10.36,0,0.05,N,4,2024-08-17
22,56324,RENT,2.0,EDUCATION,B,12400,10.74,0,0.22,N,4,2024-01-05
22,90000,MORTGAGE,6.0,DEBTCONSOLIDATION,B,9500,11.013786929274843,0,0.11,N,3,2024-10-24
25,36996,RENT,2.0,EDUCATION,E,12450,16.32,1,0.34,N,2,2024-06-19
23,31000,RENT,5.0,DEBTCONSOLIDATION,B,12500,10.65,1,0.4,N,4,2024-04-20
25,90000,MORTGAGE,9.0,EDUCATION,A,20000,6.54,0,0.22,N,3,2024-01-01
26,90000,MORTGAGE,10.0,EDUCATION,A,1000,6.17,0,0.01,N,4,2024-10-16
24,90000,OWN,8.0,MEDICAL,C,12000,13.35,0,0.13,N,3,2024-12-22
23,66300,MORTGAGE,2.0,MEDICAL,D,15000,14.83,1,0.19,N,4,2024-04-03
24,90000,MORTGAGE,8.0,VENTURE,A,6000,5.79,0,0.07,N,4,2024-11-27
23,90000,MORTGAGE,2.0,EDUCATION,A,5000,5.42,0,0.06,N,4,2024-08-15
26,40000,RENT,4.0,EDUCATION,A,12500,6.92,1,0.31,N,2,2024-11-13
22,90000,MORTGAGE,6.0,MEDICAL,B,6000,9.25,0,0.07,N,2,2024-10-10
23,90000,OWN,7.0,MEDICAL,A,8500,5.79,0,0.09,N,4,2024-05-02
23,90000,MORTGAGE,7.0,EDUCATION,B,8000,10.36,0,0.09,N,3,2024-11-10
25,90000,MORTGAGE,5.0,VENTURE,C,10000,12.61,0,0.11,Y,3,2024-12-20
22,90000,MORTGAGE,6.0,VENTURE,B,3500,9.25,0,0.04,N,2,2024-09-01
24,33396,RENT,3.0,PERSONAL,D,2800,16.0,1,0.08,N,3,2024-05-03
22,35000,RENT,5.0,VENTURE,B,2800,10.37,0,0.08,N,4,2024-11-29
26,39000,RENT,5.0,MEDICAL,B,2800,10.0,0,0.07,N,2,2024-01-15
22,40000,RENT,1.0,DEBTCONSOLIDATION,A,2800,7.49,0,0.07,N,4,2024-03-29
24,40000,RENT,8.0,MEDICAL,B,2800,10.25,0,0.07,N,2,2024-02-12
25,90000,MORTGAGE,9.0,MEDICAL,C,15000,13.61,0,0.17,N,3,2024-01-27
24,90000,MORTGAGE,8.0,DEBTCONSOLIDATION,C,19750,13.61,0,0.22,Y,2,2024-01-21
25,90000,MORTGAGE,5.0,DEBTCONSOLIDATION,A,7500,6.76,0,0.08,N,4,2024-08-18
25,90000,MORTGAGE,9.0,MEDICAL,A,6000,11.013786929274843,0,0.07,N,4,2024-05-17
26,36120,RENT,3.0,MEDICAL,C,2800,13.35,1,0.08,N,4,2024-02-25
25,37200,RENT,2.0,HOMEIMPROVEMENT,D,2800,16.29,1,0.08,N,3,2024-04-10
25,90000,MORTGAGE,6.0,PERSONAL,D,8500,15.21,0,0.09,Y,3,2024-04-23
24,90000,MORTGAGE,4.0,VENTURE,B,1700,10.75,0,0.02,N,3,2024-01-19
25,44000,RENT,1.0,EDUCATION,A,2800,6.92,0,0.06,N,3,2024-11-07
22,90000,MORTGAGE,2.0,VENTURE,B,5000,10.75,0,0.06,N,4,2024-06-25
22,45000,RENT,1.0,PERSONAL,C,2800,13.49,0,0.06,Y,2,2024-10-21
22,90000,OWN,6.0,VENTURE,A,7000,7.14,0,0.08,N,4,2024-01-15
22,46800,RENT,5.0,DEBTCONSOLIDATION,B,2800,10.37,0,0.06,N,3,2024-08-26
22,90000,MORTGAGE,3.0,EDUCATION,C,25000,12.73,0,0.28,N,4,2024-04-29
26,35000,OWN,1.0,PERSONAL,A,7500,7.9,0,0.21,N,3,2024-11-20
22,90000,MORTGAGE,6.0,EDUCATION,B,6400,9.88,0,0.07,N,3,2024-09-18
26,90000,MORTGAGE,9.0,DEBTCONSOLIDATION,A,6500,7.14,0,0.07,N,3,2024-02-29
25,90000,MORTGAGE,7.0,PERSONAL,A,6000,7.14,0,0.07,N,3,2024-02-01
24,90000,MORTGAGE,8.0,HOMEIMPROVEMENT,E,24000,17.56,0,0.27,N,3,2024-05-06
24,44000,RENT,5.0,PERSONAL,C,2800,14.17,1,0.06,N,2,2024-05-15
26,50000,RENT,1.0,MEDICAL,C,2800,13.61,0,0.06,Y,3,2024-01-14
23,50000,RENT,4.0,MEDICAL,B,2800,11.86,0,0.06,N,2,2024-07-08
22,90000,MORTGAGE,6.0,EDUCATION,A,10000,7.88,0,0.11,N,3,2024-05-25
26,52582,RENT,3.0,VENTURE,C,2800,13.47,0,0.05,N,4,2024-01-17
22,56000,RENT,4.0,VENTURE,D,2800,15.31,0,0.05,Y,2,2024-04-04
25,90000,MORTGAGE,2.0,PERSONAL,C,20000,11.013786929274843,0,0.22,Y,3,2024-01-10
23,74000,RENT,7.0,VENTURE,D,2800,15.21,1,0.04,Y,2,2024-04-06
23,78000,MORTGAGE,7.0,DEBTCONSOLIDATION,D,15000,15.31,1,0.19,N,4,2024-03-18
24,86400,RENT,5.0,DEBTCONSOLIDATION,C,2800,14.65,0,0.03,Y,4,2024-07-08
25,90000,MORTGAGE,9.0,DEBTCONSOLIDATION,B,15000,12.18,0,0.17,N,2,2024-08-30
23,123000,RENT,4.0,DEBTCONSOLIDATION,C,2800,13.49,0,0.02,Y,3,2024-06-29
25,90000,MORTGAGE,6.0,PERSONAL,A,6000,7.74,0,0.07,N,4,2024-04-25
22,35000,OWN,6.0,EDUCATION,A,18500,7.49,0,0.53,N,3,2024-08-24
23,16800,RENT,2.0,MEDICAL,D,2750,16.77,1,0.16,Y,2,2024-01-18
25,78000,MORTGAGE,4.0,DEBTCONSOLIDATION,B,3000,11.48,1,0.04,N,3,2024-12-31
25,78000,MORTGAGE,9.0,DEBTCONSOLIDATION,D,8000,16.0,1,0.1,N,2,2024-03-20
26,90000,MORTGAGE,3.0,PERSONAL,C,3200,13.22,0,0.04,N,4,2024-08-13
22,90000,MORTGAGE,1.0,EDUCATION,C,2500,13.22,0,0.03,N,2,2024-04-01
26,90000,MORTGAGE,1.0,PERSONAL,B,20000,11.013786929274843,0,0.22,N,3,2024-07-27
23,60000,RENT,7.0,EDUCATION,C,2750,15.23,0,0.05,Y,4,2024-11-20
23,90000,MORTGAGE,1.0,EDUCATION,B,12000,12.18,0,0.13,N,4,2024-07-03
25,90000,OWN,9.0,HOMEIMPROVEMENT,A,10000,8.0,0,0.11,N,4,2024-02-13
24,31200,RENT,4.0,PERSONAL,B,2725,10.74,0,0.09,N,2,2024-05-19
22,90000,MORTGAGE,6.0,EDUCATION,B,20000,11.26,0,0.22,N,2,2024-02-29
23,90000,MORTGAGE,5.0,PERSONAL,B,6000,11.89,0,0.07,N,4,2024-06-28
23,78000,MORTGAGE,4.0,PERSONAL,B,15250,11.013786929274843,1,0.2,N,2,2024-04-16
24,90000,MORTGAGE,8.0,EDUCATION,C,3000,13.79,0,0.03,Y,4,2024-08-15
23,90000,MORTGAGE,1.0,DEBTCONSOLIDATION,C,1500,12.84,0,0.02,N,2,2024-11-20
23,90000,MORTGAGE,1.0,EDUCATION,E,15000,16.32,0,0.17,N,2,2024-08-20
26,78000,MORTGAGE,10.0,EDUCATION,A,10000,9.63,1,0.13,N,4,2024-12-15
25,90000,MORTGAGE,7.0,VENTURE,A,11000,9.32,0,0.12,N,3,2024-02-18
23,24000,RENT,7.0,DEBTCONSOLIDATION,B,2700,10.75,1,0.11,N,2,2024-07-21
25,78000,MORTGAGE,7.0,VENTURE,C,9000,11.78,1,0.12,Y,2,2024-10-10
24,90000,MORTGAGE,4.0,HOMEIMPROVEMENT,A,5000,8.0,0,0.06,N,4,2024-04-12
24,90000,MORTGAGE,1.0,PERSONAL,C,12000,11.013786929274843,0,0.13,Y,4,2024-08-19
24,90000,MORTGAGE,2.0,EDUCATION,B,7500,11.013786929274843,0,0.08,N,3,2024-05-13
23,26000,RENT,3.0,DEBTCONSOLIDATION,A,2700,7.29,0,0.1,N,3,2024-02-29
24,90000,MORTGAGE,8.0,PERSONAL,C,5000,11.34,0,0.06,Y,4,2024-09-29
25,90000,MORTGAGE,3.0,VENTURE,B,25000,10.39,0,0.28,N,3,2024-10-16
26,30000,RENT,2.0,EDUCATION,B,2700,10.75,0,0.09,N,2,2024-03-14
24,32000,RENT,1.0,VENTURE,A,2700,11.013786929274843,0,0.08,N,3,2024-02-11
26,90000,MORTGAGE,2.0,EDUCATION,C,25000,11.09,0,0.28,N,4,2024-06-10
25,35000,RENT,2.0,EDUCATION,A,2700,7.88,0,0.08,N,2,2024-12-26
26,90000,OWN,2.0,VENTURE,A,9500,8.07,0,0.11,N,2,2024-05-19
25,90084,MORTGAGE,6.0,PERSONAL,A,15000,7.88,0,0.17,N,4,2024-01-12
23,78216,MORTGAGE,7.0,PERSONAL,C,1200,11.013786929274843,1,0.02,N,3,2024-12-20
22,78369,MORTGAGE,6.0,DEBTCONSOLIDATION,E,11000,17.99,1,0.14,N,3,2024-12-12
24,90474,MORTGAGE,8.0,EDUCATION,B,15000,10.38,0,0.17,N,3,2024-05-12
25,51000,RENT,1.0,DEBTCONSOLIDATION,B,2700,9.7,0,0.05,N,2,2024-03-30
24,90730,MORTGAGE,6.0,HOMEIMPROVEMENT,B,8000,11.013786929274843,0,0.09,N,2,2024-02-20
25,46200,RENT,1.0,DEBTCONSOLIDATION,F,2700,15.96,1,0.06,N,2,2024-04-07
22,90888,MORTGAGE,5.0,EDUCATION,C,13200,14.79,0,0.15,N,4,2024-12-23
24,98450,RENT,8.0,EDUCATION,C,2700,13.49,0,0.03,N,4,2024-10-16
24,90996,MORTGAGE,8.0,HOMEIMPROVEMENT,E,20000,16.32,0,0.22,Y,4,2024-08-25
26,18144,RENT,2.0,PERSONAL,B,2675,9.91,0,0.15,N,4,2024-08-06
24,90996,MORTGAGE,2.0,EDUCATION,A,16000,7.88,0,0.18,N,3,2024-03-19
23,40000,RENT,7.0,PERSONAL,A,2675,8.07,0,0.07,N,4,2024-08-02
24,91000,MORTGAGE,9.0,EDUCATION,A,15000,6.03,0,0.16,N,4,2024-11-15
24,91000,MORTGAGE,8.0,DEBTCONSOLIDATION,B,2400,9.91,0,0.03,N,4,2024-02-19
24,91000,MORTGAGE,8.0,HOMEIMPROVEMENT,B,10000,10.99,0,0.11,N,4,2024-04-11
23,91000,MORTGAGE,7.0,PERSONAL,D,1500,14.54,0,0.02,Y,4,2024-11-30
23,79000,MORTGAGE,7.0,DEBTCONSOLIDATION,D,16000,14.09,1,0.2,N,3,2024-03-23
23,91000,MORTGAGE,5.0,VENTURE,D,10000,16.32,0,0.11,Y,3,2024-09-21
23,46728,RENT,2.0,PERSONAL,B,2650,10.59,0,0.06,N,2,2024-06-25
22,91000,OWN,5.0,EDUCATION,A,15000,7.88,0,0.16,N,2,2024-08-24
23,91000,MORTGAGE,7.0,PERSONAL,C,10000,13.61,0,0.11,N,4,2024-11-21
24,79000,MORTGAGE,4.0,HOMEIMPROVEMENT,D,5000,15.33,1,0.06,N,2,2024-01-16
23,91000,MORTGAGE,4.0,VENTURE,E,8000,17.19,0,0.09,N,4,2024-05-27
24,91000,MORTGAGE,5.0,MEDICAL,A,15000,7.88,0,0.16,N,4,2024-08-04
24,16000,RENT,2.0,HOMEIMPROVEMENT,C,2600,11.013786929274843,1,0.16,Y,2,2024-07-08
22,20160,RENT,1.0,EDUCATION,A,2600,6.92,0,0.13,N,4,2024-10-02
23,91000,MORTGAGE,3.0,PERSONAL,B,12000,11.013786929274843,0,0.13,N,3,2024-06-17
26,67150,MORTGAGE,9.0,MEDICAL,D,15000,14.11,1,0.19,Y,4,2024-04-24
24,91000,MORTGAGE,8.0,VENTURE,A,7000,8.0,0,0.08,N,3,2024-01-19
23,91000,MORTGAGE,7.0,DEBTCONSOLIDATION,C,7500,11.97,0,0.08,Y,2,2024-02-18
23,91092,MORTGAGE,2.0,PERSONAL,C,10000,13.43,0,0.11,N,2,2024-01-17
25,79200,MORTGAGE,1.0,PERSONAL,C,11200,14.79,1,0.14,Y,3,2024-12-12
25,35000,OWN,9.0,PERSONAL,C,4000,13.11,0,0.11,N,2,2024-10-25
23,91200,MORTGAGE,7.0,DEBTCONSOLIDATION,B,3000,8.88,0,0.03,N,2,2024-12-24
22,91200,OWN,6.0,PERSONAL,B,5000,11.48,0,0.05,N,2,2024-01-26
25,91200,MORTGAGE,9.0,PERSONAL,A,6000,7.68,0,0.07,N,4,2024-03-19
24,79200,MORTGAGE,8.0,VENTURE,C,6500,11.78,1,0.08,Y,3,2024-03-21
24,91228,MORTGAGE,2.0,MEDICAL,A,12000,7.49,0,0.13,N,3,2024-10-19
22,91234,MORTGAGE,6.0,PERSONAL,B,12000,11.83,0,0.13,N,2,2024-12-13
23,35000,OWN,7.0,MEDICAL,B,10000,10.25,0,0.29,N,2,2024-06-24
22,35000,OWN,2.0,VENTURE,C,13200,13.48,0,0.38,N,3,2024-05-23
22,48000,RENT,2.0,EDUCATION,B,2600,11.12,0,0.05,N,3,2024-01-02
23,74029,RENT,7.0,DEBTCONSOLIDATION,C,2600,15.27,0,0.04,Y,3,2024-12-06
25,100000,RENT,3.0,DEBTCONSOLIDATION,A,2600,7.9,0,0.03,N,3,2024-12-26
26,35000,OWN,1.0,VENTURE,A,4175,7.74,0,0.12,N,4,2024-08-01
26,67983,MORTGAGE,7.0,MEDICAL,D,15000,16.49,1,0.19,Y,3,2024-04-01
23,92000,MORTGAGE,2.0,DEBTCONSOLIDATION,B,15000,9.91,0,0.16,N,2,2024-11-21
23,92000,MORTGAGE,7.0,PERSONAL,A,12000,6.62,0,0.13,N,3,2024-01-17
24,57500,RENT,4.0,DEBTCONSOLIDATION,C,2525,11.013786929274843,0,0.04,Y,4,2024-01-03
23,92000,MORTGAGE,5.0,EDUCATION,B,2400,12.69,0,0.03,N,2,2024-09-14
22,92000,MORTGAGE,4.0,VENTURE,A,1400,11.013786929274843,0,0.02,N,3,2024-04-07
23,92000,MORTGAGE,7.0,EDUCATION,A,4800,7.49,0,0.05,N,2,2024-03-16
22,35000,OWN,6.0,MEDICAL,B,5000,11.14,0,0.14,N,2,2024-01-10
24,92000,MORTGAGE,8.0,VENTURE,B,11000,10.99,0,0.12,N,3,2024-10-24
26,92000,OWN,3.0,HOMEIMPROVEMENT,B,22500,10.99,0,0.24,N,2,2024-08-15
23,41000,RENT,1.0,DEBTCONSOLIDATION,C,12500,13.57,0,0.3,N,4,2024-12-02
26,68000,MORTGAGE,11.0,MEDICAL,D,25000,15.65,1,0.31,N,2,2024-06-11
23,92000,MORTGAGE,7.0,MEDICAL,C,18000,12.68,0,0.2,Y,2,2024-09-14
24,92000,MORTGAGE,7.0,PERSONAL,B,15000,11.11,0,0.16,N,4,2024-09-22
25,36960,RENT,8.0,DEBTCONSOLIDATION,D,12500,14.61,1,0.34,Y,4,2024-06-04
22,14400,RENT,2.0,PERSONAL,E,2500,11.013786929274843,1,0.17,N,2,2024-01-17
24,92000,MORTGAGE,9.0,PERSONAL,E,25000,17.93,0,0.27,Y,2,2024-08-12
26,14400,RENT,2.0,VENTURE,C,2500,13.47,1,0.17,Y,4,2024-12-31
24,92000,MORTGAGE,9.0,DEBTCONSOLIDATION,B,22000,10.99,0,0.24,N,4,2024-09-19
23,15600,RENT,3.0,EDUCATION,B,2500,10.65,1,0.16,N,2,2024-07-17
24,92000,OWN,4.0,MEDICAL,B,7200,9.88,0,0.08,N,2,2024-04-27
23,68000,MORTGAGE,4.0,MEDICAL,D,8000,15.33,1,0.1,N,3,2024-02-16
23,92000,MORTGAGE,7.0,VENTURE,E,10000,16.7,0,0.11,Y,2,2024-03-16
23,92000,MORTGAGE,4.0,EDUCATION,E,15600,16.35,0,0.17,Y,3,2024-12-04
23,92000,MORTGAGE,7.0,PERSONAL,B,15000,11.26,0,0.16,N,2,2024-10-27
23,92000,MORTGAGE,7.0,EDUCATION,C,7000,13.47,0,0.08,Y,4,2024-09-13
25,92000,MORTGAGE,9.0,MEDICAL,B,13000,11.26,0,0.14,N,2,2024-08-18
22,92000,OTHER,2.0,MEDICAL,C,6000,12.22,0,0.07,N,2,2024-06-12
26,80004,MORTGAGE,7.0,DEBTCONSOLIDATION,C,7500,15.23,1,0.09,Y,2,2024-03-07
22,18204,RENT,2.0,DEBTCONSOLIDATION,B,2500,11.89,0,0.14,N,4,2024-04-07
23,92004,MORTGAGE,7.0,VENTURE,B,24250,11.12,0,0.26,N,4,2024-01-17
22,18984,RENT,6.0,HOMEIMPROVEMENT,C,2500,14.22,1,0.13,Y,2,2024-08-13
26,92004,MORTGAGE,3.0,MEDICAL,C,24250,14.72,0,0.26,N,4,2024-11-01
25,80004,MORTGAGE,8.0,PERSONAL,A,6000,8.0,1,0.07,N,2,2024-07-28
26,80040,MORTGAGE,6.0,PERSONAL,A,10000,11.013786929274843,1,0.12,N,2,2024-07-08
25,20000,RENT,2.0,PERSONAL,D,2500,15.7,1,0.13,N,2,2024-12-13
24,92259,MORTGAGE,4.0,HOMEIMPROVEMENT,A,6000,11.013786929274843,0,0.07,N,4,2024-09-25
25,37560,RENT,2.0,DEBTCONSOLIDATION,F,12500,18.62,1,0.33,N,3,2024-01-19
26,92400,MORTGAGE,8.0,MEDICAL,A,14500,7.88,0,0.16,N,4,2024-08-29
24,80400,MORTGAGE,8.0,PERSONAL,C,10000,11.66,1,0.12,N,2,2024-04-19
25,45000,RENT,1.0,MEDICAL,B,12500,10.37,0,0.28,N,3,2024-09-28
22,92496,MORTGAGE,2.0,EDUCATION,A,10200,11.013786929274843,0,0.11,N,4,2024-09-08
23,46000,RENT,1.0,EDUCATION,B,12500,11.11,0,0.27,N,2,2024-04-09
26,44000,RENT,4.0,HOMEIMPROVEMENT,G,12500,22.11,1,0.28,Y,2,2024-06-21
23,92500,MORTGAGE,5.0,EDUCATION,A,2500,11.013786929274843,0,0.03,N,2,2024-03-19
22,50000,RENT,4.0,MEDICAL,A,12500,7.29,0,0.25,N,2,2024-10-17
25,92700,MORTGAGE,5.0,VENTURE,C,1500,14.65,0,0.02,Y,2,2024-09-14
22,92700,MORTGAGE,1.0,VENTURE,A,9250,7.9,0,0.1,N,3,2024-01-18
26,92700,MORTGAGE,6.0,EDUCATION,B,1500,9.63,0,0.02,N,2,2024-10-04
23,92700,MORTGAGE,2.0,VENTURE,B,25000,10.99,0,0.27,N,4,2024-11-19
24,34800,OWN,8.0,VENTURE,B,1700,10.38,0,0.05,N,2,2024-11-25
22,34800,OWN,4.0,MEDICAL,C,7350,14.22,0,0.21,N,2,2024-09-04
23,92700,MORTGAGE,2.0,EDUCATION,A,5000,8.94,0,0.05,N,4,2024-03-28
26,92795,MORTGAGE,10.0,MEDICAL,B,19000,10.37,0,0.2,N,4,2024-07-05
26,34656,OWN,2.0,PERSONAL,A,5500,7.51,0,0.16,N,2,2024-05-31
25,93000,MORTGAGE,9.0,VENTURE,D,12000,16.77,0,0.13,Y,4,2024-01-02
25,93000,MORTGAGE,1.0,VENTURE,A,12000,6.62,0,0.13,N,2,2024-03-20
23,93000,MORTGAGE,5.0,DEBTCONSOLIDATION,A,2000,7.9,0,0.02,N,4,2024-05-07
26,51000,RENT,10.0,DEBTCONSOLIDATION,E,12500,14.18,1,0.25,N,4,2024-12-23
22,93000,MORTGAGE,6.0,MEDICAL,A,3600,7.9,0,0.04,N,3,2024-03-25
26,93000,MORTGAGE,10.0,DEBTCONSOLIDATION,B,6000,10.99,0,0.06,N,3,2024-09-07
25,93000,MORTGAGE,3.0,DEBTCONSOLIDATION,C,2000,15.23,0,0.02,N,4,2024-08-11
24,34500,OWN,8.0,EDUCATION,B,2000,11.71,0,0.06,N,3,2024-10-11
22,60000,RENT,6.0,PERSONAL,B,12500,10.59,0,0.21,N,4,2024-04-09
24,60000,RENT,4.0,EDUCATION,B,12500,11.49,0,0.21,N,2,2024-06-07
23,60000,RENT,4.0,PERSONAL,B,12500,10.25,0,0.21,N,3,2024-03-12
25,60000,RENT,4.0,EDUCATION,B,12500,11.89,0,0.21,N,2,2024-08-02
24,54000,RENT,2.0,VENTURE,E,12500,14.5,1,0.23,N,4,2024-11-29
22,62000,RENT,6.0,MEDICAL,A,12500,7.29,0,0.2,N,2,2024-06-06
22,63000,RENT,2.0,EDUCATION,B,12500,10.25,0,0.2,N,3,2024-08-16
26,93000,MORTGAGE,4.0,PERSONAL,C,5600,11.013786929274843,0,0.06,Y,4,2024-10-18
22,65000,RENT,1.0,EDUCATION,A,12500,6.91,0,0.19,N,2,2024-09-02
26,93000,MORTGAGE,8.0,MEDICAL,A,17500,7.51,0,0.19,N,4,2024-11-18
23,93000,OWN,7.0,VENTURE,C,25000,12.73,0,0.27,N,3,2024-11-04
25,93000,MORTGAGE,5.0,MEDICAL,A,12000,7.88,0,0.13,N,4,2024-05-19
23,93000,OWN,7.0,VENTURE,B,10000,9.88,0,0.11,N,3,2024-06-13
24,70000,RENT,3.0,HOMEIMPROVEMENT,A,12500,7.88,0,0.18,N,3,2024-08-19
25,80400,RENT,2.0,VENTURE,A,12500,9.38,0,0.16,N,2,2024-03-06
24,73000,RENT,6.0,DEBTCONSOLIDATION,D,12500,6.0,1,0.17,N,2,2024-03-02
26,95000,RENT,3.0,MEDICAL,C,12500,12.61,0,0.13,N,2,2024-02-20
24,93000,MORTGAGE,3.0,VENTURE,C,18000,11.78,0,0.19,Y,3,2024-05-12
23,93000,MORTGAGE,5.0,VENTURE,A,3000,7.12,0,0.03,N,3,2024-06-12
22,93000,MORTGAGE,6.0,VENTURE,B,7500,11.013786929274843,0,0.08,N,4,2024-05-31
25,93080,MORTGAGE,3.0,DEBTCONSOLIDATION,C,8450,13.49,0,0.09,Y,2,2024-07-13
24,110000,RENT,1.0,DEBTCONSOLIDATION,B,12500,9.62,0,0.11,N,4,2024-04-20
25,93200,MORTGAGE,9.0,EDUCATION,D,25000,15.58,0,0.27,Y,4,2024-11-05
22,93218,MORTGAGE,5.0,MEDICAL,B,12000,11.49,0,0.13,N,3,2024-03-08
22,93240,MORTGAGE,6.0,PERSONAL,A,7000,9.63,0,0.08,N,2,2024-01-07
26,93450,MORTGAGE,1.0,HOMEIMPROVEMENT,B,12000,11.26,0,0.13,N,2,2024-04-16
25,93500,MORTGAGE,1.0,HOMEIMPROVEMENT,C,14000,12.23,0,0.15,N,4,2024-08-01
26,93500,MORTGAGE,9.0,VENTURE,D,6250,14.83,0,0.07,Y,3,2024-01-06
24,47250,RENT,5.0,EDUCATION,B,12600,11.83,0,0.27,N,2,2024-09-10
22,74000,RENT,6.0,PERSONAL,B,12600,10.65,0,0.17,N,3,2024-02-08
22,110000,RENT,3.0,DEBTCONSOLIDATION,B,12600,10.75,0,0.11,N,2,2024-04-24
22,190000,RENT,3.0,EDUCATION,A,12600,6.92,0,0.07,N,4,2024-12-10
22,93600,MORTGAGE,6.0,EDUCATION,B,5000,9.99,0,0.05,N,2,2024-10-20
25,69360,MORTGAGE,2.0,MEDICAL,F,22000,19.79,1,0.27,Y,3,2024-11-11
25,93600,MORTGAGE,9.0,DEBTCONSOLIDATION,B,20000,10.62,0,0.21,N,3,2024-03-25
23,23000,RENT,3.0,EDUCATION,C,12700,14.27,1,0.55,Y,4,2024-04-28
22,81996,MORTGAGE,6.0,PERSONAL,B,10000,11.46,1,0.12,N,3,2024-11-06
22,52000,RENT,3.0,MEDICAL,D,12750,18.25,1,0.25,N,4,2024-09-08
25,94000,MORTGAGE,9.0,HOMEIMPROVEMENT,B,30000,10.65,0,0.32,N,4,2024-04-30
23,94000,MORTGAGE,1.0,PERSONAL,A,13000,6.03,0,0.14,N,4,2024-07-29
22,94000,MORTGAGE,6.0,PERSONAL,C,35000,15.23,0,0.37,Y,4,2024-07-03
24,32000,RENT,4.0,HOMEIMPROVEMENT,B,12800,12.42,1,0.4,N,3,2024-07-19
23,38500,RENT,8.0,DEBTCONSOLIDATION,A,12800,8.9,1,0.33,N,4,2024-05-17
26,94000,MORTGAGE,8.0,PERSONAL,A,15000,6.17,0,0.16,N,2,2024-02-13
24,94000,MORTGAGE,4.0,EDUCATION,B,25000,11.49,0,0.27,N,4,2024-12-07
23,40000,RENT,5.0,EDUCATION,D,12800,16.0,1,0.32,Y,3,2024-04-29
25,94000,MORTGAGE,5.0,MEDICAL,B,20000,11.013786929274843,0,0.21,N,4,2024-09-23
26,42000,RENT,4.0,EDUCATION,B,12800,10.59,0,0.3,N,2,2024-01-15
22,44400,RENT,3.0,EDUCATION,C,12800,12.73,0,0.29,N,2,2024-12-03
26,94000,MORTGAGE,1.0,DEBTCONSOLIDATION,A,5000,7.68,0,0.05,N,3,2024-04-12
22,42200,RENT,6.0,VENTURE,D,12800,15.21,1,0.3,N,2,2024-10-21
23,46000,RENT,2.0,EDUCATION,F,12800,19.41,1,0.28,Y,3,2024-03-09
26,52992,RENT,6.0,HOMEIMPROVEMENT,A,12800,5.42,0,0.24,N,4,2024-08-08
22,94200,MORTGAGE,6.0,PERSONAL,B,20000,8.88,0,0.21,N,2,2024-11-04
23,94200,MORTGAGE,6.0,EDUCATION,A,18000,6.54,0,0.19,N,3,2024-05-26
25,94400,MORTGAGE,4.0,PERSONAL,A,35000,7.49,0,0.37,N,3,2024-10-17
26,94500,OWN,10.0,VENTURE,A,2000,5.42,0,0.02,N,2,2024-04-01
25,94500,MORTGAGE,5.0,HOMEIMPROVEMENT,B,13500,10.0,0,0.14,N,2,2024-06-12
23,58000,RENT,1.0,MEDICAL,B,12800,12.42,0,0.22,N,2,2024-02-17
23,60000,RENT,2.0,DEBTCONSOLIDATION,B,12800,10.59,0,0.21,N,4,2024-02-17
22,94692,MORTGAGE,5.0,EDUCATION,B,20000,11.49,0,0.21,N,4,2024-12-22
26,60000,RENT,7.0,VENTURE,C,12800,12.84,0,0.21,N,2,2024-06-16
23,94800,MORTGAGE,7.0,DEBTCONSOLIDATION,C,6000,14.27,0,0.06,Y,3,2024-06-03
26,94800,MORTGAGE,10.0,DEBTCONSOLIDATION,A,14000,6.03,0,0.15,N,4,2024-05-23
23,82800,MORTGAGE,1.0,HOMEIMPROVEMENT,B,12000,9.76,1,0.14,N,2,2024-02-04
23,94940,MORTGAGE,4.0,VENTURE,A,2000,5.42,0,0.02,N,3,2024-08-09
23,94965,MORTGAGE,3.0,EDUCATION,C,8000,13.22,0,0.08,N,2,2024-01-09
25,94976,MORTGAGE,5.0,DEBTCONSOLIDATION,B,20000,10.74,0,0.21,N,3,2024-01-31
23,64000,RENT,6.0,EDUCATION,C,12800,14.35,0,0.2,Y,4,2024-11-01
23,95000,MORTGAGE,7.0,EDUCATION,A,19000,7.51,0,0.2,N,4,2024-07-17
23,95000,MORTGAGE,4.0,MEDICAL,A,4400,7.9,0,0.05,N,3,2024-07-20
24,77385,RENT,4.0,MEDICAL,A,12800,11.013786929274843,0,0.17,N,4,2024-08-03
23,70550,MORTGAGE,7.0,MEDICAL,A,15000,8.9,1,0.18,N,4,2024-12-22
23,95000,MORTGAGE,7.0,EDUCATION,A,35000,7.9,0,0.37,N,4,2024-12-22
25,103000,RENT,9.0,HOMEIMPROVEMENT,D,12800,15.7,0,0.12,Y,4,2024-05-02
24,95000,MORTGAGE,1.0,PERSONAL,B,7450,12.69,0,0.08,N,4,2024-04-18
22,95000,MORTGAGE,2.0,DEBTCONSOLIDATION,A,24000,7.9,0,0.25,N,4,2024-07-31
22,95000,MORTGAGE,4.0,EDUCATION,A,6400,7.9,0,0.07,N,4,2024-11-17
24,95000,MORTGAGE,7.0,HOMEIMPROVEMENT,B,10000,10.65,0,0.11,N,4,2024-04-24
24,95000,MORTGAGE,7.0,DEBTCONSOLIDATION,B,15000,12.69,0,0.16,N,2,2024-01-09
26,35000,RENT,10.0,MEDICAL,B,12875,11.013786929274843,1,0.37,N,2,2024-08-05
26,95000,MORTGAGE,10.0,PERSONAL,A,6600,7.51,0,0.07,N,4,2024-01-20
22,31760,RENT,3.0,PERSONAL,B,12875,12.53,1,0.41,N,4,2024-08-23
26,95000,MORTGAGE,10.0,VENTURE,C,15000,15.96,0,0.16,Y,2,2024-02-24
22,95000,MORTGAGE,3.0,DEBTCONSOLIDATION,B,7200,11.49,0,0.08,N,2,2024-01-15
24,58155,RENT,8.0,HOMEIMPROVEMENT,E,12950,11.013786929274843,0,0.22,N,4,2024-01-19
23,95000,MORTGAGE,8.0,MEDICAL,C,7200,14.79,0,0.08,Y,4,2024-12-09
23,44000,RENT,1.0,EDUCATION,E,13000,18.39,1,0.3,Y,3,2024-08-25
22,50000,RENT,3.0,MEDICAL,C,13000,12.23,0,0.26,N,3,2024-10-24
22,33716,OWN,6.0,EDUCATION,A,13750,6.92,0,0.41,N,2,2024-09-09
26,95000,MORTGAGE,1.0,PERSONAL,B,24000,10.99,0,0.25,N,3,2024-10-25
23,95000,MORTGAGE,7.0,VENTURE,B,12000,11.99,0,0.13,N,3,2024-03-04
26,95000,MORTGAGE,9.0,EDUCATION,D,25000,16.89,0,0.26,Y,2,2024-01-09
24,45996,RENT,1.0,MEDICAL,C,13000,13.47,1,0.28,Y,2,2024-03-08
24,83000,MORTGAGE,2.0,DEBTCONSOLIDATION,D,28000,16.49,1,0.34,Y,3,2024-07-21
24,95000,MORTGAGE,3.0,DEBTCONSOLIDATION,B,35000,11.99,0,0.37,N,2,2024-03-26
25,52000,RENT,3.0,PERSONAL,D,13000,15.31,0,0.25,Y,2,2024-07-25
25,95000,MORTGAGE,5.0,VENTURE,B,18000,10.99,0,0.19,N,3,2024-01-26
22,52128,RENT,6.0,VENTURE,A,13000,8.94,0,0.25,N,2,2024-04-10
23,95000,MORTGAGE,3.0,MEDICAL,A,9950,8.49,0,0.1,N,4,2024-11-27
22,48000,RENT,3.0,HOMEIMPROVEMENT,A,13000,7.88,1,0.27,N,3,2024-10-06
22,95000,MORTGAGE,2.0,MEDICAL,B,5000,10.59,0,0.05,N,2,2024-08-19
24,95000,OWN,4.0,HOMEIMPROVEMENT,C,10000,15.23,0,0.11,Y,3,2024-10-31
26,54000,RENT,3.0,HOMEIMPROVEMENT,E,13000,17.93,0,0.24,Y,2,2024-08-19
25,55000,RENT,9.0,HOMEIMPROVEMENT,A,13000,7.51,0,0.24,N,4,2024-04-25
23,95000,MORTGAGE,6.0,EDUCATION,C,20000,14.17,0,0.21,Y,4,2024-07-21
23,83000,MORTGAGE,7.0,EDUCATION,B,24175,11.11,1,0.29,N,2,2024-09-07
26,95000,MORTGAGE,1.0,VENTURE,B,15000,10.37,0,0.16,N,4,2024-06-01
24,56000,RENT,2.0,DEBTCONSOLIDATION,B,13000,11.83,0,0.23,N,4,2024-12-14
24,95000,OWN,8.0,PERSONAL,C,4800,13.43,0,0.05,N,3,2024-10-25
23,95000,MORTGAGE,7.0,DEBTCONSOLIDATION,A,4500,6.92,0,0.05,N,3,2024-06-18
26,95000,MORTGAGE,9.0,VENTURE,D,17000,15.65,0,0.18,N,2,2024-08-07
25,95000,MORTGAGE,8.0,EDUCATION,B,6800,9.63,0,0.07,N,4,2024-10-12
22,60000,RENT,6.0,VENTURE,B,13000,9.99,0,0.22,N,4,2024-03-06
25,62000,RENT,2.0,HOMEIMPROVEMENT,A,13000,6.91,0,0.21,N,2,2024-08-13
24,33600,OWN,8.0,VENTURE,A,2500,6.39,0,0.07,N,3,2024-06-02
22,95000,MORTGAGE,1.0,EDUCATION,C,7200,12.23,0,0.08,Y,4,2024-06-10
26,95000,MORTGAGE,10.0,EDUCATION,A,7275,6.91,0,0.08,N,4,2024-03-16
22,64000,RENT,7.0,EDUCATION,D,13000,14.11,0,0.2,Y,3,2024-08-01
24,95000,OWN,8.0,EDUCATION,E,25000,16.32,0,0.26,N,3,2024-07-24
24,65000,RENT,6.0,EDUCATION,C,13000,13.49,0,0.2,Y,2,2024-03-07
23,95000,MORTGAGE,2.0,VENTURE,A,4000,7.88,0,0.04,N,3,2024-07-24
22,65000,RENT,3.0,EDUCATION,E,13000,11.013786929274843,0,0.2,Y,4,2024-12-20
22,95000,MORTGAGE,6.0,MEDICAL,A,12000,7.51,0,0.13,N,3,2024-03-04
24,95000,MORTGAGE,3.0,HOMEIMPROVEMENT,A,18000,7.88,0,0.19,N,2,2024-05-01
25,95000,MORTGAGE,4.0,EDUCATION,A,6500,7.14,0,0.07,N,3,2024-10-17
23,60000,RENT,3.0,MEDICAL,A,13000,7.66,1,0.22,N,4,2024-04-15
24,67500,RENT,1.0,VENTURE,C,13000,13.98,0,0.19,Y,3,2024-12-07
26,95000,MORTGAGE,10.0,VENTURE,B,5000,9.88,0,0.05,N,2,2024-10-02
24,95000,MORTGAGE,8.0,VENTURE,D,16000,15.33,0,0.17,N,3,2024-08-04
23,95000,MORTGAGE,7.0,EDUCATION,C,15000,12.73,0,0.16,Y,4,2024-06-03
24,95000,MORTGAGE,2.0,VENTURE,B,20000,10.62,0,0.21,N,4,2024-11-09
24,95000,MORTGAGE,2.0,EDUCATION,A,5000,7.88,0,0.05,N,3,2024-03-14
23,69996,RENT,8.0,EDUCATION,B,13000,11.58,0,0.19,N,3,2024-11-12
22,95000,MORTGAGE,6.0,DEBTCONSOLIDATION,B,12000,10.99,0,0.13,N,4,2024-02-03
23,95000,OWN,2.0,EDUCATION,A,10900,7.74,0,0.11,N,4,2024-06-21
23,95000,MORTGAGE,7.0,PERSONAL,F,25000,18.78,0,0.26,N,4,2024-04-21
24,70000,RENT,2.0,DEBTCONSOLIDATION,B,13000,10.0,0,0.19,N,2,2024-06-11
26,95000,OWN,5.0,EDUCATION,A,8000,11.013786929274843,0,0.08,N,2,2024-11-27
23,95000,MORTGAGE,7.0,EDUCATION,B,14400,11.83,0,0.15,N,3,2024-03-11
23,83000,MORTGAGE,5.0,EDUCATION,B,20000,11.83,1,0.24,N,4,2024-12-13
23,83000,MORTGAGE,5.0,DEBTCONSOLIDATION,D,5000,14.61,1,0.06,N,2,2024-12-28
24,75000,RENT,3.0,HOMEIMPROVEMENT,B,13000,10.99,0,0.17,N,4,2024-01-13
23,95000,MORTGAGE,7.0,PERSONAL,A,6000,7.68,0,0.06,N,3,2024-07-26
23,75000,RENT,6.0,DEBTCONSOLIDATION,A,13000,6.91,0,0.17,N,2,2024-02-06
23,33004,OWN,5.0,EDUCATION,A,5000,8.59,0,0.15,N,4,2024-07-14
25,75000,RENT,4.0,DEBTCONSOLIDATION,B,13000,11.48,0,0.17,N,4,2024-07-23
23,76000,RENT,3.0,MEDICAL,C,13000,11.013786929274843,0,0.17,Y,2,2024-11-26
22,95000,MORTGAGE,3.0,PERSONAL,A,10000,9.07,0,0.11,N,3,2024-04-02
24,95000,MORTGAGE,4.0,PERSONAL,B,25000,10.08,0,0.26,N,4,2024-01-04
25,83195,RENT,9.0,PERSONAL,B,13000,11.71,0,0.16,N,3,2024-09-16
24,84000,RENT,3.0,MEDICAL,B,13000,11.83,0,0.15,N,3,2024-07-06
25,95000,MORTGAGE,7.0,PERSONAL,A,5000,7.43,0,0.05,N,2,2024-11-16
25,95004,OWN,9.0,EDUCATION,B,2800,9.91,0,0.03,N,3,2024-10-06
23,86000,RENT,6.0,EDUCATION,B,13000,10.62,0,0.15,N,3,2024-05-11
25,87000,RENT,6.0,DEBTCONSOLIDATION,A,13000,7.29,0,0.15,N,2,2024-03-28
26,95004,MORTGAGE,10.0,HOMEIMPROVEMENT,B,24250,8.88,0,0.26,N,3,2024-07-19
24,95004,MORTGAGE,8.0,VENTURE,A,16000,5.79,0,0.17,N,4,2024-06-14
23,90000,RENT,4.0,DEBTCONSOLIDATION,C,13000,12.73,0,0.14,N,2,2024-09-17
25,95004,MORTGAGE,9.0,EDUCATION,A,18000,7.51,0,0.19,N,4,2024-07-01
23,95004,MORTGAGE,4.0,VENTURE,A,10000,7.51,0,0.11,N,4,2024-05-16
22,95004,OWN,6.0,EDUCATION,B,7200,10.95,0,0.08,N,4,2024-11-12
25,95111,MORTGAGE,9.0,PERSONAL,C,18000,14.72,0,0.19,N,4,2024-08-22
24,83290,MORTGAGE,5.0,DEBTCONSOLIDATION,A,6000,9.32,1,0.07,N,3,2024-03-11
23,95327,OWN,4.0,VENTURE,A,4325,7.74,0,0.05,N,2,2024-04-13
26,95400,MORTGAGE,8.0,PERSONAL,C,5000,12.68,0,0.05,N,3,2024-03-10
26,69700,RENT,4.0,MEDICAL,D,13000,14.42,1,0.16,Y,2,2024-03-08
24,110000,RENT,4.0,DEBTCONSOLIDATION,A,13000,8.9,0,0.12,N,2,2024-04-07
26,110400,RENT,9.0,EDUCATION,A,13000,7.9,0,0.12,N,3,2024-12-27
24,95610,MORTGAGE,8.0,VENTURE,B,6000,10.99,0,0.06,N,4,2024-01-18
23,95620,MORTGAGE,7.0,EDUCATION,D,13500,14.96,0,0.14,Y,4,2024-07-15
24,90100,RENT,6.0,MEDICAL,B,13000,12.69,1,0.12,N,4,2024-04-08
24,33000,OWN,7.0,VENTURE,A,14000,11.013786929274843,0,0.42,N,2,2024-01-02
23,120000,RENT,7.0,PERSONAL,B,13000,11.71,0,0.11,N,4,2024-08-16
26,108000,RENT,3.0,HOMEIMPROVEMENT,D,13000,15.99,1,0.12,Y,3,2024-11-02
24,83904,MORTGAGE,8.0,DEBTCONSOLIDATION,D,16000,16.07,1,0.19,Y,4,2024-08-10
25,96000,MORTGAGE,6.0,HOMEIMPROVEMENT,C,21000,14.65,0,0.22,N,3,2024-05-30
24,96000,MORTGAGE,8.0,HOMEIMPROVEMENT,A,35000,7.9,0,0.36,N,4,2024-07-30
25,96000,MORTGAGE,4.0,VENTURE,B,10925,12.69,0,0.11,N,4,2024-11-18
22,71400,MORTGAGE,4.0,MEDICAL,C,21600,15.27,1,0.26,Y,2,2024-07-07
22,96000,MORTGAGE,4.0,EDUCATION,B,5500,12.69,0,0.06,N,3,2024-06-05
25,96000,MORTGAGE,9.0,PERSONAL,D,35000,18.25,0,0.36,Y,2,2024-06-17
22,96000,MORTGAGE,6.0,EDUCATION,C,6000,13.49,0,0.06,N,3,2024-02-19
23,96000,MORTGAGE,4.0,PERSONAL,A,9000,6.62,0,0.09,N,4,2024-06-07
25,96000,MORTGAGE,9.0,MEDICAL,A,14000,6.03,0,0.15,N,3,2024-09-11
23,96000,MORTGAGE,5.0,PERSONAL,A,1500,6.62,0,0.02,N,3,2024-09-20
26,96000,MORTGAGE,10.0,HOMEIMPROVEMENT,E,24000,19.42,0,0.25,N,4,2024-09-12
25,57840,RENT,5.0,MEDICAL,B,13600,9.99,0,0.24,N,2,2024-04-19
24,96000,MORTGAGE,5.0,DEBTCONSOLIDATION,A,5000,8.9,0,0.05,N,4,2024-05-23
25,96000,MORTGAGE,5.0,DEBTCONSOLIDATION,A,35000,7.49,0,0.36,N,3,2024-05-05
25,68000,RENT,2.0,DEBTCONSOLIDATION,B,13600,10.0,0,0.2,N,3,2024-06-29
22,70000,RENT,5.0,PERSONAL,A,13600,7.29,0,0.19,N,4,2024-01-19
24,96000,MORTGAGE,1.0,HOMEIMPROVEMENT,B,4800,11.99,0,0.05,N,3,2024-11-03
26,96000,MORTGAGE,3.0,PERSONAL,A,10000,5.42,0,0.1,N,3,2024-09-08
22,70000,RENT,6.0,PERSONAL,B,13600,12.21,0,0.19,N,4,2024-04-18
25,73000,RENT,9.0,PERSONAL,B,13600,11.99,0,0.19,N,2,2024-01-03
23,78625,RENT,3.0,PERSONAL,B,13600,9.88,0,0.17,N,3,2024-01-16
25,96000,MORTGAGE,10.0,VENTURE,A,20000,6.99,0,0.21,N,3,2024-01-18
23,96000,MORTGAGE,2.0,MEDICAL,A,12000,7.49,0,0.13,N,4,2024-11-01
24,96000,MORTGAGE,8.0,HOMEIMPROVEMENT,A,11000,5.99,0,0.11,N,2,2024-03-15
23,85000,RENT,5.0,PERSONAL,A,13600,6.03,0,0.16,N,3,2024-05-01
24,96000,MORTGAGE,6.0,VENTURE,A,12000,5.42,0,0.13,N,4,2024-03-22
25,33000,OWN,7.0,VENTURE,B,8000,10.38,0,0.24,N,2,2024-07-06
23,96000,OWN,8.0,MEDICAL,C,8000,13.49,0,0.08,N,3,2024-12-12
24,96000,MORTGAGE,8.0,VENTURE,A,4200,5.99,0,0.04,N,3,2024-02-07
26,64900,RENT,4.0,MEDICAL,B,13625,11.013786929274843,0,0.21,N,3,2024-03-31
23,96000,MORTGAGE,7.0,EDUCATION,A,4000,5.42,0,0.04,N,2,2024-12-15
23,96000,MORTGAGE,1.0,EDUCATION,A,10000,7.49,0,0.1,N,3,2024-12-03
22,96000,MORTGAGE,6.0,EDUCATION,A,9000,7.49,0,0.09,N,4,2024-05-07
24,96000,MORTGAGE,2.0,VENTURE,B,4200,11.013786929274843,0,0.04,N,4,2024-01-31
24,33000,OWN,9.0,VENTURE,C,8000,14.26,0,0.24,Y,3,2024-08-23
25,84000,MORTGAGE,9.0,DEBTCONSOLIDATION,D,5000,16.02,1,0.06,N,3,2024-05-17
26,96000,MORTGAGE,6.0,MEDICAL,B,20000,11.11,0,0.21,N,4,2024-11-30
23,96000,MORTGAGE,2.0,PERSONAL,A,7000,5.79,0,0.07,N,3,2024-06-10
26,96000,MORTGAGE,4.0,VENTURE,B,11625,10.0,0,0.12,N,3,2024-07-28
26,96000,MORTGAGE,10.0,VENTURE,A,8000,7.29,0,0.08,N,4,2024-02-11
22,96000,MORTGAGE,6.0,VENTURE,C,25000,13.8,0,0.26,N,4,2024-02-28
23,33000,OWN,5.0,VENTURE,B,3600,11.58,0,0.11,N,4,2024-11-24
25,45000,RENT,3.0,MEDICAL,E,13650,18.79,1,0.3,N,2,2024-08-22
25,96000,MORTGAGE,9.0,DEBTCONSOLIDATION,B,18250,11.11,0,0.19,N,4,2024-11-27
25,71400,MORTGAGE,9.0,MEDICAL,D,25000,14.09,1,0.3,N,2,2024-03-15
22,96000,MORTGAGE,2.0,EDUCATION,A,12000,11.013786929274843,0,0.13,N,3,2024-07-25
25,84000,MORTGAGE,9.0,PERSONAL,D,3500,14.84,1,0.04,N,2,2024-04-22
22,96000,MORTGAGE,3.0,EDUCATION,A,20000,7.88,0,0.21,N,3,2024-09-08
26,32956,OWN,10.0,MEDICAL,A,10000,8.49,0,0.3,N,3,2024-10-04
22,53591,RENT,6.0,EDUCATION,D,13750,14.96,0,0.26,N,2,2024-02-03
23,96000,MORTGAGE,1.0,VENTURE,B,5000,10.38,0,0.05,N,4,2024-05-27
23,32800,OWN,3.0,VENTURE,A,8000,7.29,0,0.24,N,3,2024-06-06
22,96000,MORTGAGE,4.0,VENTURE,A,8000,7.88,0,0.08,N,4,2024-02-12
24,96000,MORTGAGE,5.0,DEBTCONSOLIDATION,A,15000,7.51,0,0.16,N,4,2024-06-15
22,32760,OWN,2.0,VENTURE,C,7000,11.78,0,0.21,Y,4,2024-10-08
23,96000,MORTGAGE,7.0,DEBTCONSOLIDATION,A,5000,7.51,0,0.05,N,2,2024-06-30
24,32700,OWN,8.0,EDUCATION,A,4200,7.29,0,0.13,N,2,2024-02-15
24,96000,MORTGAGE,8.0,MEDICAL,B,2000,10.38,0,0.02,N,3,2024-10-08
24,79000,RENT,2.0,HOMEIMPROVEMENT,A,13800,8.49,0,0.17,N,2,2024-10-04
25,80600,RENT,9.0,PERSONAL,B,13800,11.99,0,0.17,N,3,2024-10-20
25,96000,MORTGAGE,6.0,EDUCATION,B,20000,11.013786929274843,0,0.21,N,2,2024-03-14
24,105000,RENT,2.0,VENTURE,A,13800,7.66,0,0.13,N,2,2024-01-07
22,96000,MORTGAGE,3.0,VENTURE,B,5000,10.99,0,0.05,N,4,2024-07-10
26,96000,MORTGAGE,3.0,EDUCATION,C,12000,13.11,0,0.13,N,4,2024-02-11
23,96000,MORTGAGE,4.0,EDUCATION,B,20000,10.99,0,0.21,N,3,2024-02-15
23,32500,OWN,2.0,VENTURE,C,5000,13.99,0,0.15,Y,3,2024-09-02
25,32500,OWN,9.0,MEDICAL,B,3600,11.013786929274843,0,0.11,N,4,2024-01-15
26,96000,MORTGAGE,1.0,HOMEIMPROVEMENT,B,10000,10.99,0,0.1,N,4,2024-02-07
22,71400,MORTGAGE,2.0,MEDICAL,D,15000,14.96,1,0.18,Y,3,2024-07-02
26,71400,OWN,9.0,MEDICAL,E,16500,16.45,1,0.2,N,3,2024-12-17
24,32500,OWN,2.0,EDUCATION,D,5600,14.42,0,0.17,N,3,2024-04-05
26,96000,MORTGAGE,4.0,HOMEIMPROVEMENT,E,20000,16.7,0,0.21,N,4,2024-05-06
25,76400,RENT,3.0,VENTURE,B,13900,10.62,0,0.18,N,4,2024-11-29
24,96000,MORTGAGE,7.0,HOMEIMPROVEMENT,C,6000,13.92,0,0.06,Y,4,2024-07-13
26,42000,RENT,3.0,VENTURE,A,14000,6.92,1,0.33,N,2,2024-11-28
23,96000,OTHER,3.0,EDUCATION,E,12000,11.013786929274843,0,0.13,Y,2,2024-11-29
26,42000,RENT,4.0,DEBTCONSOLIDATION,B,14000,9.45,1,0.33,N,2,2024-10-11
22,96000,MORTGAGE,3.0,EDUCATION,C,11400,13.04,0,0.12,Y,2,2024-03-14
24,42996,RENT,2.0,MEDICAL,A,14000,7.51,1,0.33,N,2,2024-09-12
23,96060,MORTGAGE,7.0,MEDICAL,A,10000,5.42,0,0.1,N,2,2024-08-14
24,96216,MORTGAGE,5.0,VENTURE,A,14400,7.88,0,0.15,N,4,2024-07-17
26,96300,MORTGAGE,10.0,PERSONAL,A,15000,6.17,0,0.16,N,3,2024-10-16
22,96384,MORTGAGE,6.0,VENTURE,B,18000,10.25,0,0.19,N,3,2024-07-30
26,96500,MORTGAGE,4.0,VENTURE,A,18000,7.51,0,0.19,N,4,2024-03-10
24,96500,MORTGAGE,1.0,EDUCATION,E,14000,17.19,0,0.15,N,4,2024-03-03
26,96640,OTHER,8.0,EDUCATION,B,25000,11.58,0,0.26,N,2,2024-09-07
25,96720,MORTGAGE,9.0,EDUCATION,A,18000,7.9,0,0.19,N,4,2024-12-01
25,39000,RENT,4.0,PERSONAL,D,14000,16.49,1,0.36,N,3,2024-06-03
24,96900,MORTGAGE,8.0,DEBTCONSOLIDATION,A,9300,6.17,0,0.1,N,2,2024-10-08
23,97000,MORTGAGE,5.0,EDUCATION,B,12000,9.91,0,0.12,N,2,2024-04-06
25,97000,MORTGAGE,9.0,PERSONAL,C,8000,11.013786929274843,0,0.08,N,4,2024-01-07
24,97000,MORTGAGE,3.0,DEBTCONSOLIDATION,C,6400,15.96,0,0.07,Y,2,2024-11-23
26,97000,MORTGAGE,5.0,DEBTCONSOLIDATION,A,4000,6.62,0,0.04,N,4,2024-06-07
23,72250,MORTGAGE,7.0,MEDICAL,D,35000,15.99,1,0.41,N,2,2024-07-20
22,97000,MORTGAGE,4.0,PERSONAL,A,5000,6.99,0,0.05,N,4,2024-11-06
22,46000,RENT,6.0,EDUCATION,A,14000,8.49,0,0.3,N,4,2024-09-29
23,97000,MORTGAGE,4.0,DEBTCONSOLIDATION,A,16000,6.62,0,0.16,N,2,2024-11-24
24,40000,RENT,4.0,MEDICAL,D,14000,15.58,1,0.35,Y,3,2024-05-18
24,97000,MORTGAGE,6.0,PERSONAL,B,8000,11.11,0,0.08,N,4,2024-07-03
23,46800,RENT,4.0,EDUCATION,B,14000,10.37,0,0.3,N,3,2024-06-15
23,97000,OWN,7.0,MEDICAL,B,15000,9.63,0,0.15,N,4,2024-05-09
24,97000,MORTGAGE,2.0,DEBTCONSOLIDATION,C,22000,12.68,0,0.23,N,3,2024-11-29
24,46800,RENT,4.0,DEBTCONSOLIDATION,A,14000,7.88,0,0.3,N,4,2024-01-25
22,97000,MORTGAGE,6.0,EDUCATION,A,12975,6.91,0,0.13,N,4,2024-04-25
26,97000,MORTGAGE,4.0,MEDICAL,C,6000,13.61,0,0.06,N,3,2024-04-29
23,97000,MORTGAGE,1.0,PERSONAL,A,5000,7.51,0,0.05,N,3,2024-07-13
24,97000,MORTGAGE,6.0,HOMEIMPROVEMENT,C,6800,13.61,0,0.07,Y,4,2024-06-21
23,42000,RENT,2.0,PERSONAL,D,14000,16.89,1,0.33,N,3,2024-03-13
25,97000,MORTGAGE,9.0,HOMEIMPROVEMENT,D,25000,14.59,0,0.26,N,2,2024-03-02
23,97000,MORTGAGE,7.0,EDUCATION,A,4800,11.013786929274843,0,0.05,N,2,2024-02-27
22,97000,MORTGAGE,6.0,MEDICAL,C,10000,13.57,0,0.1,Y,3,2024-04-01
23,97000,MORTGAGE,8.0,PERSONAL,E,4000,16.32,0,0.04,Y,3,2024-08-26
26,44000,RENT,10.0,DEBTCONSOLIDATION,D,14000,14.83,1,0.32,N,2,2024-10-29
23,97000,MORTGAGE,7.0,VENTURE,C,1800,11.013786929274843,0,0.02,Y,2,2024-09-08
24,97000,MORTGAGE,2.0,HOMEIMPROVEMENT,C,12000,10.28,0,0.12,N,2,2024-05-17
26,85200,MORTGAGE,5.0,HOMEIMPROVEMENT,E,14000,11.013786929274843,1,0.16,Y,2,2024-09-28
26,97333,OWN,3.0,HOMEIMPROVEMENT,A,10000,5.99,0,0.1,N,2,2024-09-03
24,50000,RENT,2.0,HOMEIMPROVEMENT,B,14000,9.88,0,0.28,N,2,2024-09-18
25,85584,MORTGAGE,10.0,DEBTCONSOLIDATION,E,24000,17.19,1,0.28,Y,2,2024-04-25
23,97600,MORTGAGE,7.0,MEDICAL,A,14500,7.51,0,0.15,N,2,2024-06-11
25,97700,MORTGAGE,6.0,PERSONAL,A,8000,7.49,0,0.08,N,2,2024-12-25
24,97700,MORTGAGE,5.0,VENTURE,B,25000,11.12,0,0.26,N,3,2024-09-11
26,97700,MORTGAGE,1.0,DEBTCONSOLIDATION,A,10400,9.32,0,0.11,N,3,2024-02-04
23,97781,MORTGAGE,7.0,MEDICAL,A,5575,6.54,0,0.06,N,3,2024-03-21
23,97781,MORTGAGE,7.0,VENTURE,A,15000,6.54,0,0.15,N,3,2024-09-03
23,52000,RENT,7.0,EDUCATION,A,14000,6.91,0,0.27,N,3,2024-08-21
23,32000,OWN,7.0,EDUCATION,C,3500,15.27,0,0.11,N,3,2024-04-01
22,85992,MORTGAGE,6.0,DEBTCONSOLIDATION,D,3500,14.74,1,0.04,Y,3,2024-03-07
24,98000,OWN,8.0,HOMEIMPROVEMENT,A,12000,6.03,0,0.12,N,3,2024-04-14
23,52800,RENT,4.0,VENTURE,C,14000,14.27,0,0.27,N,3,2024-09-30
24,98000,MORTGAGE,5.0,HOMEIMPROVEMENT,B,10000,11.71,0,0.1,N,3,2024-01-14
24,98000,MORTGAGE,8.0,VENTURE,A,10000,6.62,0,0.1,N,3,2024-10-18
25,98000,MORTGAGE,9.0,EDUCATION,A,2000,5.42,0,0.02,N,4,2024-02-05
24,98000,OWN,8.0,VENTURE,A,12000,7.49,0,0.12,N,2,2024-03-04
22,32000,OWN,2.0,MEDICAL,A,3000,6.99,0,0.09,N,4,2024-04-21
26,98000,MORTGAGE,5.0,MEDICAL,A,12000,8.49,0,0.12,N,3,2024-12-25
23,98000,OWN,6.0,EDUCATION,D,10000,18.07,0,0.1,Y,3,2024-11-26
24,98000,MORTGAGE,8.0,PERSONAL,B,6500,11.11,0,0.07,N,3,2024-04-10
25,54000,RENT,2.0,PERSONAL,B,14000,10.99,0,0.26,N,4,2024-09-17
25,86000,MORTGAGE,9.0,HOMEIMPROVEMENT,B,5000,10.36,1,0.06,N,2,2024-10-16
22,98000,MORTGAGE,5.0,EDUCATION,D,25000,14.46,0,0.26,N,3,2024-06-13
23,98000,MORTGAGE,7.0,VENTURE,A,10000,11.013786929274843,0,0.1,N,4,2024-05-18
22,48000,RENT,1.0,PERSONAL,C,14000,13.92,1,0.29,N,3,2024-03-24
25,86000,MORTGAGE,7.0,DEBTCONSOLIDATION,D,24000,11.013786929274843,1,0.28,Y,2,2024-06-26
22,86000,MORTGAGE,7.0,EDUCATION,C,18000,13.48,1,0.21,N,2,2024-07-05
26,98000,MORTGAGE,7.0,VENTURE,A,14000,7.88,0,0.14,N,3,2024-01-10
25,55000,RENT,9.0,HOMEIMPROVEMENT,A,14000,6.62,0,0.25,N,2,2024-11-22
26,55000,RENT,2.0,EDUCATION,B,14000,9.99,0,0.25,N,4,2024-09-22
23,98000,MORTGAGE,3.0,VENTURE,A,10000,8.94,0,0.1,N,3,2024-05-30
24,98000,MORTGAGE,8.0,MEDICAL,B,25000,11.83,0,0.26,N,3,2024-07-19
23,86000,MORTGAGE,7.0,DEBTCONSOLIDATION,D,4800,16.0,1,0.06,Y,3,2024-02-06
23,98000,MORTGAGE,4.0,EDUCATION,A,14500,8.94,0,0.15,N,3,2024-07-20
23,32000,OWN,4.0,PERSONAL,C,7500,12.98,0,0.23,N,3,2024-05-26
25,98000,MORTGAGE,3.0,HOMEIMPROVEMENT,B,1000,11.14,0,0.01,N,4,2024-02-02
23,98000,MORTGAGE,7.0,DEBTCONSOLIDATION,C,20000,13.57,0,0.2,N,4,2024-11-08
25,98000,MORTGAGE,2.0,PERSONAL,A,6400,9.63,0,0.07,N,4,2024-09-26
22,98004,MORTGAGE,6.0,DEBTCONSOLIDATION,A,16000,7.66,0,0.16,N,3,2024-09-24
25,86004,MORTGAGE,3.0,PERSONAL,A,15000,6.91,1,0.17,N,4,2024-03-13
23,55000,RENT,3.0,VENTURE,C,14000,11.66,0,0.25,N,3,2024-08-17
23,73185,MORTGAGE,7.0,MEDICAL,B,7000,9.63,1,0.08,N,2,2024-03-11
23,98280,MORTGAGE,7.0,EDUCATION,A,9400,6.62,0,0.1,N,3,2024-07-06
23,98400,MORTGAGE,7.0,EDUCATION,A,9000,6.62,0,0.09,N,4,2024-05-11
26,98400,MORTGAGE,4.0,VENTURE,A,8450,6.99,0,0.09,N,2,2024-10-23
22,55992,RENT,6.0,VENTURE,B,14000,12.21,0,0.25,N,3,2024-04-14
22,56000,RENT,5.0,EDUCATION,C,14000,14.35,0,0.25,Y,4,2024-01-27
23,32000,OWN,2.0,VENTURE,A,6500,8.59,0,0.2,N,2,2024-03-20
24,98518,MORTGAGE,8.0,VENTURE,A,10000,8.59,0,0.1,N,3,2024-07-04
26,98700,MORTGAGE,6.0,HOMEIMPROVEMENT,C,9600,13.06,0,0.1,N,3,2024-07-22
24,32000,OWN,3.0,HOMEIMPROVEMENT,B,15000,11.013786929274843,0,0.47,N,3,2024-02-21
24,56004,RENT,2.0,MEDICAL,C,14000,12.61,0,0.25,N,2,2024-06-01
23,98800,MORTGAGE,7.0,VENTURE,B,1000,11.49,0,0.01,N,3,2024-06-13
22,99000,MORTGAGE,6.0,VENTURE,A,18000,8.9,0,0.18,N,3,2024-07-29
24,99000,MORTGAGE,8.0,DEBTCONSOLIDATION,A,12000,6.03,0,0.12,N,2,2024-01-04
26,57600,RENT,10.0,VENTURE,B,14000,10.37,0,0.24,N,2,2024-05-09
26,99000,MORTGAGE,10.0,VENTURE,B,5000,11.49,0,0.05,N,2,2024-01-23
25,58000,RENT,5.0,MEDICAL,C,14000,12.61,0,0.24,Y,3,2024-02-18
26,60000,RENT,2.0,MEDICAL,B,14000,12.69,0,0.23,N,4,2024-01-29
22,60000,RENT,6.0,PERSONAL,A,14000,6.03,0,0.23,N,2,2024-12-29
25,99000,MORTGAGE,9.0,DEBTCONSOLIDATION,A,15000,6.17,0,0.15,N,4,2024-06-12
23,60000,RENT,4.0,EDUCATION,D,14000,14.84,0,0.23,Y,3,2024-02-11
23,99000,MORTGAGE,8.0,EDUCATION,A,1800,7.88,0,0.02,N,2,2024-02-18
26,99000,MORTGAGE,9.0,MEDICAL,C,20000,14.22,0,0.2,N,4,2024-03-28
24,99000,MORTGAGE,8.0,EDUCATION,B,12250,9.88,0,0.12,N,2,2024-05-24
22,60000,RENT,7.0,VENTURE,A,14000,7.88,0,0.23,N,2,2024-09-07
26,99085,MORTGAGE,10.0,VENTURE,D,8000,14.91,0,0.08,Y,4,2024-02-17
23,99200,MORTGAGE,7.0,DEBTCONSOLIDATION,A,23000,6.91,0,0.23,N,4,2024-04-14
24,87220,MORTGAGE,7.0,VENTURE,C,8000,11.013786929274843,1,0.09,Y,3,2024-01-09
22,60000,RENT,3.0,DEBTCONSOLIDATION,C,14000,13.48,0,0.23,Y,3,2024-06-02
25,99473,MORTGAGE,9.0,PERSONAL,B,8500,11.58,0,0.09,N,2,2024-02-22
23,99500,MORTGAGE,7.0,EDUCATION,D,25000,15.7,0,0.25,N,2,2024-01-08
25,54000,RENT,6.0,DEBTCONSOLIDATION,D,14000,14.59,1,0.26,Y,4,2024-08-21
25,99600,MORTGAGE,1.0,HOMEIMPROVEMENT,B,12800,12.42,0,0.13,N,4,2024-10-04
22,99600,MORTGAGE,6.0,PERSONAL,A,7125,7.51,0,0.07,N,4,2024-03-18
22,99600,MORTGAGE,6.0,MEDICAL,B,5000,9.67,0,0.05,N,3,2024-12-05
23,99670,MORTGAGE,2.0,PERSONAL,D,5500,14.74,0,0.06,N,4,2024-02-24
24,99750,MORTGAGE,8.0,HOMEIMPROVEMENT,B,12000,9.62,0,0.12,N,3,2024-04-01
25,99800,MORTGAGE,1.0,MEDICAL,A,12000,8.94,0,0.12,N,2,2024-08-16
26,99900,MORTGAGE,10.0,PERSONAL,A,2700,11.013786929274843,0,0.03,N,3,2024-11-02
25,60000,RENT,5.0,HOMEIMPROVEMENT,B,14000,11.013786929274843,0,0.23,N,2,2024-12-10
23,99996,MORTGAGE,7.0,EDUCATION,A,20000,7.49,0,0.2,N,3,2024-03-14
25,99996,MORTGAGE,6.0,MEDICAL,B,8000,11.013786929274843,0,0.08,N,4,2024-02-15
23,99996,MORTGAGE,2.0,PERSONAL,B,4800,11.49,0,0.05,N,2,2024-05-19
25,99996,MORTGAGE,5.0,HOMEIMPROVEMENT,B,12000,10.38,0,0.12,N,4,2024-05-06
23,62000,RENT,7.0,DEBTCONSOLIDATION,B,14000,10.99,0,0.23,N,4,2024-08-11
24,99996,MORTGAGE,5.0,MEDICAL,C,10000,13.61,0,0.1,Y,3,2024-09-09
24,62004,RENT,6.0,VENTURE,A,14000,8.59,0,0.23,N,4,2024-11-02
25,99996,MORTGAGE,3.0,VENTURE,A,8000,8.0,0,0.08,N,2,2024-03-23
24,62800,RENT,5.0,PERSONAL,B,14000,12.69,0,0.22,N,2,2024-04-26
23,100000,MORTGAGE,7.0,MEDICAL,B,25000,11.71,0,0.25,N,3,2024-10-31
24,100000,MORTGAGE,1.0,EDUCATION,B,6600,9.91,0,0.07,N,2,2024-08-20
22,64000,RENT,2.0,DEBTCONSOLIDATION,A,14000,7.88,0,0.22,N,3,2024-03-09
23,65000,RENT,3.0,PERSONAL,B,14000,10.65,0,0.22,N,4,2024-02-23
23,100000,MORTGAGE,7.0,PERSONAL,D,35000,16.77,0,0.35,N,3,2024-06-24
23,65000,RENT,2.0,DEBTCONSOLIDATION,B,14000,9.99,0,0.22,N,2,2024-05-26
23,100000,MORTGAGE,4.0,EDUCATION,D,14000,17.58,0,0.14,Y,3,2024-11-15
23,100000,MORTGAGE,4.0,MEDICAL,C,15000,13.49,0,0.15,N,4,2024-06-11
24,100000,OWN,4.0,MEDICAL,A,6000,8.9,0,0.06,N,2,2024-05-06
22,65000,RENT,3.0,MEDICAL,A,14000,7.49,0,0.22,N,2,2024-01-31
26,66000,RENT,10.0,PERSONAL,A,14000,6.62,0,0.21,N,3,2024-02-07
25,100000,MORTGAGE,9.0,PERSONAL,A,6000,8.9,0,0.06,N,3,2024-05-25
25,31200,OWN,9.0,PERSONAL,A,15000,6.03,0,0.48,N,4,2024-09-21
23,66000,RENT,1.0,EDUCATION,C,14000,12.99,0,0.21,N,3,2024-05-29
25,100000,MORTGAGE,6.0,VENTURE,B,12000,9.91,0,0.12,N,4,2024-07-12
26,100000,MORTGAGE,7.0,VENTURE,A,9200,6.03,0,0.09,N,3,2024-08-12
22,100000,MORTGAGE,6.0,EDUCATION,B,9000,11.013786929274843,0,0.09,N,2,2024-11-20
25,88000,MORTGAGE,9.0,PERSONAL,D,20000,17.58,1,0.23,N,3,2024-07-26
23,100000,OWN,7.0,PERSONAL,D,35000,16.77,0,0.35,N,4,2024-01-22
25,100000,MORTGAGE,9.0,HOMEIMPROVEMENT,B,4800,10.65,0,0.05,N,3,2024-07-07
25,100000,MORTGAGE,9.0,HOMEIMPROVEMENT,A,11650,6.62,0,0.12,N,3,2024-09-27
23,88000,MORTGAGE,4.0,HOMEIMPROVEMENT,C,8400,14.65,1,0.1,N,4,2024-03-13
24,69000,RENT,3.0,VENTURE,C,14000,12.61,0,0.2,Y,2,2024-05-16
26,69575,RENT,3.0,MEDICAL,A,14000,9.63,0,0.2,N,3,2024-10-15
25,63996,RENT,9.0,DEBTCONSOLIDATION,D,14000,14.42,1,0.22,Y,2,2024-09-04
23,31200,OWN,7.0,EDUCATION,B,6000,10.37,0,0.19,N,3,2024-07-27
25,70000,RENT,2.0,HOMEIMPROVEMENT,B,14000,9.99,0,0.2,N,2,2024-04-20
24,55845,RENT,1.0,MEDICAL,D,14000,14.96,1,0.21,N,4,2024-12-11
22,100000,MORTGAGE,7.0,PERSONAL,A,6000,8.49,0,0.06,N,2,2024-02-22
24,100000,MORTGAGE,4.0,MEDICAL,B,8000,9.99,0,0.08,N,3,2024-03-17
24,72000,RENT,8.0,EDUCATION,A,14000,7.9,0,0.19,N,4,2024-01-21
26,100000,MORTGAGE,10.0,DEBTCONSOLIDATION,A,12000,5.99,0,0.12,N,2,2024-08-05
23,72150,RENT,3.0,VENTURE,B,14000,10.75,0,0.19,N,3,2024-11-06
22,100000,MORTGAGE,6.0,EDUCATION,B,14350,9.99,0,0.14,N,2,2024-03-24
24,100000,MORTGAGE,8.0,MEDICAL,A,6000,5.42,0,0.06,N,4,2024-04-20
24,100000,MORTGAGE,8.0,MEDICAL,A,5625,6.99,0,0.06,N,4,2024-08-27
24,100000,MORTGAGE,1.0,VENTURE,A,5000,11.013786929274843,0,0.05,N,3,2024-06-24
26,100000,MORTGAGE,11.0,PERSONAL,C,15000,13.99,0,0.15,N,4,2024-04-16
23,73000,RENT,1.0,PERSONAL,C,14000,13.11,0,0.19,N,2,2024-06-09
23,100000,MORTGAGE,5.0,MEDICAL,B,8000,11.49,0,0.08,N,4,2024-01-03
25,100000,MORTGAGE,9.0,MEDICAL,A,3275,5.42,0,0.03,N,2,2024-12-01
24,100000,MORTGAGE,8.0,MEDICAL,A,10750,6.99,0,0.11,N,4,2024-07-07
23,100000,MORTGAGE,7.0,PERSONAL,B,11200,11.49,0,0.11,N,2,2024-02-28
23,100000,MORTGAGE,7.0,VENTURE,B,10000,10.59,0,0.1,N,4,2024-08-25
25,100000,MORTGAGE,2.0,VENTURE,C,16000,14.79,0,0.16,Y,2,2024-12-14
26,88000,MORTGAGE,6.0,EDUCATION,C,7700,14.79,1,0.09,Y,4,2024-03-30
26,75000,RENT,4.0,EDUCATION,B,14000,11.11,0,0.19,N,4,2024-10-05
22,100000,MORTGAGE,6.0,EDUCATION,A,15000,7.49,0,0.15,N,2,2024-04-29
25,100000,MORTGAGE,9.0,EDUCATION,C,7500,13.99,0,0.07,N,4,2024-06-07
25,100000,MORTGAGE,9.0,HOMEIMPROVEMENT,B,17600,10.59,0,0.18,N,2,2024-10-29
24,100000,MORTGAGE,3.0,EDUCATION,A,10000,5.99,0,0.1,N,2,2024-07-04
22,100000,MORTGAGE,6.0,EDUCATION,B,3000,11.49,0,0.03,N,3,2024-05-31
26,100000,OWN,10.0,MEDICAL,B,10000,10.59,0,0.1,N,2,2024-06-22
25,100000,MORTGAGE,2.0,EDUCATION,D,15000,15.99,0,0.15,Y,3,2024-04-21
22,100000,MORTGAGE,2.0,EDUCATION,B,15000,11.99,0,0.15,N,2,2024-07-19
24,100000,MORTGAGE,7.0,EDUCATION,D,10300,15.99,0,0.1,Y,4,2024-07-02
24,88000,MORTGAGE,5.0,DEBTCONSOLIDATION,E,24000,19.69,1,0.27,N,2,2024-04-06
26,100000,MORTGAGE,4.0,DEBTCONSOLIDATION,B,25000,11.99,0,0.25,N,3,2024-12-23
25,77700,RENT,2.0,HOMEIMPROVEMENT,B,14000,10.99,0,0.18,N,2,2024-10-20
22,78700,RENT,6.0,EDUCATION,C,14000,13.48,0,0.18,N,4,2024-08-30
26,80000,RENT,6.0,EDUCATION,B,14000,11.013786929274843,0,0.17,N,2,2024-09-17
26,100000,MORTGAGE,4.0,EDUCATION,A,5000,6.92,0,0.05,N,4,2024-10-27
26,74800,MORTGAGE,3.0,MEDICAL,D,10000,14.54,1,0.11,N,3,2024-05-27
23,100000,MORTGAGE,8.0,VENTURE,A,10000,7.66,0,0.1,N,2,2024-06-06
25,100000,MORTGAGE,5.0,MEDICAL,B,15000,11.013786929274843,0,0.15,N,3,2024-05-28
24,81000,RENT,2.0,DEBTCONSOLIDATION,C,14000,14.17,0,0.17,N,4,2024-07-05
22,100000,MORTGAGE,3.0,VENTURE,B,12000,11.11,0,0.12,N,3,2024-09-14
24,100000,MORTGAGE,8.0,VENTURE,A,6000,5.79,0,0.06,N,2,2024-01-17
22,82000,RENT,4.0,PERSONAL,A,14000,7.9,0,0.17,N,4,2024-04-18
23,100000,MORTGAGE,1.0,PERSONAL,B,9125,11.11,0,0.09,N,3,2024-10-30
25,100000,MORTGAGE,3.0,MEDICAL,A,12000,5.79,0,0.12,N,2,2024-02-19
24,100000,MORTGAGE,8.0,VENTURE,F,30000,18.62,0,0.3,Y,2,2024-11-08
24,100000,MORTGAGE,8.0,HOMEIMPROVEMENT,A,12000,6.92,0,0.12,N,2,2024-01-23
24,100000,MORTGAGE,9.0,VENTURE,A,12800,5.79,0,0.13,N,4,2024-11-29
24,100000,MORTGAGE,6.0,MEDICAL,A,20000,6.17,0,0.2,N,4,2024-02-26
24,100000,MORTGAGE,2.0,EDUCATION,B,7700,10.74,0,0.08,N,2,2024-04-30
22,100000,MORTGAGE,6.0,EDUCATION,B,10000,10.74,0,0.1,N,3,2024-06-27
23,100000,MORTGAGE,4.0,VENTURE,E,25000,17.14,0,0.25,Y,2,2024-12-17
23,100000,MORTGAGE,8.0,PERSONAL,A,16000,6.17,0,0.16,N,2,2024-05-10
23,86000,RENT,4.0,MEDICAL,A,14000,6.62,0,0.16,N,3,2024-08-08
25,90996,RENT,5.0,MEDICAL,C,14000,12.23,0,0.15,N,2,2024-11-21
25,100000,OWN,2.0,HOMEIMPROVEMENT,A,15000,6.17,0,0.15,N,4,2024-04-24
24,100000,MORTGAGE,8.0,HOMEIMPROVEMENT,A,10000,6.54,0,0.1,N,3,2024-05-04
26,100000,MORTGAGE,11.0,HOMEIMPROVEMENT,A,2000,5.42,0,0.02,N,2,2024-01-04
24,100000,MORTGAGE,2.0,DEBTCONSOLIDATION,B,5000,9.62,0,0.05,N,4,2024-10-06
24,100000,MORTGAGE,4.0,VENTURE,A,16000,6.54,0,0.16,N,2,2024-12-09
23,100000,MORTGAGE,2.0,VENTURE,A,14000,6.17,0,0.14,N,3,2024-05-27
24,95000,RENT,5.0,VENTURE,B,14000,11.013786929274843,0,0.15,N,2,2024-07-22
22,100000,MORTGAGE,7.0,EDUCATION,A,20000,6.91,0,0.2,N,4,2024-06-20
23,100000,MORTGAGE,7.0,PERSONAL,C,5400,12.23,0,0.05,Y,2,2024-09-22
22,100000,MORTGAGE,4.0,EDUCATION,A,13500,11.013786929274843,0,0.14,N,4,2024-07-31
26,100000,RENT,6.0,VENTURE,C,14000,13.85,0,0.14,N,4,2024-05-01
24,100000,MORTGAGE,8.0,EDUCATION,A,16800,7.88,0,0.17,N,4,2024-06-30
24,74800,RENT,4.0,MEDICAL,E,14000,16.45,1,0.16,N,2,2024-03-31
25,100000,MORTGAGE,9.0,EDUCATION,A,15000,7.88,0,0.15,N,2,2024-03-21
24,100000,MORTGAGE,5.0,PERSONAL,B,14000,10.75,0,0.14,N,3,2024-06-16
25,100000,MORTGAGE,3.0,PERSONAL,D,13750,15.95,0,0.14,N,4,2024-01-05
24,100000,MORTGAGE,8.0,DEBTCONSOLIDATION,C,3600,13.23,0,0.04,Y,2,2024-01-31
24,100000,MORTGAGE,5.0,VENTURE,A,7000,6.76,0,0.07,N,3,2024-01-31
24,98000,RENT,4.0,EDUCATION,C,14000,14.26,1,0.14,N,3,2024-10-01
25,100000,MORTGAGE,9.0,PERSONAL,C,7000,13.98,0,0.07,N,3,2024-06-20
25,100000,MORTGAGE,2.0,PERSONAL,A,10000,7.51,0,0.1,N,4,2024-09-14
23,100000,MORTGAGE,7.0,EDUCATION,A,15000,7.88,0,0.15,N,4,2024-09-03
24,110004,RENT,5.0,MEDICAL,A,14000,7.88,0,0.13,N,2,2024-08-26
25,100000,MORTGAGE,3.0,EDUCATION,B,25000,10.75,0,0.25,N,4,2024-12-06
23,113000,RENT,2.0,DEBTCONSOLIDATION,C,14000,13.49,0,0.12,Y,2,2024-04-08
23,120000,RENT,3.0,MEDICAL,B,14000,9.99,0,0.12,N,4,2024-02-22
26,100000,MORTGAGE,5.0,EDUCATION,B,24000,10.99,0,0.24,N,4,2024-04-08
24,120000,RENT,2.0,MEDICAL,B,14000,10.0,0,0.12,N,3,2024-11-18
25,100000,MORTGAGE,9.0,PERSONAL,A,4800,7.14,0,0.05,N,3,2024-11-09
23,100000,MORTGAGE,5.0,DEBTCONSOLIDATION,B,20000,11.36,0,0.2,N,3,2024-01-22
26,120000,RENT,10.0,VENTURE,E,14000,11.013786929274843,0,0.12,Y,4,2024-06-02
26,100000,MORTGAGE,10.0,EDUCATION,C,14000,13.11,0,0.14,Y,2,2024-10-18
23,122000,RENT,7.0,DEBTCONSOLIDATION,C,14000,13.48,0,0.11,Y,2,2024-11-06
25,100000,MORTGAGE,9.0,MEDICAL,C,15000,12.73,0,0.15,Y,4,2024-12-19
24,100000,MORTGAGE,6.0,VENTURE,D,25000,15.33,0,0.25,Y,2,2024-04-18
22,30004,OWN,6.0,EDUCATION,A,7500,11.013786929274843,0,0.25,N,2,2024-05-22
24,100000,OWN,2.0,HOMEIMPROVEMENT,B,24000,10.99,0,0.24,N,4,2024-08-09
22,128165,RENT,6.0,DEBTCONSOLIDATION,A,14000,8.94,0,0.11,N,3,2024-05-22
25,100000,MORTGAGE,9.0,MEDICAL,B,14000,10.25,0,0.14,N,2,2024-12-21
24,145000,RENT,3.0,VENTURE,C,14000,12.84,0,0.1,Y,4,2024-05-27
24,100000,MORTGAGE,8.0,PERSONAL,D,17400,16.07,0,0.17,Y,4,2024-10-20
25,100000,MORTGAGE,9.0,EDUCATION,B,8000,10.25,0,0.08,N,3,2024-12-28
24,100000,MORTGAGE,8.0,HOMEIMPROVEMENT,D,12000,15.33,0,0.12,N,4,2024-06-15
24,148000,RENT,8.0,HOMEIMPROVEMENT,A,14000,5.42,0,0.09,N,2,2024-04-13
22,88000,MORTGAGE,6.0,DEBTCONSOLIDATION,F,25000,18.09,1,0.28,N,2,2024-10-17
23,100000,MORTGAGE,7.0,EDUCATION,D,15000,16.0,0,0.15,Y,2,2024-12-21
25,100000,MORTGAGE,9.0,HOMEIMPROVEMENT,B,25000,11.48,0,0.25,N,3,2024-11-21
22,100000,MORTGAGE,6.0,DEBTCONSOLIDATION,A,15000,8.94,0,0.15,N,3,2024-06-03
23,24000,RENT,1.0,VENTURE,B,14075,11.013786929274843,1,0.59,N,3,2024-02-16
24,100000,MORTGAGE,8.0,DEBTCONSOLIDATION,B,13000,11.48,0,0.13,N,4,2024-12-26
22,46000,RENT,7.0,PERSONAL,C,14100,14.26,1,0.31,N,2,2024-04-03
23,100000,MORTGAGE,4.0,DEBTCONSOLIDATION,C,10000,13.57,0,0.1,N,3,2024-07-26
25,100000,MORTGAGE,9.0,MEDICAL,A,12000,8.94,0,0.12,N,4,2024-02-23
23,100000,MORTGAGE,4.0,EDUCATION,C,10000,12.87,0,0.1,Y,3,2024-01-12
24,100000,MORTGAGE,5.0,VENTURE,B,12000,12.18,0,0.12,N,3,2024-06-30
23,100000,MORTGAGE,1.0,VENTURE,B,25000,11.58,0,0.25,N,3,2024-12-13
24,100000,MORTGAGE,3.0,EDUCATION,B,15000,12.21,0,0.15,N,2,2024-03-05
24,88000,MORTGAGE,2.0,EDUCATION,G,25000,18.84,1,0.28,N,2,2024-03-12
23,32000,RENT,5.0,MEDICAL,A,14125,7.9,1,0.44,N,2,2024-08-08
23,100000,OTHER,1.0,EDUCATION,B,15000,11.013786929274843,0,0.15,N,2,2024-09-07
26,30000,OWN,3.0,PERSONAL,A,6000,7.9,0,0.2,N,2,2024-04-12
23,100000,MORTGAGE,2.0,PERSONAL,C,6850,13.47,0,0.07,N,4,2024-07-02
25,33000,RENT,1.0,MEDICAL,B,14125,9.91,1,0.43,N,3,2024-05-13
26,30000,OWN,3.0,VENTURE,A,1925,6.03,0,0.06,N,3,2024-07-09
24,100000,OTHER,1.0,MEDICAL,B,25000,11.013786929274843,0,0.25,N,3,2024-11-21
25,100000,OWN,4.0,MEDICAL,C,15000,11.28,0,0.15,N,4,2024-04-21
26,100000,MORTGAGE,7.0,DEBTCONSOLIDATION,A,7500,8.32,0,0.07,N,3,2024-07-12
24,100000,MORTGAGE,1.0,DEBTCONSOLIDATION,A,6000,11.013786929274843,0,0.06,N,3,2024-10-10
22,40000,RENT,4.0,DEBTCONSOLIDATION,B,14125,11.49,1,0.35,N,3,2024-07-06
26,100000,MORTGAGE,9.0,EDUCATION,B,12800,9.45,0,0.13,N,3,2024-06-25
26,92000,RENT,10.0,PERSONAL,B,14200,10.99,0,0.15,N,3,2024-06-10
23,100000,MORTGAGE,5.0,DEBTCONSOLIDATION,C,15000,11.34,0,0.15,Y,2,2024-02-24
26,135000,RENT,10.0,PERSONAL,B,14275,9.45,0,0.11,N,2,2024-03-06
22,74867,MORTGAGE,4.0,MEDICAL,D,17000,16.02,1,0.19,Y,4,2024-02-12
23,100080,MORTGAGE,7.0,PERSONAL,B,20600,12.53,0,0.21,N,4,2024-07-20
24,74909,MORTGAGE,8.0,MEDICAL,B,14000,9.99,1,0.16,N,2,2024-01-28
24,100400,MORTGAGE,6.0,HOMEIMPROVEMENT,E,10000,16.4,0,0.1,Y,4,2024-02-03
25,100505,OWN,9.0,HOMEIMPROVEMENT,B,35000,11.99,0,0.35,N,3,2024-03-06
23,100800,MORTGAGE,4.0,DEBTCONSOLIDATION,A,20000,7.9,0,0.2,N,4,2024-04-05
24,35000,RENT,4.0,PERSONAL,D,14400,15.7,1,0.41,N,4,2024-12-29
26,100800,MORTGAGE,7.0,EDUCATION,B,8000,11.99,0,0.08,N,3,2024-01-26
24,100800,MORTGAGE,4.0,EDUCATION,B,21000,11.49,0,0.21,N,4,2024-08-07
24,100800,MORTGAGE,8.0,MEDICAL,B,10800,10.75,0,0.11,N,4,2024-01-17
25,75500,MORTGAGE,10.0,MEDICAL,D,6000,14.74,1,0.07,Y,4,2024-06-10
22,30000,OWN,3.0,EDUCATION,A,15000,6.62,0,0.5,N,4,2024-12-20
24,100860,MORTGAGE,8.0,HOMEIMPROVEMENT,A,6000,5.99,0,0.06,N,4,2024-08-08
23,36000,RENT,3.0,PERSONAL,C,14400,13.57,1,0.4,N,2,2024-07-03
24,100995,MORTGAGE,6.0,DEBTCONSOLIDATION,A,16000,7.51,0,0.16,N,2,2024-06-01
25,101000,MORTGAGE,9.0,EDUCATION,B,17000,11.71,0,0.17,N,3,2024-09-12
23,101000,MORTGAGE,7.0,PERSONAL,E,20000,17.43,0,0.2,Y,3,2024-07-06
22,30000,OWN,3.0,MEDICAL,B,7200,10.99,0,0.24,N,2,2024-06-30
24,34320,RENT,5.0,MEDICAL,E,14400,16.82,1,0.42,Y,3,2024-10-08
26,101000,MORTGAGE,6.0,PERSONAL,A,16000,7.88,0,0.16,N,3,2024-03-31
22,101000,MORTGAGE,7.0,EDUCATION,D,25000,11.013786929274843,0,0.25,Y,3,2024-05-11
22,42996,RENT,2.0,DEBTCONSOLIDATION,C,14400,11.013786929274843,1,0.33,Y,4,2024-01-24
24,101000,OWN,5.0,MEDICAL,B,24250,12.53,0,0.24,N,4,2024-03-17
24,89000,MORTGAGE,1.0,VENTURE,D,25000,15.65,1,0.28,Y,4,2024-03-28
26,43000,RENT,7.0,MEDICAL,B,14400,9.62,1,0.33,N,4,2024-05-16
22,43000,RENT,2.0,DEBTCONSOLIDATION,A,14400,7.88,1,0.33,N,2,2024-06-01
22,30000,OWN,6.0,VENTURE,A,6000,7.49,0,0.2,N,3,2024-09-07
23,101138,MORTGAGE,2.0,EDUCATION,C,20500,13.48,0,0.2,N,4,2024-06-10
26,101400,MORTGAGE,10.0,DEBTCONSOLIDATION,A,5600,6.62,0,0.06,N,3,2024-02-08
24,101400,MORTGAGE,8.0,PERSONAL,A,9900,8.0,0,0.1,N,4,2024-04-03
23,45000,RENT,4.0,EDUCATION,B,14400,11.013786929274843,1,0.32,N,3,2024-04-13
24,50000,RENT,4.0,DEBTCONSOLIDATION,A,14400,11.013786929274843,0,0.29,N,2,2024-01-30
25,102000,MORTGAGE,5.0,EDUCATION,B,6975,9.91,0,0.07,N,3,2024-09-25
23,51000,RENT,3.0,DEBTCONSOLIDATION,A,14400,7.51,0,0.28,N,4,2024-09-27
23,102000,MORTGAGE,7.0,DEBTCONSOLIDATION,B,25000,11.71,0,0.25,N,4,2024-04-19
24,45871,RENT,5.0,HOMEIMPROVEMENT,D,14400,11.013786929274843,1,0.31,Y,3,2024-12-22
23,102000,MORTGAGE,5.0,PERSONAL,A,35000,7.9,0,0.34,N,3,2024-11-23
25,102000,OWN,9.0,MEDICAL,B,8000,12.42,0,0.08,N,4,2024-05-06
24,102000,MORTGAGE,5.0,MEDICAL,C,12000,15.27,0,0.12,N,3,2024-10-05
24,102000,OWN,5.0,PERSONAL,A,23800,8.9,0,0.23,N,2,2024-06-13
26,102000,MORTGAGE,5.0,PERSONAL,A,13000,5.42,0,0.13,N,3,2024-07-16
24,57000,RENT,8.0,MEDICAL,A,14400,7.49,0,0.25,N,4,2024-05-11
25,102000,MORTGAGE,3.0,DEBTCONSOLIDATION,A,11200,7.91,0,0.11,N,4,2024-03-18
22,102000,MORTGAGE,3.0,MEDICAL,A,18000,8.49,0,0.18,N,3,2024-08-27
22,102000,MORTGAGE,6.0,PERSONAL,A,10000,7.49,0,0.1,N,4,2024-10-04
23,90000,MORTGAGE,6.0,PERSONAL,B,15000,9.99,1,0.17,N,3,2024-06-08
24,102000,MORTGAGE,6.0,VENTURE,B,9800,10.36,0,0.1,N,2,2024-11-26
23,102000,MORTGAGE,7.0,DEBTCONSOLIDATION,C,6000,11.013786929274843,0,0.06,Y,3,2024-01-04
23,58977,RENT,7.0,DEBTCONSOLIDATION,C,14400,11.013786929274843,0,0.24,N,4,2024-12-23
23,102000,MORTGAGE,7.0,EDUCATION,B,10000,11.49,0,0.1,N,2,2024-02-13
23,59000,RENT,4.0,PERSONAL,A,14400,8.9,0,0.24,N,3,2024-12-05
26,102000,MORTGAGE,6.0,DEBTCONSOLIDATION,C,6000,13.61,0,0.06,N,2,2024-06-01
25,102000,MORTGAGE,9.0,DEBTCONSOLIDATION,C,14400,11.013786929274843,0,0.14,Y,2,2024-01-09
23,102000,MORTGAGE,4.0,EDUCATION,B,20000,11.013786929274843,0,0.2,N,3,2024-02-02
24,102000,MORTGAGE,7.0,MEDICAL,B,7200,11.013786929274843,0,0.07,N,3,2024-03-05
24,102000,MORTGAGE,8.0,VENTURE,B,20000,10.25,0,0.2,N,3,2024-04-17
23,102000,MORTGAGE,2.0,PERSONAL,A,6000,7.51,0,0.06,N,2,2024-11-10
26,102000,MORTGAGE,3.0,DEBTCONSOLIDATION,B,20000,11.36,0,0.2,N,4,2024-08-17
23,60996,RENT,7.0,PERSONAL,C,14400,12.84,0,0.24,N,3,2024-04-12
25,61000,RENT,1.0,PERSONAL,B,14400,12.53,0,0.24,N,2,2024-01-31
24,102000,OWN,8.0,MEDICAL,B,24250,11.83,0,0.24,N,3,2024-12-08
22,102000,OWN,1.0,MEDICAL,C,7000,12.87,0,0.07,N,3,2024-10-30
25,64000,RENT,9.0,MEDICAL,B,14400,9.62,0,0.23,N,2,2024-09-24
23,102000,OWN,7.0,EDUCATION,A,15000,8.94,0,0.15,N,3,2024-07-15
24,70000,RENT,4.0,EDUCATION,C,14400,12.68,0,0.21,Y,4,2024-05-23
24,90000,MORTGAGE,5.0,VENTURE,C,19200,12.84,1,0.21,Y,4,2024-07-31
24,70000,RENT,5.0,HOMEIMPROVEMENT,C,14400,12.23,0,0.21,N,4,2024-05-10
23,72000,RENT,3.0,DEBTCONSOLIDATION,B,14400,11.14,0,0.2,N,3,2024-05-11
25,102211,MORTGAGE,3.0,DEBTCONSOLIDATION,B,15000,11.58,0,0.15,N,2,2024-07-04
24,72000,RENT,6.0,PERSONAL,B,14400,10.0,0,0.2,N,4,2024-05-15
23,68000,RENT,1.0,PERSONAL,E,14400,17.99,1,0.21,Y,3,2024-03-19
26,102456,MORTGAGE,10.0,VENTURE,D,25000,11.013786929274843,0,0.24,Y,2,2024-04-06
26,102500,MORTGAGE,4.0,EDUCATION,A,11800,6.03,0,0.12,N,2,2024-06-05
24,102960,MORTGAGE,2.0,DEBTCONSOLIDATION,A,16000,7.88,0,0.16,N,2,2024-08-05
24,102996,MORTGAGE,3.0,VENTURE,A,20000,6.91,0,0.19,N,4,2024-11-12
24,102996,MORTGAGE,1.0,VENTURE,C,5000,14.22,0,0.05,Y,4,2024-06-09
22,102996,MORTGAGE,6.0,MEDICAL,A,8000,7.74,0,0.08,N,3,2024-07-18
24,103000,MORTGAGE,8.0,VENTURE,C,21000,13.49,0,0.2,Y,2,2024-09-18
24,103000,OWN,8.0,EDUCATION,D,24000,16.77,0,0.23,N,3,2024-10-21
23,103000,MORTGAGE,6.0,DEBTCONSOLIDATION,C,4000,13.49,0,0.04,N,2,2024-01-27
22,103000,MORTGAGE,7.0,VENTURE,D,15000,15.99,0,0.15,Y,2,2024-10-27
25,103000,MORTGAGE,4.0,PERSONAL,A,29175,11.013786929274843,0,0.28,N,2,2024-09-13
24,103000,MORTGAGE,8.0,PERSONAL,B,8000,10.74,0,0.08,N,3,2024-09-29
23,103000,MORTGAGE,7.0,DEBTCONSOLIDATION,B,21850,10.0,0,0.21,N,3,2024-02-24
24,103000,MORTGAGE,8.0,HOMEIMPROVEMENT,B,6400,10.37,0,0.06,N,3,2024-12-27
23,103000,MORTGAGE,7.0,EDUCATION,C,17000,14.35,0,0.17,N,4,2024-06-27
22,103000,MORTGAGE,2.0,MEDICAL,B,6000,11.013786929274843,0,0.06,N,4,2024-08-08
23,78000,RENT,6.0,VENTURE,C,14400,14.27,0,0.18,Y,4,2024-11-11
22,80000,RENT,1.0,PERSONAL,B,14400,11.71,0,0.18,N,2,2024-08-23
23,80000,RENT,1.0,MEDICAL,C,14400,12.68,0,0.18,N,4,2024-06-28
26,91000,MORTGAGE,10.0,DEBTCONSOLIDATION,D,5000,14.96,1,0.05,N,2,2024-07-28
24,77350,MORTGAGE,2.0,MEDICAL,D,25000,15.7,1,0.27,Y,3,2024-02-27
23,30000,OWN,1.0,DEBTCONSOLIDATION,D,4000,15.65,0,0.13,Y,4,2024-11-27
26,81380,RENT,9.0,MEDICAL,B,14400,10.37,0,0.18,N,4,2024-05-13
23,103000,MORTGAGE,1.0,PERSONAL,E,20000,17.04,0,0.19,N,2,2024-06-01
23,82000,RENT,3.0,VENTURE,A,14400,7.66,0,0.18,N,2,2024-06-18
26,103200,MORTGAGE,8.0,PERSONAL,A,9000,6.76,0,0.09,N,2,2024-11-17
25,85000,RENT,5.0,EDUCATION,A,14400,8.49,0,0.17,N,2,2024-01-14
26,88068,RENT,10.0,DEBTCONSOLIDATION,B,14400,11.013786929274843,0,0.16,N,2,2024-11-21
26,94500,RENT,6.0,HOMEIMPROVEMENT,B,14400,10.37,0,0.15,N,3,2024-08-29
22,104000,MORTGAGE,6.0,PERSONAL,A,13600,6.03,0,0.13,N,2,2024-03-02
23,104000,MORTGAGE,7.0,PERSONAL,B,9000,10.65,0,0.09,N,2,2024-03-09
26,78200,MORTGAGE,3.0,MEDICAL,C,15000,14.27,1,0.16,Y,4,2024-05-27
25,104000,MORTGAGE,9.0,HOMEIMPROVEMENT,B,14000,10.99,0,0.13,N,3,2024-09-18
23,104000,MORTGAGE,7.0,EDUCATION,B,5000,11.013786929274843,0,0.05,N,4,2024-10-02
25,104000,OWN,2.0,HOMEIMPROVEMENT,A,10000,6.92,0,0.1,N,2,2024-06-07
25,100000,RENT,1.0,MEDICAL,B,14400,11.71,0,0.14,N,3,2024-02-11
25,30000,OWN,9.0,DEBTCONSOLIDATION,E,1200,16.69,1,0.04,Y,3,2024-05-10
22,100000,RENT,2.0,MEDICAL,B,14400,10.74,0,0.14,N,3,2024-04-07
22,30000,OWN,5.0,PERSONAL,B,3000,10.36,0,0.1,N,2,2024-03-30
26,30000,OWN,3.0,PERSONAL,B,7000,9.99,0,0.23,N,2,2024-07-22
24,104000,MORTGAGE,9.0,PERSONAL,B,14000,9.99,0,0.13,N,3,2024-04-01
24,104000,MORTGAGE,2.0,VENTURE,A,19000,11.013786929274843,0,0.18,N,4,2024-12-07
25,113000,RENT,8.0,DEBTCONSOLIDATION,B,14400,11.71,1,0.13,N,4,2024-12-16
26,130000,RENT,3.0,VENTURE,D,14400,14.46,0,0.11,Y,2,2024-07-21
25,104000,MORTGAGE,4.0,VENTURE,C,11000,13.11,0,0.11,N,3,2024-10-02
24,135000,RENT,6.0,MEDICAL,B,14400,12.69,0,0.11,N,4,2024-05-03
26,28000,RENT,10.0,PERSONAL,B,14500,12.53,1,0.52,N,3,2024-11-11
24,104000,MORTGAGE,8.0,EDUCATION,C,25000,12.84,0,0.24,N,2,2024-08-19
26,104004,MORTGAGE,10.0,DEBTCONSOLIDATION,C,15000,14.22,0,0.14,N,2,2024-06-17
25,92085,MORTGAGE,4.0,HOMEIMPROVEMENT,C,2500,15.27,1,0.03,Y,3,2024-06-13
24,104606,MORTGAGE,8.0,VENTURE,D,5000,15.28,0,0.05,N,2,2024-06-15
25,105000,MORTGAGE,9.0,DEBTCONSOLIDATION,B,12000,11.013786929274843,0,0.11,N,2,2024-04-13
25,105000,MORTGAGE,2.0,DEBTCONSOLIDATION,B,9600,11.71,0,0.09,N,3,2024-08-12
24,105000,MORTGAGE,8.0,EDUCATION,B,13000,9.91,0,0.12,N,3,2024-11-30
24,105000,MORTGAGE,5.0,PERSONAL,D,12000,16.29,0,0.11,N,2,2024-11-13
22,105000,MORTGAGE,6.0,MEDICAL,A,12000,6.62,0,0.11,N,4,2024-01-20
26,105000,OWN,10.0,HOMEIMPROVEMENT,B,4800,11.71,0,0.05,N,4,2024-04-21
26,105000,MORTGAGE,2.0,HOMEIMPROVEMENT,B,7200,10.65,0,0.07,N,4,2024-01-04
24,105000,MORTGAGE,8.0,EDUCATION,C,3000,11.013786929274843,0,0.03,Y,3,2024-04-11
23,105000,MORTGAGE,4.0,VENTURE,A,7200,7.51,0,0.07,N,3,2024-07-06
24,105000,MORTGAGE,8.0,PERSONAL,A,11000,5.42,0,0.1,N,3,2024-04-25
26,36000,RENT,2.0,DEBTCONSOLIDATION,B,14500,9.88,1,0.4,N,3,2024-12-26
26,105000,MORTGAGE,6.0,DEBTCONSOLIDATION,B,12000,11.99,0,0.11,N,2,2024-06-13
26,37000,RENT,5.0,VENTURE,D,14500,15.33,1,0.39,N,4,2024-07-16
26,105000,MORTGAGE,9.0,VENTURE,B,12000,10.99,0,0.11,N,2,2024-08-10
23,105000,MORTGAGE,5.0,EDUCATION,B,20000,11.49,0,0.19,N,4,2024-06-26
25,105000,MORTGAGE,3.0,VENTURE,A,16000,8.49,0,0.15,N,4,2024-06-21
22,105000,MORTGAGE,6.0,DEBTCONSOLIDATION,B,3650,11.99,0,0.03,N,3,2024-08-30
26,105000,MORTGAGE,2.0,DEBTCONSOLIDATION,B,6000,10.99,0,0.06,N,4,2024-04-20
24,105000,MORTGAGE,8.0,HOMEIMPROVEMENT,C,5600,15.23,0,0.05,N,4,2024-03-01
23,105000,MORTGAGE,4.0,VENTURE,B,19000,11.99,0,0.18,N,3,2024-11-12
22,31000,RENT,5.0,PERSONAL,B,14500,11.58,1,0.47,N,3,2024-10-22
24,105000,MORTGAGE,8.0,MEDICAL,B,6000,9.99,0,0.06,N,2,2024-08-06
25,105000,MORTGAGE,9.0,VENTURE,C,4800,15.23,0,0.05,Y,2,2024-06-24
24,43000,RENT,3.0,PERSONAL,B,14500,10.75,1,0.34,N,2,2024-06-01
25,37200,RENT,3.0,EDUCATION,C,14500,13.85,1,0.39,Y,3,2024-05-25
26,105000,MORTGAGE,11.0,PERSONAL,A,5000,8.49,0,0.05,N,3,2024-10-24
26,105000,OWN,10.0,VENTURE,D,10000,15.65,0,0.1,Y,4,2024-08-22
23,45000,RENT,2.0,PERSONAL,B,14500,10.36,1,0.32,N,4,2024-12-06
24,105000,MORTGAGE,2.0,MEDICAL,B,9850,9.63,0,0.09,N,2,2024-10-31
24,105000,MORTGAGE,6.0,EDUCATION,B,25000,10.74,0,0.24,N,3,2024-01-07
23,45504,RENT,2.0,PERSONAL,C,14500,11.013786929274843,1,0.32,N,3,2024-09-04
22,105000,MORTGAGE,2.0,VENTURE,E,15000,15.95,0,0.14,N,3,2024-12-08
24,55000,RENT,3.0,EDUCATION,A,14500,6.62,0,0.26,N,2,2024-12-17
24,49500,RENT,3.0,EDUCATION,B,14500,11.49,1,0.29,N,3,2024-02-01
23,105000,MORTGAGE,5.0,EDUCATION,E,15000,16.82,0,0.14,Y,4,2024-10-18
22,51996,RENT,3.0,HOMEIMPROVEMENT,C,14500,13.16,1,0.28,Y,2,2024-07-21
23,105000,MORTGAGE,8.0,VENTURE,A,10000,11.013786929274843,0,0.1,N,3,2024-08-24
26,59000,RENT,3.0,VENTURE,C,14500,11.97,1,0.25,N,2,2024-08-04
22,105000,MORTGAGE,6.0,PERSONAL,C,6000,14.22,0,0.06,Y,3,2024-03-22
23,105000,MORTGAGE,7.0,VENTURE,B,12000,11.36,0,0.11,N,2,2024-01-11
24,105000,MORTGAGE,8.0,HOMEIMPROVEMENT,A,10000,7.51,0,0.1,N,3,2024-09-29
22,105000,MORTGAGE,3.0,PERSONAL,C,16000,12.73,0,0.15,Y,4,2024-02-23
23,105000,MORTGAGE,7.0,DEBTCONSOLIDATION,B,12000,10.25,0,0.11,N,3,2024-02-29
25,105000,MORTGAGE,9.0,DEBTCONSOLIDATION,C,12000,13.48,0,0.11,N,3,2024-08-18
23,105000,MORTGAGE,3.0,MEDICAL,B,20000,11.48,0,0.19,N,2,2024-04-07
22,105000,MORTGAGE,6.0,EDUCATION,A,7500,11.013786929274843,0,0.07,N,2,2024-04-23
26,93000,MORTGAGE,7.0,DEBTCONSOLIDATION,D,25000,16.0,1,0.27,Y,2,2024-11-20
26,100000,RENT,11.0,PERSONAL,A,14500,8.94,0,0.14,N,3,2024-06-24
22,105000,MORTGAGE,6.0,MEDICAL,B,12800,11.83,0,0.12,N,2,2024-08-06
25,162000,RENT,5.0,EDUCATION,A,14500,7.9,0,0.09,N,4,2024-03-26
26,105000,MORTGAGE,1.0,VENTURE,B,20000,11.013786929274843,0,0.19,N,4,2024-09-23
26,30000,OWN,3.0,PERSONAL,B,12000,11.36,0,0.4,N,3,2024-09-11
25,105000,MORTGAGE,3.0,VENTURE,C,12000,12.84,0,0.11,Y,2,2024-06-08
25,105000,MORTGAGE,1.0,PERSONAL,C,15000,12.53,0,0.14,Y,3,2024-07-15
25,30000,OWN,3.0,HOMEIMPROVEMENT,B,11500,11.36,0,0.38,N,4,2024-10-10
23,30000,OWN,5.0,PERSONAL,B,3000,12.18,0,0.1,N,2,2024-12-31
26,105000,MORTGAGE,3.0,VENTURE,B,25000,11.58,0,0.24,N,3,2024-02-20
25,30000,OWN,4.0,DEBTCONSOLIDATION,D,10000,14.61,0,0.33,Y,2,2024-02-16
26,105000,MORTGAGE,10.0,DEBTCONSOLIDATION,A,9500,9.32,0,0.09,N,3,2024-05-24
24,60000,RENT,1.0,VENTURE,B,14525,10.99,0,0.24,N,4,2024-05-19
24,48000,RENT,2.0,DEBTCONSOLIDATION,B,14550,9.62,0,0.3,N,3,2024-09-22
25,105000,MORTGAGE,6.0,PERSONAL,D,6500,13.87,0,0.06,N,4,2024-06-26
24,105000,MORTGAGE,4.0,VENTURE,C,4000,11.34,0,0.04,N,4,2024-03-30
26,35000,RENT,7.0,MEDICAL,B,14575,10.65,1,0.42,N,3,2024-04-30
23,38800,RENT,2.0,MEDICAL,A,14575,11.013786929274843,1,0.38,N,4,2024-04-09
23,30000,RENT,3.0,PERSONAL,A,14600,6.03,1,0.49,N,4,2024-09-25
24,105018,MORTGAGE,8.0,HOMEIMPROVEMENT,D,28000,15.62,0,0.27,Y,4,2024-02-04
25,31200,RENT,8.0,DEBTCONSOLIDATION,C,14700,12.29,1,0.47,N,4,2024-09-04
24,82440,RENT,8.0,DEBTCONSOLIDATION,A,14700,8.49,0,0.18,N,4,2024-09-06
22,24000,RENT,1.0,PERSONAL,C,15000,12.73,1,0.63,Y,4,2024-12-17
24,105508,MORTGAGE,8.0,MEDICAL,A,3500,7.66,0,0.03,N,4,2024-01-01
22,105600,MORTGAGE,4.0,PERSONAL,B,8000,11.49,0,0.08,N,2,2024-12-10
23,105600,MORTGAGE,2.0,PERSONAL,A,25000,6.99,0,0.24,N,4,2024-09-05
22,28000,RENT,6.0,EDUCATION,B,15000,10.99,1,0.54,N,2,2024-11-04
23,105600,MORTGAGE,7.0,DEBTCONSOLIDATION,A,15000,7.51,0,0.14,N,3,2024-06-10
24,105804,MORTGAGE,8.0,PERSONAL,A,15000,7.49,0,0.14,N,3,2024-08-14
25,105897,MORTGAGE,9.0,MEDICAL,B,25000,11.36,0,0.24,N,3,2024-08-12
24,105996,MORTGAGE,7.0,MEDICAL,A,3000,7.51,0,0.03,N,3,2024-08-30
23,105999,MORTGAGE,6.0,VENTURE,B,8550,9.88,0,0.08,N,2,2024-10-24
22,106000,MORTGAGE,6.0,VENTURE,A,35000,11.013786929274843,0,0.33,N,2,2024-12-25
26,28800,RENT,10.0,MEDICAL,B,15000,10.0,1,0.52,N,2,2024-03-29
26,106000,MORTGAGE,10.0,MEDICAL,C,5000,12.98,0,0.05,N,4,2024-07-02
25,106000,MORTGAGE,3.0,DEBTCONSOLIDATION,A,12000,6.54,0,0.11,N,2,2024-08-01
25,94000,MORTGAGE,1.0,VENTURE,E,25000,11.013786929274843,1,0.27,Y,2,2024-11-14
23,106000,MORTGAGE,7.0,EDUCATION,A,10000,7.14,0,0.09,N,2,2024-05-11
25,79900,MORTGAGE,7.0,MEDICAL,B,15000,11.12,1,0.16,N,4,2024-03-08
26,29040,RENT,2.0,EDUCATION,B,15000,9.62,1,0.52,N,4,2024-09-05
22,30000,RENT,1.0,DEBTCONSOLIDATION,C,15000,15.27,1,0.5,Y,2,2024-11-24
26,30000,OWN,3.0,EDUCATION,B,7500,11.14,0,0.25,N,3,2024-12-03
24,106000,MORTGAGE,8.0,DEBTCONSOLIDATION,A,4575,7.51,0,0.04,N,2,2024-10-20
26,30000,RENT,5.0,DEBTCONSOLIDATION,C,15000,12.84,1,0.5,N,3,2024-01-27
26,106000,MORTGAGE,9.0,EDUCATION,D,10000,15.33,0,0.09,Y,3,2024-10-07
22,106000,MORTGAGE,5.0,EDUCATION,F,25000,18.09,0,0.24,N,3,2024-07-03
25,106226,MORTGAGE,9.0,EDUCATION,B,20000,12.18,0,0.19,N,4,2024-12-24
24,106800,MORTGAGE,6.0,EDUCATION,A,11525,5.42,0,0.11,N,4,2024-08-11
24,106800,MORTGAGE,8.0,PERSONAL,C,16000,13.06,0,0.15,Y,4,2024-11-03
24,106839,MORTGAGE,8.0,DEBTCONSOLIDATION,A,14000,7.88,0,0.13,N,4,2024-07-03
26,30000,OWN,4.0,VENTURE,B,5000,11.58,0,0.17,N,4,2024-03-15
26,30000,OWN,5.0,VENTURE,A,5000,11.013786929274843,0,0.17,N,4,2024-12-19
25,106870,OWN,9.0,EDUCATION,C,6000,15.27,0,0.06,Y,4,2024-01-15
23,106921,MORTGAGE,6.0,MEDICAL,B,30000,9.99,0,0.28,N,3,2024-03-21
23,106925,MORTGAGE,7.0,EDUCATION,B,24250,12.18,0,0.23,N,3,2024-03-03
22,106982,MORTGAGE,6.0,EDUCATION,D,30000,14.91,0,0.28,Y,3,2024-03-20
25,30000,OWN,1.0,PERSONAL,A,3000,9.63,0,0.1,N,2,2024-08-14
25,107000,MORTGAGE,4.0,DEBTCONSOLIDATION,A,24000,5.99,0,0.22,N,2,2024-12-24
22,80750,MORTGAGE,1.0,MEDICAL,D,24000,15.99,1,0.25,N,4,2024-05-05
22,32000,RENT,6.0,EDUCATION,B,15000,9.88,1,0.47,N,4,2024-06-12
25,107000,MORTGAGE,10.0,HOMEIMPROVEMENT,A,3000,11.013786929274843,0,0.03,N,2,2024-03-10
22,32240,RENT,3.0,PERSONAL,C,15000,13.22,1,0.47,N,3,2024-02-29
22,107000,MORTGAGE,1.0,VENTURE,A,10000,7.14,0,0.09,N,2,2024-01-26
25,107000,MORTGAGE,1.0,MEDICAL,A,1000,7.4,0,0.01,N,4,2024-01-18
23,95000,MORTGAGE,1.0,HOMEIMPROVEMENT,C,19800,13.22,1,0.21,Y,3,2024-08-11
22,107000,MORTGAGE,2.0,MEDICAL,C,17400,13.47,0,0.16,N,4,2024-12-02
24,30000,OWN,1.0,MEDICAL,E,15000,15.68,1,0.5,N,3,2024-01-10
23,95000,MORTGAGE,3.0,HOMEIMPROVEMENT,F,15000,17.03,1,0.16,N,2,2024-05-06
23,33204,RENT,7.0,MEDICAL,C,2000,14.72,0,0.06,Y,3,2024-04-24
22,107004,MORTGAGE,2.0,EDUCATION,A,10000,7.29,0,0.09,N,3,2024-04-02
24,107203,MORTGAGE,8.0,PERSONAL,A,6000,7.4,0,0.06,N,2,2024-07-14
23,107280,MORTGAGE,4.0,EDUCATION,E,25000,16.45,0,0.23,Y,4,2024-04-21
24,30000,OWN,6.0,HOMEIMPROVEMENT,B,7500,10.96,0,0.25,N,4,2024-03-10
26,107496,MORTGAGE,9.0,DEBTCONSOLIDATION,B,20000,12.69,0,0.19,N,4,2024-11-29
22,33996,RENT,3.0,EDUCATION,A,2000,8.0,0,0.06,N,2,2024-07-05
26,107900,MORTGAGE,10.0,MEDICAL,A,16500,8.94,0,0.15,N,3,2024-09-07
22,108000,OWN,2.0,VENTURE,C,8000,15.27,0,0.07,Y,2,2024-08-07
25,108000,MORTGAGE,9.0,PERSONAL,B,4800,12.42,0,0.04,N,4,2024-01-25
23,34884,RENT,3.0,EDUCATION,A,2000,6.92,0,0.06,N,2,2024-06-05
25,108000,MORTGAGE,8.0,VENTURE,A,15000,6.62,0,0.14,N,2,2024-12-06
25,35000,RENT,5.0,VENTURE,B,2000,9.91,0,0.06,N,4,2024-01-11
24,35000,RENT,4.0,EDUCATION,B,2000,10.59,0,0.06,N,3,2024-02-15
24,108000,MORTGAGE,8.0,DEBTCONSOLIDATION,A,4200,11.013786929274843,0,0.04,N,3,2024-10-14
26,35000,RENT,9.0,MEDICAL,C,2000,13.99,0,0.06,N,2,2024-03-15
24,108000,MORTGAGE,4.0,PERSONAL,A,10000,5.99,0,0.09,N,2,2024-05-28
23,108000,OWN,2.0,VENTURE,A,35000,8.49,0,0.32,N,4,2024-12-15
26,108000,MORTGAGE,1.0,EDUCATION,A,6000,7.49,0,0.06,N,4,2024-07-20
25,30000,OWN,1.0,VENTURE,C,5000,11.013786929274843,0,0.17,Y,3,2024-09-24
26,108000,MORTGAGE,9.0,HOMEIMPROVEMENT,B,18300,11.013786929274843,0,0.17,N,3,2024-01-10
22,35064,RENT,4.0,DEBTCONSOLIDATION,A,2000,8.38,0,0.06,N,2,2024-11-26
25,35400,RENT,2.0,MEDICAL,A,2000,8.49,0,0.06,N,2,2024-06-15
26,108000,MORTGAGE,4.0,HOMEIMPROVEMENT,B,7200,9.62,0,0.07,N,2,2024-09-29
26,96000,MORTGAGE,2.0,VENTURE,G,10000,21.14,1,0.1,N,3,2024-11-03
26,108000,MORTGAGE,4.0,PERSONAL,A,9000,5.79,0,0.08,N,2,2024-12-19
24,108000,MORTGAGE,3.0,EDUCATION,A,9050,5.42,0,0.08,N,2,2024-02-03
25,108000,MORTGAGE,10.0,HOMEIMPROVEMENT,B,24250,10.75,0,0.22,N,2,2024-07-21
26,108000,MORTGAGE,3.0,VENTURE,B,9000,10.38,0,0.08,N,4,2024-12-09
25,108000,MORTGAGE,5.0,VENTURE,A,10000,7.88,0,0.09,N,3,2024-12-07
24,108000,MORTGAGE,5.0,EDUCATION,D,9950,14.96,0,0.09,Y,4,2024-04-14
23,108000,MORTGAGE,7.0,DEBTCONSOLIDATION,A,4500,7.14,0,0.04,N,3,2024-05-21
26,36108,RENT,7.0,MEDICAL,D,2000,16.49,0,0.06,N,3,2024-05-01
24,37000,RENT,2.0,MEDICAL,A,2000,5.42,0,0.05,N,4,2024-03-11
26,108000,MORTGAGE,5.0,PERSONAL,A,13000,8.94,0,0.12,N,2,2024-05-20
23,37000,RENT,2.0,PERSONAL,B,2000,11.14,0,0.05,N,4,2024-06-24
26,108000,MORTGAGE,2.0,MEDICAL,B,18500,12.18,0,0.17,N,2,2024-12-11
26,108000,MORTGAGE,7.0,HOMEIMPROVEMENT,C,10000,13.57,0,0.09,N,4,2024-08-20
25,37315,RENT,1.0,DEBTCONSOLIDATION,A,2000,6.39,0,0.05,N,4,2024-09-02
23,108000,MORTGAGE,1.0,EDUCATION,B,14000,11.89,0,0.13,N,2,2024-08-02
24,108000,MORTGAGE,1.0,HOMEIMPROVEMENT,C,18000,12.53,0,0.17,Y,3,2024-12-06
24,108000,OTHER,5.0,EDUCATION,B,10000,9.7,0,0.09,N,4,2024-07-23
25,108000,MORTGAGE,9.0,MEDICAL,B,15000,10.39,0,0.14,N,4,2024-12-08
23,108060,MORTGAGE,7.0,DEBTCONSOLIDATION,C,14400,14.27,0,0.13,N,2,2024-06-01
24,38000,RENT,1.0,MEDICAL,B,2000,11.83,0,0.05,N,2,2024-12-06
24,108288,MORTGAGE,5.0,DEBTCONSOLIDATION,A,10000,8.49,0,0.09,N,2,2024-04-10
23,38400,RENT,1.0,VENTURE,A,2000,7.66,0,0.05,N,3,2024-03-06
22,108600,MORTGAGE,6.0,EDUCATION,C,14400,13.48,0,0.13,N,3,2024-02-08
23,108600,MORTGAGE,3.0,MEDICAL,C,8000,12.87,0,0.07,Y,2,2024-05-17
24,108600,MORTGAGE,4.0,DEBTCONSOLIDATION,B,15000,12.18,0,0.14,N,2,2024-07-08
25,32400,RENT,1.0,EDUCATION,C,2000,14.35,1,0.06,N,2,2024-04-15
26,39000,RENT,2.0,EDUCATION,C,2000,12.98,0,0.05,N,4,2024-08-19
25,109000,MORTGAGE,9.0,VENTURE,A,12000,7.51,0,0.11,N,4,2024-05-20
25,109000,MORTGAGE,6.0,DEBTCONSOLIDATION,A,16000,6.03,0,0.15,N,2,2024-10-23
24,33500,RENT,5.0,HOMEIMPROVEMENT,C,2000,13.8,1,0.06,N,2,2024-06-23
24,109000,MORTGAGE,3.0,DEBTCONSOLIDATION,B,8800,12.69,0,0.08,N,2,2024-02-25
23,109000,MORTGAGE,5.0,EDUCATION,A,7500,8.9,0,0.07,N,4,2024-08-15
24,109000,MORTGAGE,8.0,EDUCATION,B,6000,11.99,0,0.06,N,4,2024-11-15
26,109000,MORTGAGE,10.0,PERSONAL,A,15000,6.99,0,0.14,N,4,2024-02-26
25,109000,MORTGAGE,5.0,VENTURE,A,5000,8.49,0,0.05,N,3,2024-03-12
26,109000,MORTGAGE,8.0,MEDICAL,B,20000,10.75,0,0.18,N,4,2024-06-13
25,109000,MORTGAGE,5.0,DEBTCONSOLIDATION,B,15000,10.25,0,0.14,N,3,2024-01-20
24,109000,MORTGAGE,9.0,VENTURE,B,15250,11.14,0,0.14,N,4,2024-01-21
22,97000,MORTGAGE,4.0,DEBTCONSOLIDATION,B,14000,11.48,1,0.14,N,2,2024-10-22
25,109000,MORTGAGE,9.0,EDUCATION,A,14000,9.63,0,0.13,N,3,2024-02-26
26,109000,MORTGAGE,10.0,PERSONAL,A,6000,7.68,0,0.06,N,3,2024-11-04
26,109200,MORTGAGE,10.0,PERSONAL,A,2300,7.9,0,0.02,N,4,2024-06-09
23,109200,MORTGAGE,4.0,VENTURE,A,10000,8.63,0,0.09,N,2,2024-04-05
24,109500,MORTGAGE,3.0,EDUCATION,B,3500,10.75,0,0.03,N,3,2024-08-18
26,109500,MORTGAGE,11.0,VENTURE,E,20000,17.56,0,0.18,N,2,2024-06-27
26,109500,MORTGAGE,10.0,VENTURE,B,5000,10.95,0,0.05,N,3,2024-08-06
24,109720,MORTGAGE,2.0,VENTURE,B,20000,10.75,0,0.18,N,4,2024-03-25
23,39996,RENT,7.0,PERSONAL,B,2000,11.013786929274843,0,0.05,N,2,2024-01-16
25,110000,MORTGAGE,8.0,DEBTCONSOLIDATION,A,5500,6.62,0,0.05,N,2,2024-03-25
23,40000,RENT,5.0,PERSONAL,B,2000,11.71,0,0.05,N,2,2024-11-30
26,110000,MORTGAGE,1.0,MEDICAL,B,5000,12.69,0,0.05,N,2,2024-04-18
22,33996,RENT,6.0,VENTURE,D,15000,14.96,1,0.44,Y,4,2024-07-19
22,40800,RENT,5.0,EDUCATION,A,2000,6.62,0,0.05,N,3,2024-01-02
25,110000,MORTGAGE,5.0,VENTURE,C,1200,13.49,0,0.01,N,4,2024-03-19
22,34800,RENT,6.0,DEBTCONSOLIDATION,D,2000,16.89,1,0.06,Y,4,2024-10-29
25,110000,MORTGAGE,9.0,EDUCATION,C,8000,11.013786929274843,0,0.07,N,3,2024-03-14
25,42000,RENT,2.0,MEDICAL,B,2000,9.25,0,0.05,N,3,2024-09-30
25,110000,MORTGAGE,1.0,DEBTCONSOLIDATION,B,10000,12.69,0,0.09,N,3,2024-11-18
26,28944,OWN,10.0,EDUCATION,B,9000,11.013786929274843,0,0.31,N,4,2024-07-30
25,110000,OWN,6.0,PERSONAL,B,28000,9.91,0,0.25,N,2,2024-03-22
24,110000,MORTGAGE,8.0,PERSONAL,A,27300,7.51,0,0.25,N,3,2024-12-05
22,42000,RENT,6.0,EDUCATION,B,2000,10.36,0,0.05,N,4,2024-08-01
23,28872,OWN,7.0,VENTURE,B,2000,10.37,0,0.07,N,3,2024-12-28
25,110000,MORTGAGE,7.0,DEBTCONSOLIDATION,B,8400,12.69,0,0.08,N,4,2024-11-05
22,110000,MORTGAGE,6.0,PERSONAL,A,2800,8.49,0,0.03,N,4,2024-02-02
23,110000,MORTGAGE,4.0,VENTURE,A,2500,6.99,0,0.02,N,2,2024-05-27
24,110000,MORTGAGE,2.0,EDUCATION,B,9000,11.013786929274843,0,0.08,N,3,2024-11-07
23,42870,RENT,7.0,MEDICAL,A,2000,5.42,0,0.05,N,3,2024-12-21
24,110000,MORTGAGE,8.0,MEDICAL,A,10800,6.99,0,0.1,N,4,2024-11-14
23,42996,RENT,7.0,VENTURE,C,2000,13.61,0,0.05,Y,2,2024-08-20
25,110000,OWN,7.0,VENTURE,B,8000,11.013786929274843,0,0.07,N,3,2024-01-11
24,37200,RENT,3.0,VENTURE,D,2000,11.013786929274843,1,0.05,N,2,2024-12-09
24,110000,MORTGAGE,8.0,PERSONAL,D,10000,15.62,0,0.09,Y,4,2024-01-03
26,37680,RENT,5.0,MEDICAL,D,2000,14.96,1,0.05,N,3,2024-03-04
25,44000,RENT,2.0,VENTURE,A,2000,7.66,0,0.05,N,3,2024-05-18
26,110000,MORTGAGE,10.0,HOMEIMPROVEMENT,C,23750,12.99,0,0.22,Y,4,2024-07-17
24,98000,MORTGAGE,1.0,DEBTCONSOLIDATION,C,16000,14.79,1,0.16,Y,2,2024-02-10
23,45000,RENT,1.0,DEBTCONSOLIDATION,C,2000,13.49,0,0.04,N,2,2024-08-15
24,45000,RENT,1.0,PERSONAL,C,2000,13.99,0,0.04,Y,2,2024-08-14
25,39000,RENT,3.0,HOMEIMPROVEMENT,A,2000,7.66,1,0.05,N,4,2024-08-02
26,110000,MORTGAGE,4.0,VENTURE,B,5000,9.63,0,0.05,N,2,2024-01-09
26,45000,RENT,5.0,PERSONAL,B,2000,11.49,0,0.04,N,2,2024-02-18
23,45000,RENT,3.0,EDUCATION,B,2000,11.013786929274843,0,0.04,N,3,2024-12-02
26,110000,MORTGAGE,3.0,DEBTCONSOLIDATION,A,4000,6.92,0,0.04,N,2,2024-05-20
22,110000,MORTGAGE,2.0,VENTURE,B,9000,11.11,0,0.08,N,4,2024-05-06
25,110000,MORTGAGE,5.0,EDUCATION,A,10800,6.92,0,0.1,N,3,2024-11-16
25,110000,MORTGAGE,1.0,EDUCATION,B,6500,10.37,0,0.06,N,3,2024-10-08
23,110000,MORTGAGE,1.0,PERSONAL,B,18000,10.37,0,0.16,N,3,2024-08-15
26,110000,MORTGAGE,2.0,HOMEIMPROVEMENT,B,12000,10.74,0,0.11,N,4,2024-08-03
26,110000,MORTGAGE,5.0,PERSONAL,B,15000,11.11,0,0.14,N,3,2024-04-27
23,28800,OWN,7.0,MEDICAL,A,12250,7.51,0,0.43,N,4,2024-01-23
23,45000,RENT,7.0,VENTURE,A,2000,7.05,0,0.04,N,3,2024-03-17
25,45500,RENT,3.0,MEDICAL,C,2000,13.49,0,0.04,Y,3,2024-06-14
23,110000,MORTGAGE,8.0,VENTURE,A,7800,11.013786929274843,0,0.07,N,4,2024-10-22
22,110000,MORTGAGE,5.0,PERSONAL,C,8000,12.98,0,0.07,N,4,2024-02-27
25,110000,MORTGAGE,9.0,DEBTCONSOLIDATION,A,18000,11.013786929274843,0,0.16,N,2,2024-09-20
22,110000,MORTGAGE,6.0,VENTURE,B,6000,9.99,0,0.05,N,3,2024-08-12
26,45600,RENT,5.0,VENTURE,A,2000,11.013786929274843,0,0.04,N,3,2024-04-13
23,110000,MORTGAGE,8.0,VENTURE,C,7500,13.72,0,0.07,N,4,2024-07-24
24,45996,RENT,3.0,MEDICAL,C,2000,12.98,0,0.04,Y,2,2024-05-10
26,110000,MORTGAGE,9.0,PERSONAL,C,20000,13.72,0,0.18,N,3,2024-06-28
22,45996,RENT,6.0,EDUCATION,B,2000,11.36,0,0.04,N,4,2024-09-19
25,28800,OWN,3.0,VENTURE,C,6000,11.013786929274843,0,0.21,Y,3,2024-04-07
26,110000,OWN,8.0,EDUCATION,B,17000,8.88,0,0.15,N,4,2024-10-22
24,110000,MORTGAGE,8.0,PERSONAL,A,7500,6.17,0,0.07,N,2,2024-07-08
23,110000,MORTGAGE,7.0,VENTURE,A,5000,6.91,0,0.05,N,2,2024-12-30
24,110000,MORTGAGE,8.0,PERSONAL,C,5600,12.98,0,0.05,Y,4,2024-05-15
24,42000,RENT,1.0,PERSONAL,B,2000,12.69,1,0.05,N,4,2024-04-29
26,110000,MORTGAGE,10.0,VENTURE,C,8000,14.35,0,0.07,Y,2,2024-03-07
25,110000,MORTGAGE,2.0,HOMEIMPROVEMENT,A,15000,7.88,0,0.14,N,2,2024-12-20
26,110000,MORTGAGE,2.0,VENTURE,D,4500,14.84,0,0.04,N,4,2024-04-01
25,110000,MORTGAGE,9.0,EDUCATION,A,5000,7.14,0,0.05,N,4,2024-11-30
24,42000,RENT,1.0,HOMEIMPROVEMENT,D,2000,15.62,1,0.05,Y,2,2024-05-04
25,98000,MORTGAGE,9.0,HOMEIMPROVEMENT,E,25000,16.45,1,0.26,N,4,2024-01-23
25,48000,RENT,3.0,DEBTCONSOLIDATION,B,2000,10.74,0,0.04,N,2,2024-12-26
25,110000,MORTGAGE,9.0,PERSONAL,A,20000,7.88,0,0.18,N,2,2024-03-21
22,110000,MORTGAGE,2.0,VENTURE,C,14400,14.35,0,0.13,N,3,2024-04-06
24,110000,MORTGAGE,8.0,EDUCATION,A,8000,6.76,0,0.07,N,4,2024-09-08
25,110000,MORTGAGE,7.0,EDUCATION,A,8000,7.14,0,0.07,N,4,2024-10-22
25,110000,MORTGAGE,1.0,PERSONAL,B,25000,11.49,0,0.23,N,4,2024-10-09
22,48255,RENT,3.0,VENTURE,A,2000,6.76,0,0.04,N,2,2024-01-31
24,110000,MORTGAGE,5.0,VENTURE,B,15000,10.25,0,0.14,N,4,2024-08-28
25,49029,RENT,8.0,MEDICAL,B,2000,11.99,0,0.04,N,2,2024-04-20
22,110000,MORTGAGE,7.0,DEBTCONSOLIDATION,C,8000,13.85,0,0.07,N,2,2024-03-29
24,110000,OWN,8.0,VENTURE,C,16000,12.73,0,0.15,N,4,2024-05-12
22,98000,MORTGAGE,6.0,PERSONAL,B,25000,10.25,1,0.26,N,3,2024-05-06
24,50000,RENT,8.0,HOMEIMPROVEMENT,D,2000,11.013786929274843,0,0.04,N,2,2024-11-30
24,110000,MORTGAGE,8.0,EDUCATION,A,6000,8.59,0,0.05,N,3,2024-01-16
24,98000,MORTGAGE,2.0,PERSONAL,C,5000,13.22,1,0.05,Y,3,2024-07-24
23,50252,RENT,6.0,EDUCATION,C,2000,13.92,0,0.04,Y,3,2024-03-02
22,98000,MORTGAGE,1.0,DEBTCONSOLIDATION,D,25000,11.013786929274843,1,0.26,N,4,2024-07-15
22,34800,RENT,6.0,VENTURE,C,15000,14.27,1,0.43,Y,3,2024-10-24
25,35000,RENT,1.0,VENTURE,A,15000,7.49,1,0.43,N,3,2024-06-10
23,110000,MORTGAGE,7.0,VENTURE,B,20000,11.14,0,0.18,N,3,2024-04-12
24,110000,MORTGAGE,7.0,PERSONAL,A,12000,8.94,0,0.11,N,3,2024-04-22
25,110000,OTHER,8.0,VENTURE,A,8000,9.32,0,0.07,N,3,2024-12-12
23,29976,RENT,3.0,PERSONAL,B,15000,10.25,1,0.5,N,4,2024-10-20
25,36000,RENT,6.0,PERSONAL,B,15000,11.013786929274843,1,0.42,N,4,2024-09-18
23,36000,RENT,3.0,VENTURE,C,15000,13.49,1,0.42,Y,3,2024-04-30
25,36000,RENT,4.0,VENTURE,B,15000,9.63,1,0.42,N,3,2024-01-12
22,98000,MORTGAGE,1.0,HOMEIMPROVEMENT,A,9000,9.63,1,0.09,N,2,2024-07-20
22,110000,MORTGAGE,7.0,EDUCATION,C,20000,12.41,0,0.18,N,2,2024-03-31
23,110000,MORTGAGE,7.0,PERSONAL,D,9600,11.013786929274843,0,0.09,Y,2,2024-07-15
26,36000,RENT,2.0,PERSONAL,A,15000,7.66,1,0.42,N,3,2024-01-04
23,36000,RENT,3.0,VENTURE,D,15000,14.59,1,0.42,N,4,2024-01-05
24,98004,MORTGAGE,5.0,HOMEIMPROVEMENT,A,2500,8.49,1,0.03,N,3,2024-05-30
25,110004,MORTGAGE,9.0,HOMEIMPROVEMENT,A,15000,7.66,0,0.14,N,4,2024-01-09
26,110004,MORTGAGE,1.0,VENTURE,B,12000,10.36,0,0.11,N,3,2024-02-26
22,36000,RENT,3.0,VENTURE,C,15000,13.85,1,0.42,N,3,2024-06-12
22,30000,RENT,2.0,DEBTCONSOLIDATION,C,15000,11.66,1,0.5,Y,3,2024-08-13
24,110004,MORTGAGE,8.0,EDUCATION,B,25000,12.53,0,0.23,N,2,2024-10-25
24,110004,MORTGAGE,8.0,DEBTCONSOLIDATION,C,16000,11.013786929274843,0,0.15,N,3,2024-03-21
22,110196,MORTGAGE,6.0,MEDICAL,B,25000,11.49,0,0.23,N,3,2024-06-12
26,110400,MORTGAGE,3.0,PERSONAL,F,9800,11.013786929274843,0,0.09,Y,3,2024-02-04
24,28000,OWN,6.0,HOMEIMPROVEMENT,B,10000,10.37,0,0.36,N,2,2024-11-16
24,110400,MORTGAGE,8.0,VENTURE,A,3000,7.49,0,0.03,N,4,2024-04-21
22,110500,MORTGAGE,1.0,MEDICAL,B,12250,11.26,0,0.11,N,4,2024-09-27
22,98656,MORTGAGE,3.0,EDUCATION,C,7500,13.06,1,0.08,Y,3,2024-04-11
26,111000,MORTGAGE,10.0,MEDICAL,A,5000,5.79,0,0.05,N,3,2024-09-17
22,37000,RENT,3.0,EDUCATION,B,15000,10.25,1,0.41,N,4,2024-01-24
22,31000,RENT,6.0,PERSONAL,D,15000,11.013786929274843,1,0.48,Y,4,2024-11-12
23,111000,MORTGAGE,7.0,MEDICAL,B,8350,11.89,0,0.08,N,2,2024-07-10
23,28000,OWN,1.0,EDUCATION,C,7500,11.013786929274843,0,0.27,N,3,2024-12-13
26,111147,MORTGAGE,4.0,EDUCATION,C,15000,13.61,0,0.13,Y,2,2024-05-26
23,111150,MORTGAGE,1.0,DEBTCONSOLIDATION,A,10000,8.0,0,0.09,N,3,2024-02-29
24,111239,MORTGAGE,1.0,EDUCATION,A,14000,7.9,0,0.13,N,4,2024-05-26
25,111262,MORTGAGE,2.0,PERSONAL,B,20000,12.53,0,0.18,N,3,2024-12-28
25,37818,RENT,5.0,DEBTCONSOLIDATION,C,15000,13.48,1,0.4,N,3,2024-10-08
22,38000,RENT,6.0,PERSONAL,A,15000,7.88,1,0.39,N,3,2024-04-04
25,38000,RENT,9.0,PERSONAL,E,15000,16.45,1,0.39,Y,3,2024-03-22
25,111996,MORTGAGE,2.0,MEDICAL,C,16000,11.78,0,0.14,Y,4,2024-09-03
24,112000,MORTGAGE,8.0,PERSONAL,B,20400,11.71,0,0.18,N,3,2024-02-29
23,38400,RENT,7.0,EDUCATION,A,15000,6.17,1,0.39,N,2,2024-10-23
22,112000,MORTGAGE,2.0,PERSONAL,A,4000,8.9,0,0.04,N,3,2024-09-12
26,39996,RENT,10.0,MEDICAL,C,15000,13.06,1,0.38,Y,3,2024-02-05
23,112000,MORTGAGE,5.0,PERSONAL,B,12000,11.99,0,0.11,N,3,2024-06-22
24,112000,MORTGAGE,8.0,DEBTCONSOLIDATION,A,3500,5.42,0,0.03,N,4,2024-12-30
24,112000,MORTGAGE,8.0,DEBTCONSOLIDATION,A,20000,6.91,0,0.18,N,4,2024-07-02
23,40000,RENT,6.0,VENTURE,B,15000,11.71,1,0.38,N,4,2024-07-28
24,112000,MORTGAGE,5.0,PERSONAL,D,15000,15.31,0,0.13,N,4,2024-12-29
23,34000,RENT,1.0,EDUCATION,B,15000,11.71,1,0.44,N,4,2024-08-15
26,40000,RENT,4.0,MEDICAL,B,15000,10.99,1,0.38,N,3,2024-03-13
24,112000,OTHER,4.0,PERSONAL,A,9000,9.32,0,0.08,N,2,2024-11-08
26,85000,MORTGAGE,4.0,MEDICAL,B,2750,9.33,1,0.03,N,3,2024-10-15
25,100000,MORTGAGE,4.0,EDUCATION,B,9000,9.64,1,0.09,N,3,2024-01-30
23,40000,RENT,7.0,PERSONAL,A,15000,7.49,1,0.38,N,3,2024-01-17
23,112404,MORTGAGE,1.0,DEBTCONSOLIDATION,C,6000,13.23,0,0.05,Y,2,2024-12-28
26,40000,RENT,2.0,DEBTCONSOLIDATION,C,15000,14.22,1,0.38,Y,3,2024-11-05
24,112500,MORTGAGE,3.0,EDUCATION,C,8600,13.11,0,0.08,Y,3,2024-12-07
25,112500,MORTGAGE,6.0,PERSONAL,B,18000,11.14,0,0.16,N,3,2024-08-03
24,40000,RENT,1.0,EDUCATION,C,15000,12.87,1,0.38,Y,3,2024-09-09
24,112689,MORTGAGE,6.0,PERSONAL,B,24000,9.99,0,0.21,N,4,2024-08-20
22,112774,MORTGAGE,6.0,VENTURE,C,6400,13.06,0,0.06,Y,4,2024-09-11
23,112800,MORTGAGE,3.0,DEBTCONSOLIDATION,B,35000,11.013786929274843,0,0.31,N,4,2024-03-07
23,112976,MORTGAGE,2.0,MEDICAL,A,20000,6.91,0,0.18,N,2,2024-09-11
26,34988,RENT,9.0,HOMEIMPROVEMENT,C,15000,13.98,1,0.43,N,2,2024-02-19
23,113000,MORTGAGE,2.0,VENTURE,A,22400,7.49,0,0.2,N,2,2024-11-13
25,113000,MORTGAGE,8.0,VENTURE,B,21000,11.49,0,0.19,N,4,2024-09-29
26,113000,MORTGAGE,2.0,MEDICAL,B,3200,11.013786929274843,0,0.03,N,3,2024-08-09
24,113000,MORTGAGE,5.0,EDUCATION,B,17950,11.99,0,0.16,N,4,2024-05-04
22,41000,RENT,3.0,DEBTCONSOLIDATION,C,15000,12.73,1,0.37,N,3,2024-04-28
24,85850,MORTGAGE,3.0,MEDICAL,D,12000,15.99,1,0.12,Y,4,2024-08-18
23,113000,MORTGAGE,4.0,DEBTCONSOLIDATION,A,12000,7.66,0,0.11,N,4,2024-07-14
23,113000,MORTGAGE,7.0,EDUCATION,A,8000,5.79,0,0.07,N,2,2024-11-11
24,85850,MORTGAGE,8.0,MEDICAL,D,20000,11.013786929274843,1,0.2,Y,4,2024-10-28
24,101000,MORTGAGE,3.0,EDUCATION,A,7000,11.013786929274843,1,0.07,N,4,2024-11-26
22,113000,MORTGAGE,6.0,EDUCATION,B,25000,12.53,0,0.22,N,4,2024-08-03
24,113000,MORTGAGE,8.0,VENTURE,A,2100,7.4,0,0.02,N,3,2024-08-30
23,42000,RENT,7.0,VENTURE,C,15000,13.49,1,0.36,N,3,2024-05-10
24,113000,MORTGAGE,5.0,VENTURE,B,10500,11.013786929274843,0,0.09,N,4,2024-09-12
26,101000,MORTGAGE,10.0,VENTURE,F,25000,17.46,1,0.25,N,4,2024-09-23
22,113028,MORTGAGE,3.0,MEDICAL,C,12075,11.013786929274843,0,0.11,N,2,2024-06-13
25,113135,MORTGAGE,9.0,PERSONAL,B,25000,10.59,0,0.22,N,2,2024-06-09
23,113200,MORTGAGE,3.0,EDUCATION,B,24250,10.62,0,0.21,N,3,2024-05-19
24,113217,MORTGAGE,2.0,EDUCATION,A,6000,7.88,0,0.05,N,3,2024-08-01
23,113316,MORTGAGE,7.0,EDUCATION,B,3000,11.013786929274843,0,0.03,N,3,2024-05-23
24,113676,MORTGAGE,8.0,EDUCATION,A,7200,6.99,0,0.06,N,2,2024-06-17
23,113698,MORTGAGE,7.0,EDUCATION,A,15000,7.9,0,0.13,N,4,2024-01-27
23,42000,RENT,7.0,VENTURE,B,15000,11.83,1,0.36,N,4,2024-12-16
23,114000,MORTGAGE,1.0,EDUCATION,B,17325,11.99,0,0.15,N,2,2024-02-05
22,27560,OWN,6.0,EDUCATION,B,2800,11.49,0,0.1,N,4,2024-08-08
23,114000,OWN,7.0,VENTURE,A,6000,8.49,0,0.05,N,4,2024-01-01
23,114000,MORTGAGE,7.0,EDUCATION,C,8000,12.68,0,0.07,N,4,2024-10-13
25,36000,RENT,1.0,MEDICAL,D,15000,15.05,1,0.42,Y,2,2024-11-29
23,114000,MORTGAGE,4.0,PERSONAL,B,10000,11.013786929274843,0,0.09,N,2,2024-10-09
26,114000,MORTGAGE,10.0,PERSONAL,A,14400,7.14,0,0.13,N,2,2024-06-27
24,42300,RENT,8.0,PERSONAL,B,15000,11.99,1,0.35,N,4,2024-05-30
24,114000,MORTGAGE,8.0,VENTURE,B,4000,11.013786929274843,0,0.04,N,2,2024-12-09
25,102000,MORTGAGE,7.0,HOMEIMPROVEMENT,G,25000,20.16,1,0.25,Y,4,2024-10-07
25,114000,MORTGAGE,4.0,EDUCATION,A,10000,9.32,0,0.09,N,4,2024-03-08
24,114000,MORTGAGE,2.0,DEBTCONSOLIDATION,B,15000,9.76,0,0.13,N,3,2024-05-05
25,27336,OWN,9.0,VENTURE,C,5500,13.23,0,0.2,N,4,2024-10-08
23,36500,RENT,2.0,HOMEIMPROVEMENT,D,15000,15.65,1,0.41,N,3,2024-10-15
23,114600,MORTGAGE,7.0,EDUCATION,C,10000,13.06,0,0.09,N,3,2024-12-08
25,114996,MORTGAGE,7.0,DEBTCONSOLIDATION,C,5000,13.49,0,0.04,N,3,2024-07-11
24,27168,OWN,5.0,VENTURE,B,7500,9.99,0,0.28,N,2,2024-01-04
25,102996,MORTGAGE,4.0,DEBTCONSOLIDATION,D,20000,14.54,1,0.19,Y,3,2024-04-06
26,114996,MORTGAGE,1.0,EDUCATION,B,24000,10.62,0,0.21,N,3,2024-09-22
23,115000,MORTGAGE,7.0,EDUCATION,C,10000,14.27,0,0.09,N,2,2024-11-01
24,42900,RENT,5.0,VENTURE,A,15000,11.013786929274843,1,0.35,N,2,2024-10-21
25,115000,MORTGAGE,3.0,DEBTCONSOLIDATION,C,19000,13.49,0,0.17,N,4,2024-05-12
25,115000,MORTGAGE,9.0,PERSONAL,A,4000,6.03,0,0.03,N,4,2024-07-18
23,115000,MORTGAGE,4.0,EDUCATION,A,24000,7.9,0,0.21,N,3,2024-06-30
22,43000,RENT,7.0,DEBTCONSOLIDATION,B,15000,10.99,1,0.35,N,2,2024-08-12
24,37680,RENT,8.0,EDUCATION,G,15000,19.82,1,0.4,N,2,2024-04-19
24,115000,MORTGAGE,3.0,VENTURE,A,15000,6.03,0,0.13,N,2,2024-07-15
25,38400,RENT,3.0,DEBTCONSOLIDATION,B,15000,10.65,1,0.39,N,2,2024-02-01
25,115000,MORTGAGE,7.0,PERSONAL,A,18000,7.51,0,0.16,N,2,2024-11-30
23,115000,OWN,7.0,EDUCATION,C,5000,14.27,0,0.04,N,4,2024-03-06
25,115000,MORTGAGE,3.0,DEBTCONSOLIDATION,C,7000,11.013786929274843,0,0.06,Y,4,2024-08-25
25,115000,MORTGAGE,9.0,MEDICAL,C,19000,13.49,0,0.17,Y,3,2024-12-06
23,45000,RENT,1.0,PERSONAL,A,15000,7.9,1,0.33,N,4,2024-12-20
23,115000,MORTGAGE,1.0,VENTURE,A,8000,8.49,0,0.07,N,4,2024-03-29
22,115000,MORTGAGE,6.0,VENTURE,A,12000,5.99,0,0.1,N,4,2024-01-06
23,115000,MORTGAGE,4.0,DEBTCONSOLIDATION,A,5600,5.42,0,0.05,N,3,2024-11-25
23,115000,MORTGAGE,3.0,EDUCATION,B,10000,10.59,0,0.09,N,2,2024-01-27
24,115000,OWN,8.0,DEBTCONSOLIDATION,D,35000,16.89,0,0.3,Y,4,2024-07-20
25,115000,MORTGAGE,3.0,EDUCATION,A,7600,6.99,0,0.07,N,4,2024-04-26
23,45000,RENT,5.0,PERSONAL,A,15000,7.49,1,0.33,N,4,2024-11-19
22,103000,MORTGAGE,6.0,PERSONAL,B,15000,9.63,1,0.15,N,4,2024-11-14
26,45000,RENT,10.0,DEBTCONSOLIDATION,A,15000,7.29,1,0.33,N,4,2024-03-18
23,39000,RENT,7.0,MEDICAL,D,15000,15.28,1,0.38,N,3,2024-05-15
26,45000,RENT,3.0,EDUCATION,B,15000,8.88,1,0.33,N,3,2024-02-11
22,115000,MORTGAGE,7.0,VENTURE,A,13600,7.29,0,0.12,N,3,2024-01-10
25,115000,MORTGAGE,1.0,EDUCATION,D,20000,15.65,0,0.17,Y,2,2024-03-20
25,115000,MORTGAGE,4.0,VENTURE,A,20000,6.91,0,0.17,N,2,2024-01-20
25,115000,MORTGAGE,4.0,MEDICAL,A,4000,7.88,0,0.03,N,4,2024-01-27
24,115000,MORTGAGE,7.0,HOMEIMPROVEMENT,A,1500,6.76,0,0.01,N,4,2024-05-02
24,115000,OWN,8.0,HOMEIMPROVEMENT,A,10000,7.51,0,0.09,N,3,2024-05-21
24,115000,MORTGAGE,4.0,DEBTCONSOLIDATION,A,8000,7.51,0,0.07,N,4,2024-06-03
26,115000,MORTGAGE,5.0,VENTURE,B,6000,10.75,0,0.05,N,2,2024-10-02
26,39000,RENT,1.0,VENTURE,D,15000,16.07,1,0.38,Y,4,2024-07-01
25,115000,OWN,5.0,VENTURE,F,8000,19.13,0,0.07,Y,2,2024-06-13
23,39000,RENT,1.0,EDUCATION,B,15000,12.21,1,0.38,N,4,2024-02-14
23,45000,RENT,7.0,PERSONAL,C,15000,12.84,1,0.33,N,3,2024-09-10
23,115000,MORTGAGE,3.0,EDUCATION,B,13000,11.83,0,0.11,N,4,2024-01-11
26,115000,MORTGAGE,6.0,HOMEIMPROVEMENT,C,15000,12.87,0,0.13,Y,3,2024-12-28
24,115000,MORTGAGE,8.0,EDUCATION,B,15000,11.48,0,0.13,N,3,2024-02-22
25,45000,RENT,4.0,DEBTCONSOLIDATION,C,15000,11.013786929274843,1,0.33,N,3,2024-01-02
26,39000,RENT,3.0,MEDICAL,D,15000,15.37,1,0.38,N,2,2024-04-03
26,115000,MORTGAGE,3.0,EDUCATION,C,20000,13.16,0,0.17,Y,2,2024-02-13
25,115000,MORTGAGE,4.0,VENTURE,C,25000,12.53,0,0.22,Y,4,2024-08-31
25,39000,RENT,4.0,HOMEIMPROVEMENT,D,15000,12.92,1,0.38,N,2,2024-11-02
25,115200,MORTGAGE,1.0,VENTURE,A,14000,6.62,0,0.12,N,3,2024-05-08
26,115200,MORTGAGE,10.0,DEBTCONSOLIDATION,C,4500,11.97,0,0.04,Y,2,2024-01-19
26,46890,RENT,9.0,PERSONAL,C,15000,12.99,1,0.32,Y,3,2024-11-03
24,115500,MORTGAGE,2.0,EDUCATION,D,3200,16.29,0,0.03,N,2,2024-04-16
26,47000,RENT,7.0,MEDICAL,A,15000,7.9,1,0.32,N,4,2024-06-01
24,115500,MORTGAGE,8.0,HOMEIMPROVEMENT,A,10000,7.75,0,0.09,N,4,2024-01-30
26,115600,MORTGAGE,4.0,DEBTCONSOLIDATION,A,9925,7.29,0,0.09,N,4,2024-11-12
25,115731,MORTGAGE,3.0,HOMEIMPROVEMENT,A,7200,7.14,0,0.06,N,4,2024-10-14
24,115800,MORTGAGE,5.0,PERSONAL,B,12000,10.99,0,0.1,N,3,2024-10-06
24,47000,RENT,8.0,VENTURE,E,15000,18.64,1,0.32,N,4,2024-12-13
23,116000,MORTGAGE,8.0,EDUCATION,D,15825,15.62,0,0.14,Y,4,2024-09-10
22,116000,MORTGAGE,3.0,DEBTCONSOLIDATION,B,12000,10.25,0,0.1,N,4,2024-07-17
23,47000,RENT,3.0,VENTURE,B,15000,11.48,1,0.32,N,4,2024-08-26
25,31000,RENT,2.0,EDUCATION,A,1800,8.32,0,0.06,N,2,2024-04-14
25,116000,MORTGAGE,9.0,VENTURE,B,19950,9.96,0,0.17,N,4,2024-12-06
23,116004,MORTGAGE,1.0,PERSONAL,C,14000,12.99,0,0.12,N,2,2024-09-01
22,33000,RENT,1.0,EDUCATION,A,1800,5.42,0,0.05,N,2,2024-08-26
26,116004,MORTGAGE,11.0,VENTURE,B,20000,12.21,0,0.17,N,2,2024-01-24
23,33195,RENT,5.0,EDUCATION,B,1800,11.99,0,0.05,N,4,2024-12-06
24,26400,OWN,8.0,VENTURE,B,3000,10.59,0,0.11,N,2,2024-04-13
24,33660,RENT,3.0,PERSONAL,A,1800,7.51,0,0.05,N,4,2024-03-20
23,35000,RENT,4.0,EDUCATION,B,1800,10.59,0,0.05,N,3,2024-01-30
23,104736,MORTGAGE,3.0,DEBTCONSOLIDATION,D,25000,14.11,1,0.24,Y,2,2024-10-24
24,26400,OWN,4.0,VENTURE,A,9600,7.49,0,0.36,N,2,2024-11-05
24,117000,MORTGAGE,8.0,MEDICAL,A,10800,11.013786929274843,0,0.09,N,3,2024-08-25
26,35000,RENT,3.0,MEDICAL,B,1800,11.36,0,0.05,N,3,2024-05-08
22,117000,MORTGAGE,6.0,EDUCATION,A,11000,6.92,0,0.09,N,4,2024-07-17
25,30000,RENT,9.0,MEDICAL,A,1800,8.49,1,0.06,N,2,2024-01-06
26,26400,OWN,8.0,HOMEIMPROVEMENT,A,8000,5.79,0,0.3,N,4,2024-05-19
26,117000,OWN,10.0,VENTURE,B,7200,10.74,0,0.06,N,4,2024-11-20
23,117000,MORTGAGE,7.0,MEDICAL,B,3700,10.74,0,0.03,N,3,2024-06-24
26,117000,MORTGAGE,8.0,HOMEIMPROVEMENT,A,6000,7.51,0,0.05,N,4,2024-11-21
26,117000,MORTGAGE,4.0,MEDICAL,A,14400,11.013786929274843,0,0.12,N,3,2024-08-18
22,89250,MORTGAGE,3.0,MEDICAL,B,25000,12.53,1,0.24,N,4,2024-07-06
23,117000,MORTGAGE,8.0,VENTURE,E,14000,15.68,0,0.12,Y,4,2024-11-29
22,26400,OWN,1.0,PERSONAL,C,7300,13.61,0,0.28,Y,2,2024-05-21
22,117000,MORTGAGE,6.0,EDUCATION,D,7500,13.24,0,0.06,N,2,2024-05-09
25,117014,MORTGAGE,5.0,VENTURE,A,8400,7.29,0,0.07,N,4,2024-10-18
23,117696,MORTGAGE,2.0,EDUCATION,A,15000,6.03,0,0.13,N,3,2024-07-22
24,117996,MORTGAGE,6.0,VENTURE,E,18000,17.04,0,0.15,Y,3,2024-03-29
24,118000,MORTGAGE,4.0,VENTURE,A,28000,7.9,0,0.24,N,4,2024-05-10
22,34000,RENT,7.0,EDUCATION,C,1800,11.013786929274843,1,0.05,N,2,2024-05-27
26,118000,MORTGAGE,4.0,DEBTCONSOLIDATION,A,25000,7.9,0,0.21,N,2,2024-05-11
24,118000,MORTGAGE,8.0,HOMEIMPROVEMENT,A,5000,5.42,0,0.04,N,2,2024-09-04
23,90100,MORTGAGE,7.0,MEDICAL,E,21600,11.013786929274843,1,0.2,Y,2,2024-03-10
25,118000,MORTGAGE,8.0,HOMEIMPROVEMENT,A,15000,7.88,0,0.13,N,4,2024-07-14
25,118000,MORTGAGE,8.0,HOMEIMPROVEMENT,B,25000,11.12,0,0.21,N,2,2024-12-31
23,118000,MORTGAGE,4.0,PERSONAL,C,12000,13.11,0,0.1,N,3,2024-07-17
23,47000,RENT,1.0,PERSONAL,C,15000,12.04,1,0.32,Y,2,2024-06-06
25,118000,MORTGAGE,9.0,DEBTCONSOLIDATION,A,2000,7.12,0,0.02,N,2,2024-09-17
25,118189,MORTGAGE,9.0,VENTURE,B,25000,11.49,0,0.21,N,3,2024-01-09
22,48000,RENT,6.0,EDUCATION,C,15000,15.96,1,0.31,N,3,2024-01-23
25,118443,MORTGAGE,7.0,DEBTCONSOLIDATION,A,4900,11.013786929274843,0,0.04,N,2,2024-08-03
22,118812,MORTGAGE,6.0,MEDICAL,C,15000,13.35,0,0.13,N,2,2024-06-04
24,42000,RENT,8.0,EDUCATION,C,15000,15.27,1,0.36,N,3,2024-11-20
22,119000,MORTGAGE,6.0,PERSONAL,D,35000,16.49,0,0.29,N,3,2024-04-28
22,107000,MORTGAGE,6.0,HOMEIMPROVEMENT,E,24000,19.69,1,0.22,Y,2,2024-11-18
22,42000,RENT,6.0,MEDICAL,B,15000,9.63,1,0.36,N,3,2024-03-09
26,48000,RENT,1.0,PERSONAL,C,15000,11.013786929274843,1,0.31,Y,2,2024-12-30
23,48000,RENT,5.0,EDUCATION,A,15000,6.91,1,0.31,N,2,2024-02-28
26,119000,MORTGAGE,3.0,DEBTCONSOLIDATION,A,9000,7.74,0,0.08,N,4,2024-07-23
26,119000,MORTGAGE,6.0,VENTURE,D,15000,14.42,0,0.13,N,2,2024-05-24
23,119496,MORTGAGE,7.0,EDUCATION,A,12000,7.88,0,0.1,N,4,2024-06-03
23,119500,MORTGAGE,4.0,PERSONAL,A,24000,7.51,0,0.2,N,2,2024-12-07
24,119500,OWN,8.0,HOMEIMPROVEMENT,B,3500,12.18,0,0.03,N,2,2024-03-27
22,26000,OWN,2.0,EDUCATION,A,7100,7.49,0,0.27,N,2,2024-01-15
25,120000,MORTGAGE,4.0,EDUCATION,B,10000,9.91,0,0.08,N,4,2024-07-29
25,48000,RENT,9.0,PERSONAL,B,15000,11.013786929274843,1,0.31,N,2,2024-10-16
23,48000,RENT,2.0,DEBTCONSOLIDATION,B,15000,10.75,1,0.31,N,3,2024-06-09
22,48000,RENT,6.0,EDUCATION,A,15000,7.51,1,0.31,N,2,2024-03-26
24,120000,MORTGAGE,8.0,EDUCATION,A,10000,6.03,0,0.08,N,4,2024-01-10
26,120000,MORTGAGE,10.0,DEBTCONSOLIDATION,A,23000,6.62,0,0.19,N,3,2024-01-12
22,48000,RENT,5.0,MEDICAL,B,15000,11.89,1,0.31,N,4,2024-04-23
24,120000,MORTGAGE,8.0,VENTURE,A,20000,7.9,0,0.17,N,4,2024-07-06
23,120000,MORTGAGE,7.0,VENTURE,B,4400,11.71,0,0.04,N,3,2024-02-02
23,48800,RENT,3.0,EDUCATION,B,15000,11.36,1,0.31,N,4,2024-09-24
25,43000,RENT,9.0,MEDICAL,D,15000,15.57,1,0.35,N,3,2024-02-18
25,49000,RENT,5.0,MEDICAL,B,15000,12.18,1,0.31,N,4,2024-06-30
24,49812,RENT,4.0,MEDICAL,A,15000,6.17,0,0.3,N,3,2024-08-04
25,120000,MORTGAGE,1.0,HOMEIMPROVEMENT,C,3000,14.27,0,0.03,Y,4,2024-08-04
22,120000,MORTGAGE,6.0,EDUCATION,B,8000,12.69,0,0.07,N,2,2024-10-08
22,120000,MORTGAGE,3.0,PERSONAL,B,8900,11.71,0,0.07,N,2,2024-11-04
22,50000,RENT,6.0,EDUCATION,A,15000,6.03,0,0.3,N,2,2024-11-04
25,120000,MORTGAGE,5.0,HOMEIMPROVEMENT,A,21000,7.9,0,0.17,N,2,2024-04-30
25,120000,MORTGAGE,5.0,PERSONAL,A,28000,7.9,0,0.23,N,2,2024-04-20
23,120000,MORTGAGE,4.0,EDUCATION,B,2400,12.42,0,0.02,N,3,2024-04-15
25,120000,MORTGAGE,7.0,EDUCATION,C,15000,14.65,0,0.13,N,4,2024-04-07
23,108000,MORTGAGE,5.0,DEBTCONSOLIDATION,D,10000,11.013786929274843,1,0.09,Y,2,2024-01-14
26,50000,RENT,3.0,EDUCATION,B,15000,9.91,0,0.3,N,3,2024-03-23
25,120000,MORTGAGE,5.0,MEDICAL,A,10000,6.62,0,0.08,N,3,2024-10-17
24,25920,OWN,4.0,EDUCATION,D,3250,15.99,0,0.13,Y,4,2024-07-19
23,120000,MORTGAGE,7.0,DEBTCONSOLIDATION,B,10000,9.91,0,0.08,N,3,2024-01-15
23,120000,MORTGAGE,8.0,EDUCATION,B,4000,10.65,0,0.03,N,2,2024-08-14
22,25899,OWN,7.0,VENTURE,B,6250,12.69,0,0.24,N,2,2024-12-13
23,120000,MORTGAGE,3.0,VENTURE,A,5000,8.9,0,0.04,N,4,2024-01-01
24,120000,MORTGAGE,3.0,HOMEIMPROVEMENT,D,7000,15.62,0,0.06,N,2,2024-05-09
25,120000,MORTGAGE,9.0,MEDICAL,A,5000,8.49,0,0.04,N,3,2024-12-11
26,120000,MORTGAGE,10.0,HOMEIMPROVEMENT,C,5600,13.49,0,0.05,Y,3,2024-06-14
23,120000,MORTGAGE,7.0,MEDICAL,A,8500,5.42,0,0.07,N,4,2024-07-16
22,44000,RENT,5.0,HOMEIMPROVEMENT,B,15000,11.11,1,0.34,N,3,2024-11-02
23,120000,MORTGAGE,3.0,MEDICAL,B,30000,11.49,0,0.25,N,4,2024-07-11
26,120000,MORTGAGE,11.0,VENTURE,A,10000,5.99,0,0.08,N,4,2024-06-28
23,50000,RENT,7.0,PERSONAL,B,15000,10.37,0,0.3,N,3,2024-07-01
24,120000,MORTGAGE,8.0,PERSONAL,B,8575,11.013786929274843,0,0.07,N,3,2024-11-26
24,91800,OWN,8.0,MEDICAL,E,10000,19.29,1,0.09,N,2,2024-07-11
26,108000,MORTGAGE,8.0,HOMEIMPROVEMENT,B,15000,11.49,1,0.14,N,3,2024-11-15
25,120000,MORTGAGE,9.0,PERSONAL,C,21000,13.49,0,0.17,N,4,2024-05-03
23,120000,MORTGAGE,7.0,EDUCATION,A,12000,5.42,0,0.1,N,3,2024-12-08
25,120000,MORTGAGE,2.0,PERSONAL,F,10000,20.99,0,0.08,N,4,2024-06-04
22,120000,MORTGAGE,3.0,MEDICAL,C,5000,14.79,0,0.04,N,2,2024-09-27
24,120000,MORTGAGE,9.0,EDUCATION,B,20000,9.99,0,0.17,N,4,2024-06-10
24,120000,OWN,8.0,EDUCATION,A,5275,5.42,0,0.04,N,4,2024-05-01
23,120000,MORTGAGE,7.0,MEDICAL,A,6000,6.99,0,0.05,N,3,2024-07-10
23,50000,RENT,1.0,VENTURE,C,15000,13.61,0,0.3,N,3,2024-04-16
22,120000,MORTGAGE,6.0,VENTURE,A,12000,7.49,0,0.1,N,4,2024-07-16
24,120000,MORTGAGE,5.0,PERSONAL,A,16000,6.99,0,0.13,N,4,2024-10-14
23,50000,RENT,7.0,PERSONAL,A,15000,7.88,0,0.3,N,4,2024-02-01
24,91800,MORTGAGE,8.0,MEDICAL,D,5000,15.99,1,0.05,N,2,2024-05-06
23,120000,MORTGAGE,5.0,MEDICAL,B,6000,9.99,0,0.05,N,3,2024-03-14
25,44000,RENT,1.0,EDUCATION,D,15000,14.59,1,0.34,N,4,2024-02-06
24,50000,RENT,2.0,VENTURE,B,15000,11.36,0,0.3,N,2,2024-07-13
24,120000,MORTGAGE,3.0,MEDICAL,A,4800,5.99,0,0.04,N,4,2024-08-24
24,120000,MORTGAGE,8.0,PERSONAL,C,20000,12.99,0,0.17,Y,2,2024-12-24
23,120000,OWN,7.0,VENTURE,B,3600,10.59,0,0.03,N,4,2024-07-02
22,120000,MORTGAGE,3.0,MEDICAL,A,22000,7.49,0,0.18,N,3,2024-12-02
23,120000,MORTGAGE,7.0,DEBTCONSOLIDATION,A,3750,5.42,0,0.03,N,3,2024-08-02
26,120000,MORTGAGE,5.0,EDUCATION,B,13000,10.99,0,0.11,N,2,2024-03-06
25,120000,MORTGAGE,7.0,MEDICAL,A,14500,7.49,0,0.12,N,4,2024-11-25
26,120000,MORTGAGE,10.0,MEDICAL,C,5000,13.49,0,0.04,Y,2,2024-05-24
26,120000,MORTGAGE,5.0,EDUCATION,A,8000,7.29,0,0.07,N,2,2024-12-25
25,120000,MORTGAGE,9.0,PERSONAL,A,10000,5.42,0,0.08,N,4,2024-08-02
26,50004,RENT,3.0,VENTURE,C,15000,13.72,0,0.3,Y,4,2024-06-29
22,50004,RENT,6.0,VENTURE,D,15000,15.05,0,0.3,Y,2,2024-06-04
23,120000,MORTGAGE,7.0,DEBTCONSOLIDATION,B,15000,11.013786929274843,0,0.13,N,4,2024-12-22
23,120000,MORTGAGE,7.0,EDUCATION,B,18225,11.013786929274843,0,0.15,N,3,2024-05-28
24,120000,MORTGAGE,8.0,HOMEIMPROVEMENT,B,14000,10.74,0,0.12,N,3,2024-03-14
22,44172,RENT,4.0,PERSONAL,B,15000,10.37,1,0.34,N,3,2024-12-05
26,50400,RENT,10.0,HOMEIMPROVEMENT,B,15000,10.75,0,0.3,N,2,2024-12-16
25,120000,MORTGAGE,9.0,HOMEIMPROVEMENT,B,28000,10.74,0,0.23,N,3,2024-01-25
25,50500,RENT,4.0,VENTURE,B,15000,11.14,0,0.3,N,4,2024-06-10
25,120000,MORTGAGE,9.0,PERSONAL,B,10000,10.37,0,0.08,N,3,2024-01-25
26,120000,MORTGAGE,10.0,MEDICAL,A,10000,5.42,0,0.08,N,2,2024-03-03
22,120000,MORTGAGE,2.0,EDUCATION,A,17400,7.66,0,0.14,N,2,2024-03-15
22,51000,RENT,6.0,DEBTCONSOLIDATION,B,15000,11.11,0,0.29,N,4,2024-08-02
23,120000,MORTGAGE,7.0,VENTURE,C,6000,13.06,0,0.05,N,4,2024-06-18
25,25000,OWN,9.0,VENTURE,A,6000,7.51,0,0.24,N,2,2024-03-22
24,51000,RENT,6.0,MEDICAL,B,15000,11.12,0,0.29,N,3,2024-09-05
23,120000,MORTGAGE,2.0,PERSONAL,D,24250,16.02,0,0.2,Y,4,2024-08-28
25,51000,RENT,1.0,VENTURE,C,15000,13.48,0,0.29,Y,4,2024-03-25
23,120000,MORTGAGE,7.0,DEBTCONSOLIDATION,B,16000,10.37,0,0.13,N,3,2024-04-01
24,120000,OWN,8.0,PERSONAL,D,15000,15.28,0,0.13,N,3,2024-11-21
25,120000,MORTGAGE,6.0,DEBTCONSOLIDATION,B,10000,11.013786929274843,0,0.08,N,2,2024-10-26
25,120000,MORTGAGE,2.0,EDUCATION,B,13000,9.99,0,0.11,N,4,2024-12-04
26,120000,MORTGAGE,3.0,DEBTCONSOLIDATION,B,25000,11.013786929274843,0,0.21,N,3,2024-10-27
26,91800,MORTGAGE,10.0,MEDICAL,E,10000,16.32,1,0.09,Y,4,2024-01-16
24,51500,RENT,8.0,EDUCATION,A,15000,8.49,0,0.29,N,2,2024-07-04
24,51996,RENT,2.0,MEDICAL,C,15000,13.22,0,0.29,N,3,2024-10-11
26,120000,MORTGAGE,2.0,EDUCATION,A,10000,5.42,0,0.08,N,4,2024-11-24
24,120000,MORTGAGE,8.0,DEBTCONSOLIDATION,C,8400,13.72,0,0.07,Y,2,2024-03-15
23,46000,RENT,3.0,MEDICAL,D,15000,16.0,1,0.33,N,4,2024-01-09
23,52000,RENT,7.0,VENTURE,C,15000,14.26,0,0.29,N,3,2024-11-01
25,52000,RENT,4.0,EDUCATION,B,15000,12.18,0,0.29,N,4,2024-08-03
25,120000,MORTGAGE,9.0,PERSONAL,C,25000,13.72,0,0.21,N,3,2024-07-01
25,120000,MORTGAGE,7.0,MEDICAL,A,4000,5.42,0,0.03,N,3,2024-04-11
22,52500,RENT,2.0,EDUCATION,B,15000,10.37,0,0.29,N,3,2024-02-02
25,120000,MORTGAGE,5.0,DEBTCONSOLIDATION,A,9500,5.42,0,0.08,N,2,2024-07-06
23,108000,MORTGAGE,7.0,DEBTCONSOLIDATION,C,4000,11.013786929274843,1,0.04,N,2,2024-10-28
23,120000,MORTGAGE,5.0,EDUCATION,A,14000,11.013786929274843,0,0.12,N,3,2024-04-18
24,120000,MORTGAGE,1.0,MEDICAL,A,3000,6.39,0,0.03,N,3,2024-09-27
23,120000,MORTGAGE,2.0,EDUCATION,A,6000,6.76,0,0.05,N,3,2024-09-28
23,120000,MORTGAGE,7.0,EDUCATION,C,8000,13.61,0,0.07,Y,2,2024-07-13
24,91800,MORTGAGE,8.0,MEDICAL,D,15000,16.32,1,0.14,Y,2,2024-11-18
22,52596,RENT,1.0,PERSONAL,B,15000,10.74,0,0.29,N,2,2024-10-02
26,120000,MORTGAGE,3.0,PERSONAL,A,4600,6.39,0,0.04,N,2,2024-10-03
23,120000,MORTGAGE,8.0,MEDICAL,A,10000,7.88,0,0.08,N,2,2024-01-02
26,120000,MORTGAGE,8.0,DEBTCONSOLIDATION,A,4000,7.14,0,0.03,N,3,2024-01-31
24,23000,RENT,2.0,EDUCATION,C,1600,11.013786929274843,0,0.07,Y,2,2024-03-27
23,120000,MORTGAGE,7.0,EDUCATION,A,10000,7.51,0,0.08,N,3,2024-05-08
23,120000,MORTGAGE,7.0,DEBTCONSOLIDATION,A,4900,7.14,0,0.04,N,4,2024-12-13
24,23000,RENT,2.0,EDUCATION,A,1600,7.68,0,0.07,N,2,2024-09-27
25,25000,RENT,1.0,DEBTCONSOLIDATION,B,1600,9.99,0,0.06,N,3,2024-09-14
24,120000,MORTGAGE,2.0,PERSONAL,A,12000,7.51,0,0.1,N,3,2024-04-29
25,25000,RENT,4.0,MEDICAL,C,1600,12.98,0,0.06,N,3,2024-08-04
24,25000,RENT,3.0,PERSONAL,C,1600,12.53,0,0.06,N,3,2024-01-03
23,26000,RENT,1.0,PERSONAL,D,1600,16.29,1,0.06,Y,3,2024-08-19
25,120000,MORTGAGE,4.0,HOMEIMPROVEMENT,A,6000,6.76,0,0.05,N,3,2024-06-19
26,120000,MORTGAGE,10.0,HOMEIMPROVEMENT,D,10000,14.59,0,0.08,Y,2,2024-07-19
22,26880,RENT,2.0,DEBTCONSOLIDATION,B,1600,11.12,0,0.06,N,2,2024-01-08
25,28800,RENT,2.0,MEDICAL,A,1600,6.62,0,0.06,N,2,2024-01-27
23,29124,RENT,3.0,EDUCATION,B,1600,10.83,0,0.05,N,4,2024-10-21
26,120000,MORTGAGE,10.0,PERSONAL,C,10000,12.73,0,0.08,N,3,2024-06-11
26,120000,OWN,10.0,PERSONAL,C,15000,13.11,0,0.13,Y,4,2024-02-25
25,30000,RENT,8.0,PERSONAL,D,1600,16.29,0,0.05,N,3,2024-11-13
22,31000,RENT,2.0,MEDICAL,A,1600,9.32,0,0.05,N,3,2024-03-13
24,120000,OWN,8.0,HOMEIMPROVEMENT,C,21000,14.26,0,0.17,Y,2,2024-05-09
25,25000,OWN,4.0,MEDICAL,C,17500,14.22,0,0.7,N,2,2024-12-06
26,25000,OWN,1.0,EDUCATION,B,5000,9.88,0,0.2,N,3,2024-05-16
24,37500,RENT,2.0,DEBTCONSOLIDATION,C,1600,11.03,0,0.04,Y,3,2024-01-06
26,32000,RENT,5.0,VENTURE,D,1600,14.46,1,0.05,Y,3,2024-12-15
23,120000,MORTGAGE,8.0,VENTURE,A,14000,8.94,0,0.12,N,3,2024-01-22
25,25000,OWN,4.0,VENTURE,B,2000,10.99,0,0.08,N,3,2024-08-07
22,25000,OWN,6.0,VENTURE,A,13000,7.88,0,0.52,N,3,2024-11-04
22,120000,MORTGAGE,5.0,MEDICAL,A,18000,8.94,0,0.15,N,3,2024-03-13
26,120000,MORTGAGE,10.0,DEBTCONSOLIDATION,A,16000,8.94,0,0.13,N,2,2024-05-20
22,120000,MORTGAGE,3.0,MEDICAL,C,9600,13.22,0,0.08,Y,4,2024-07-26
26,120000,MORTGAGE,1.0,HOMEIMPROVEMENT,E,20000,17.74,0,0.17,Y,3,2024-01-28
24,120000,MORTGAGE,8.0,PERSONAL,A,16000,11.013786929274843,0,0.13,N,3,2024-04-23
24,120000,MORTGAGE,1.0,EDUCATION,F,25000,18.53,0,0.21,N,2,2024-12-10
23,25000,OWN,1.0,EDUCATION,A,8000,8.59,0,0.32,N,3,2024-08-29
26,120000,MORTGAGE,10.0,HOMEIMPROVEMENT,C,20000,13.79,0,0.17,Y,4,2024-12-17
23,45000,RENT,6.0,VENTURE,B,1600,10.08,0,0.04,N,4,2024-02-14
23,48000,RENT,4.0,EDUCATION,C,1600,13.98,0,0.03,N,3,2024-07-04
22,48000,RENT,1.0,MEDICAL,C,1600,14.26,0,0.03,N,4,2024-09-25
23,108000,MORTGAGE,7.0,HOMEIMPROVEMENT,B,18000,11.26,1,0.17,N,2,2024-02-24
23,53616,RENT,6.0,EDUCATION,B,1600,12.42,0,0.03,N,4,2024-09-09
23,120000,MORTGAGE,7.0,MEDICAL,B,20000,12.21,0,0.17,N,3,2024-06-18
23,60000,RENT,1.0,MEDICAL,C,1600,13.99,0,0.03,Y,4,2024-10-08
24,120000,MORTGAGE,7.0,EDUCATION,B,2500,11.013786929274843,0,0.02,N,3,2024-09-17
24,62000,RENT,1.0,MEDICAL,C,1600,13.85,0,0.03,Y,4,2024-02-26
25,120000,MORTGAGE,9.0,HOMEIMPROVEMENT,B,20000,11.14,0,0.17,N,4,2024-10-01
24,108000,MORTGAGE,1.0,DEBTCONSOLIDATION,D,25000,13.99,1,0.23,Y,2,2024-06-15
26,120000,MORTGAGE,7.0,HOMEIMPROVEMENT,F,25000,15.76,0,0.21,N,4,2024-01-07
26,120000,MORTGAGE,8.0,EDUCATION,B,25000,9.76,0,0.21,N,3,2024-03-13
24,120000,MORTGAGE,8.0,HOMEIMPROVEMENT,C,9500,11.66,0,0.08,Y,2,2024-09-15
25,120000,OWN,3.0,EDUCATION,B,3000,10.14,0,0.03,N,3,2024-08-04
23,70000,RENT,7.0,DEBTCONSOLIDATION,B,1600,11.14,0,0.02,N,4,2024-02-02
22,82000,RENT,2.0,EDUCATION,B,1600,11.89,0,0.02,N,2,2024-09-29
22,24996,OWN,2.0,PERSONAL,B,13000,8.88,0,0.52,N,4,2024-02-13
24,120155,MORTGAGE,4.0,EDUCATION,A,12000,11.013786929274843,0,0.1,N,4,2024-08-23
22,120456,MORTGAGE,6.0,EDUCATION,D,20000,14.96,0,0.17,Y,2,2024-03-13
22,34480,RENT,4.0,VENTURE,D,1550,15.21,0,0.04,Y,3,2024-02-06
25,120775,OWN,9.0,EDUCATION,C,15000,13.11,0,0.12,N,4,2024-12-17
26,26989,RENT,2.0,MEDICAL,C,1525,15.23,0,0.06,Y,3,2024-11-03
25,121000,MORTGAGE,9.0,MEDICAL,B,13600,11.99,0,0.11,N,2,2024-06-25
25,121000,MORTGAGE,6.0,VENTURE,B,13000,11.013786929274843,0,0.11,N,2,2024-12-29
23,121000,MORTGAGE,4.0,PERSONAL,A,3600,5.79,0,0.03,N,4,2024-11-02
22,12000,RENT,1.0,VENTURE,A,1500,6.99,0,0.13,N,2,2024-05-16
25,121000,MORTGAGE,1.0,EDUCATION,B,3600,11.83,0,0.03,N,3,2024-01-11
23,14088,RENT,2.0,MEDICAL,B,1500,8.88,0,0.11,N,2,2024-05-14
25,121680,MORTGAGE,3.0,HOMEIMPROVEMENT,B,15000,10.37,0,0.12,N,3,2024-05-04
23,122000,MORTGAGE,7.0,EDUCATION,C,16000,13.49,0,0.13,N,2,2024-04-15
25,24864,OWN,9.0,VENTURE,B,9000,11.013786929274843,0,0.36,N,3,2024-11-11
25,110000,MORTGAGE,9.0,DEBTCONSOLIDATION,D,12000,15.99,1,0.11,N,3,2024-10-07
22,24744,OWN,5.0,VENTURE,B,5000,11.89,0,0.2,N,2,2024-02-23
22,122000,MORTGAGE,6.0,MEDICAL,A,6000,6.92,0,0.05,N,2,2024-05-31
25,122000,MORTGAGE,1.0,PERSONAL,C,35000,13.8,0,0.29,Y,3,2024-04-07
23,122000,MORTGAGE,5.0,PERSONAL,A,12000,7.29,0,0.1,N,3,2024-02-07
22,24605,OWN,3.0,VENTURE,C,10000,11.013786929274843,0,0.41,Y,2,2024-02-14
26,122000,MORTGAGE,4.0,EDUCATION,C,4800,11.013786929274843,0,0.04,Y,3,2024-06-15
22,24600,OWN,1.0,PERSONAL,B,4750,10.0,0,0.19,N,4,2024-05-11
25,122000,MORTGAGE,9.0,PERSONAL,C,20000,13.23,0,0.16,Y,4,2024-08-24
26,14400,RENT,1.0,PERSONAL,B,1500,9.25,0,0.1,N,4,2024-12-25
26,122000,MORTGAGE,10.0,PERSONAL,A,6000,7.51,0,0.05,N,2,2024-03-14
25,122000,MORTGAGE,8.0,PERSONAL,C,10000,13.57,0,0.08,N,4,2024-09-03
25,122000,MORTGAGE,1.0,MEDICAL,A,10000,8.94,0,0.08,N,4,2024-03-29
23,122004,MORTGAGE,7.0,EDUCATION,B,11200,10.99,0,0.09,N,3,2024-02-09
25,16200,RENT,2.0,MEDICAL,A,1500,6.91,0,0.09,N,4,2024-10-08
24,94102,MORTGAGE,8.0,MEDICAL,C,8475,12.99,1,0.08,N,4,2024-02-24
24,123000,MORTGAGE,6.0,PERSONAL,C,8000,12.68,0,0.07,N,4,2024-04-22
22,123000,MORTGAGE,6.0,EDUCATION,A,7000,7.51,0,0.06,N,4,2024-05-20
24,123000,MORTGAGE,6.0,PERSONAL,B,4750,10.99,0,0.04,N,3,2024-12-14
26,111917,MORTGAGE,1.0,DEBTCONSOLIDATION,D,25000,15.31,1,0.22,N,3,2024-12-24
26,123996,MORTGAGE,10.0,MEDICAL,A,2000,5.42,0,0.02,N,4,2024-08-30
25,123996,OWN,9.0,HOMEIMPROVEMENT,A,10000,6.54,0,0.08,N,3,2024-12-07
23,124000,MORTGAGE,4.0,MEDICAL,A,16000,6.03,0,0.13,N,4,2024-07-11
26,18700,RENT,2.0,EDUCATION,A,1500,5.42,0,0.08,N,4,2024-03-02
25,124000,OWN,9.0,MEDICAL,B,2000,11.013786929274843,0,0.02,N,4,2024-10-13
24,124000,MORTGAGE,5.0,EDUCATION,B,12000,10.36,0,0.1,N,4,2024-07-29
22,24000,OWN,1.0,VENTURE,A,8000,7.51,0,0.33,N,3,2024-02-23
23,24000,OWN,5.0,VENTURE,A,12000,11.013786929274843,0,0.5,N,4,2024-03-05
22,124000,MORTGAGE,6.0,MEDICAL,C,11000,11.013786929274843,0,0.09,N,3,2024-07-19
26,112000,MORTGAGE,5.0,DEBTCONSOLIDATION,B,20000,12.53,1,0.18,N,4,2024-08-09
22,18996,RENT,1.0,MEDICAL,D,1500,11.013786929274843,1,0.08,Y,3,2024-01-01
26,124500,MORTGAGE,10.0,PERSONAL,B,6000,10.62,0,0.05,N,2,2024-02-02
26,124726,MORTGAGE,3.0,PERSONAL,A,15000,7.29,0,0.12,N,3,2024-07-01
23,124800,MORTGAGE,2.0,DEBTCONSOLIDATION,A,5000,6.62,0,0.04,N,3,2024-05-06
23,124800,MORTGAGE,4.0,MEDICAL,B,28000,11.013786929274843,0,0.22,N,2,2024-07-12
23,124896,MORTGAGE,5.0,VENTURE,B,14400,11.013786929274843,0,0.12,N,2,2024-12-13
23,24000,OWN,2.0,VENTURE,C,6000,15.23,0,0.25,Y,2,2024-06-04
23,24000,OWN,7.0,EDUCATION,A,5000,7.49,0,0.21,N,2,2024-05-19
23,125000,MORTGAGE,6.0,EDUCATION,A,35000,8.9,0,0.28,N,4,2024-05-09
25,125000,MORTGAGE,1.0,EDUCATION,B,20000,11.71,0,0.16,N,4,2024-03-28
25,125000,OWN,9.0,PERSONAL,A,15000,7.9,0,0.12,N,3,2024-03-25
23,20004,RENT,2.0,DEBTCONSOLIDATION,B,1500,9.62,0,0.07,N,3,2024-09-02
25,24000,OWN,7.0,HOMEIMPROVEMENT,A,6000,5.42,0,0.25,N,3,2024-09-11
25,125000,MORTGAGE,1.0,MEDICAL,C,30000,14.27,0,0.24,N,4,2024-07-18
24,20160,RENT,3.0,MEDICAL,C,1500,13.35,0,0.07,N,4,2024-06-18
25,125000,MORTGAGE,9.0,PERSONAL,B,12000,9.91,0,0.1,N,3,2024-09-25
24,23004,RENT,9.0,DEBTCONSOLIDATION,A,1500,7.68,0,0.07,N,2,2024-05-29
24,24000,RENT,1.0,EDUCATION,A,1500,11.013786929274843,0,0.06,N,3,2024-09-20
24,125000,OWN,3.0,HOMEIMPROVEMENT,B,28000,9.91,0,0.22,N,3,2024-02-10
23,24000,RENT,4.0,VENTURE,B,1500,11.49,0,0.06,N,2,2024-10-20
25,96050,MORTGAGE,3.0,MEDICAL,E,35000,19.29,1,0.31,N,2,2024-06-20
25,125000,MORTGAGE,2.0,PERSONAL,B,14000,11.013786929274843,0,0.11,N,4,2024-02-22
25,125000,MORTGAGE,3.0,VENTURE,A,10000,5.99,0,0.08,N,3,2024-09-19
23,125000,MORTGAGE,7.0,EDUCATION,B,5000,11.013786929274843,0,0.04,N,2,2024-03-25
26,25000,RENT,1.0,DEBTCONSOLIDATION,E,1500,14.7,1,0.06,N,2,2024-02-18
25,125000,OWN,9.0,PERSONAL,B,25000,10.59,0,0.2,N,2,2024-10-28
26,25200,RENT,2.0,MEDICAL,C,1500,13.49,0,0.06,Y,2,2024-03-11
26,125000,OWN,10.0,MEDICAL,A,6000,5.42,0,0.05,N,4,2024-12-29
26,125000,MORTGAGE,10.0,PERSONAL,A,10200,7.49,0,0.08,N,4,2024-04-15
22,26400,RENT,6.0,EDUCATION,B,1500,11.11,0,0.06,N,3,2024-04-27
24,125000,MORTGAGE,2.0,PERSONAL,A,15000,7.66,0,0.12,N,3,2024-04-14
24,125000,MORTGAGE,9.0,DEBTCONSOLIDATION,B,25000,10.0,0,0.2,N,2,2024-01-09
25,53000,RENT,5.0,EDUCATION,C,15000,14.27,0,0.28,Y,2,2024-10-03
25,113000,MORTGAGE,4.0,DEBTCONSOLIDATION,D,5000,14.54,1,0.04,Y,2,2024-06-25
26,125000,MORTGAGE,4.0,PERSONAL,C,14800,11.013786929274843,0,0.12,Y,3,2024-03-07
26,113000,MORTGAGE,10.0,PERSONAL,A,12000,7.29,1,0.11,N,2,2024-07-07
26,53307,RENT,5.0,VENTURE,B,15000,10.39,0,0.28,N,4,2024-12-08
25,125000,MORTGAGE,9.0,PERSONAL,B,12000,11.11,0,0.1,N,3,2024-12-21
23,53500,RENT,6.0,EDUCATION,C,15000,13.47,0,0.28,N,2,2024-11-05
26,48000,RENT,1.0,PERSONAL,E,15000,18.64,1,0.31,Y,3,2024-07-28
25,48000,RENT,9.0,PERSONAL,D,15000,17.49,1,0.31,Y,3,2024-01-12
26,125000,MORTGAGE,3.0,EDUCATION,D,24000,15.28,0,0.19,Y,4,2024-04-16
23,48996,RENT,2.0,MEDICAL,D,15000,15.99,1,0.31,N,4,2024-03-07
23,54996,RENT,8.0,EDUCATION,D,15000,14.83,0,0.27,N,2,2024-08-05
23,125000,MORTGAGE,7.0,MEDICAL,B,10000,9.99,0,0.08,N,2,2024-06-10
24,54996,RENT,7.0,MEDICAL,B,15000,11.14,0,0.27,N,4,2024-08-01
25,125000,MORTGAGE,9.0,DEBTCONSOLIDATION,B,25000,11.49,0,0.2,N,3,2024-07-02
26,55000,RENT,10.0,MEDICAL,B,15000,11.12,0,0.27,N,2,2024-09-21
25,125000,OWN,4.0,VENTURE,A,12000,7.88,0,0.1,N,3,2024-05-01
23,113000,MORTGAGE,6.0,DEBTCONSOLIDATION,B,10000,10.38,1,0.09,N,3,2024-03-22
22,49000,RENT,3.0,MEDICAL,D,15000,14.61,1,0.31,N,3,2024-01-08
26,125000,MORTGAGE,10.0,VENTURE,C,15000,13.85,0,0.12,Y,3,2024-04-04
26,125000,MORTGAGE,2.0,DEBTCONSOLIDATION,C,20000,13.11,0,0.16,N,2,2024-05-04
24,125000,MORTGAGE,8.0,PERSONAL,B,10000,10.99,0,0.08,N,3,2024-11-04
24,24000,OWN,4.0,VENTURE,B,6400,8.88,0,0.27,N,4,2024-03-04
22,55000,RENT,1.0,VENTURE,C,15000,12.84,0,0.27,N,3,2024-12-13
24,55000,RENT,2.0,PERSONAL,A,15000,11.013786929274843,0,0.27,N,2,2024-07-03
24,49200,RENT,8.0,DEBTCONSOLIDATION,E,15000,18.39,1,0.3,Y,4,2024-02-04
26,125000,MORTGAGE,5.0,HOMEIMPROVEMENT,B,7400,12.53,0,0.06,N,2,2024-03-07
25,55315,RENT,3.0,EDUCATION,B,15000,10.74,0,0.27,N,2,2024-07-17
24,49700,RENT,3.0,MEDICAL,E,15000,15.68,1,0.3,N,4,2024-01-09
22,24000,OWN,2.0,PERSONAL,C,3000,13.61,0,0.13,N,2,2024-10-08
26,125000,MORTGAGE,6.0,HOMEIMPROVEMENT,A,16000,8.94,0,0.13,N,4,2024-02-14
22,24000,OWN,4.0,MEDICAL,C,4750,11.013786929274843,0,0.2,Y,4,2024-02-26
24,56000,RENT,1.0,DEBTCONSOLIDATION,C,15000,12.87,0,0.27,N,2,2024-12-13
25,125000,MORTGAGE,6.0,MEDICAL,A,8000,9.63,0,0.06,N,2,2024-12-20
25,125000,MORTGAGE,1.0,HOMEIMPROVEMENT,D,14000,14.42,0,0.11,N,4,2024-09-28
23,125000,OTHER,4.0,VENTURE,A,7500,8.0,0,0.06,N,4,2024-05-15
22,125000,MORTGAGE,6.0,VENTURE,B,10000,11.013786929274843,0,0.08,N,2,2024-11-09
25,125000,MORTGAGE,5.0,HOMEIMPROVEMENT,C,12000,11.013786929274843,0,0.1,Y,3,2024-01-21
26,125000,MORTGAGE,4.0,MEDICAL,A,9600,5.79,0,0.08,N,2,2024-10-27
23,24000,OWN,5.0,EDUCATION,B,7000,11.86,0,0.29,N,4,2024-11-19
22,24000,OWN,3.0,EDUCATION,B,6000,11.49,0,0.25,N,4,2024-04-25
22,125004,MORTGAGE,6.0,EDUCATION,A,30000,7.9,0,0.24,N,2,2024-10-10
22,125004,OTHER,6.0,VENTURE,D,10000,14.74,0,0.08,N,2,2024-02-02
22,125555,MORTGAGE,2.0,MEDICAL,B,9000,10.99,0,0.07,N,4,2024-06-27
25,126000,MORTGAGE,9.0,EDUCATION,A,15000,7.9,0,0.12,N,3,2024-08-09
25,126000,MORTGAGE,9.0,VENTURE,B,10200,11.013786929274843,0,0.08,N,4,2024-12-09
24,126000,MORTGAGE,7.0,MEDICAL,C,11800,11.013786929274843,0,0.09,Y,2,2024-07-05
22,126000,MORTGAGE,6.0,EDUCATION,D,3600,15.99,0,0.03,N,3,2024-10-19
26,114000,MORTGAGE,4.0,HOMEIMPROVEMENT,B,6000,10.0,1,0.05,N,2,2024-02-27
24,53000,RENT,1.0,DEBTCONSOLIDATION,D,15000,16.77,1,0.28,N,2,2024-10-03
26,126000,MORTGAGE,3.0,PERSONAL,A,11000,7.14,0,0.09,N,4,2024-05-26
22,126000,MORTGAGE,6.0,EDUCATION,B,24000,11.36,0,0.19,N,4,2024-01-10
26,126000,MORTGAGE,4.0,HOMEIMPROVEMENT,C,7500,13.92,0,0.06,N,3,2024-09-06
25,126500,MORTGAGE,2.0,EDUCATION,B,2000,11.013786929274843,0,0.02,N,2,2024-07-22
23,97583,MORTGAGE,7.0,MEDICAL,D,6950,13.67,1,0.06,N,2,2024-03-23
23,126996,OWN,2.0,EDUCATION,B,11000,10.0,0,0.09,N,2,2024-08-28
25,127000,MORTGAGE,9.0,PERSONAL,B,6000,9.91,0,0.05,N,2,2024-09-03
26,127000,MORTGAGE,10.0,EDUCATION,A,6000,5.42,0,0.05,N,3,2024-10-13
26,127000,MORTGAGE,5.0,DEBTCONSOLIDATION,C,4900,11.013786929274843,0,0.04,Y,3,2024-10-04
25,97750,OWN,9.0,MEDICAL,E,20000,17.39,1,0.17,Y,3,2024-07-14
24,115000,MORTGAGE,3.0,DEBTCONSOLIDATION,D,12000,15.05,1,0.1,N,4,2024-07-29
26,127500,MORTGAGE,7.0,HOMEIMPROVEMENT,A,10000,7.51,0,0.08,N,3,2024-05-19
22,127500,MORTGAGE,2.0,MEDICAL,A,15000,7.49,0,0.12,N,4,2024-11-11
23,54000,RENT,7.0,MEDICAL,C,15000,15.27,1,0.28,N,2,2024-07-15
26,127500,OWN,9.0,MEDICAL,D,24250,15.31,0,0.19,Y,4,2024-08-27
25,127741,MORTGAGE,9.0,DEBTCONSOLIDATION,A,12000,7.88,0,0.09,N,2,2024-12-07
26,127992,MORTGAGE,10.0,MEDICAL,C,26000,13.99,0,0.2,Y,3,2024-05-31
26,128000,MORTGAGE,8.0,DEBTCONSOLIDATION,A,35000,8.9,0,0.27,N,3,2024-12-07
24,128000,MORTGAGE,4.0,EDUCATION,A,12000,6.03,0,0.09,N,3,2024-05-01
26,60000,RENT,7.0,DEBTCONSOLIDATION,A,15000,6.03,0,0.25,N,3,2024-08-19
23,128000,MORTGAGE,7.0,EDUCATION,A,6000,7.49,0,0.05,N,2,2024-02-26
23,128000,MORTGAGE,4.0,EDUCATION,C,4800,12.99,0,0.04,Y,2,2024-10-19
26,116000,MORTGAGE,5.0,VENTURE,C,5000,11.013786929274843,1,0.04,Y,3,2024-09-03
22,128000,MORTGAGE,6.0,VENTURE,A,21600,6.91,0,0.17,N,4,2024-06-04
23,128000,MORTGAGE,7.0,VENTURE,C,3000,14.72,0,0.02,Y,4,2024-08-27
22,128474,MORTGAGE,6.0,DEBTCONSOLIDATION,A,30000,7.29,0,0.23,N,2,2024-06-23
25,128500,MORTGAGE,1.0,HOMEIMPROVEMENT,C,15000,12.53,0,0.12,Y,3,2024-01-18
25,128600,MORTGAGE,9.0,PERSONAL,A,28000,7.9,0,0.22,N,3,2024-09-02
23,129600,OWN,7.0,PERSONAL,A,13500,5.42,0,0.1,N,2,2024-04-20
23,129996,MORTGAGE,2.0,VENTURE,B,30000,11.11,0,0.23,N,4,2024-07-10
25,129996,MORTGAGE,9.0,VENTURE,B,7500,11.86,0,0.06,N,3,2024-03-18
24,60000,RENT,6.0,HOMEIMPROVEMENT,C,15000,13.99,0,0.25,N,4,2024-04-27
22,60000,RENT,5.0,EDUCATION,B,15000,10.59,0,0.25,N,3,2024-11-19
25,60000,RENT,5.0,DEBTCONSOLIDATION,C,15000,12.99,0,0.25,N,4,2024-05-17
22,130000,MORTGAGE,6.0,PERSONAL,C,3000,13.49,0,0.02,N,2,2024-05-31
26,130000,MORTGAGE,10.0,PERSONAL,D,3000,17.58,0,0.02,Y,3,2024-02-13
24,60000,RENT,4.0,VENTURE,A,15000,6.17,0,0.25,N,3,2024-10-20
24,130000,MORTGAGE,8.0,VENTURE,A,6000,6.62,0,0.05,N,2,2024-07-08
22,60000,RENT,6.0,MEDICAL,C,15000,13.35,0,0.25,Y,3,2024-03-13
26,130000,MORTGAGE,8.0,PERSONAL,A,10000,6.03,0,0.08,N,2,2024-07-21
26,130000,MORTGAGE,5.0,PERSONAL,D,35000,18.25,0,0.27,Y,4,2024-11-06
24,130000,MORTGAGE,3.0,DEBTCONSOLIDATION,B,5000,12.42,0,0.04,N,2,2024-09-01
26,130000,MORTGAGE,2.0,MEDICAL,A,18000,7.9,0,0.14,N,2,2024-10-17
22,60000,RENT,5.0,MEDICAL,A,15000,11.013786929274843,0,0.25,N,4,2024-03-29
25,130000,MORTGAGE,9.0,HOMEIMPROVEMENT,B,35000,11.013786929274843,0,0.27,N,3,2024-07-28
26,130000,MORTGAGE,7.0,VENTURE,D,6500,15.99,0,0.05,Y,3,2024-08-16
24,130000,MORTGAGE,8.0,DEBTCONSOLIDATION,B,7000,11.99,0,0.05,N,3,2024-11-18
24,60000,RENT,7.0,HOMEIMPROVEMENT,C,15000,13.85,0,0.25,Y,2,2024-01-10
25,60000,RENT,7.0,DEBTCONSOLIDATION,B,15000,11.013786929274843,0,0.25,N,3,2024-06-07
26,130000,MORTGAGE,3.0,MEDICAL,A,8600,5.99,0,0.07,N,3,2024-04-18
23,60000,RENT,7.0,PERSONAL,C,15000,14.22,0,0.25,Y,2,2024-09-26
24,60000,RENT,8.0,DEBTCONSOLIDATION,B,15000,11.83,0,0.25,N,3,2024-02-15
24,130000,MORTGAGE,8.0,DEBTCONSOLIDATION,B,6000,10.59,0,0.05,N,2,2024-07-01
25,130000,MORTGAGE,3.0,HOMEIMPROVEMENT,C,8000,13.49,0,0.06,N,4,2024-07-05
23,60000,RENT,4.0,VENTURE,B,15000,11.83,0,0.25,N,3,2024-05-22
23,130000,MORTGAGE,1.0,EDUCATION,C,15000,12.87,0,0.12,Y,4,2024-08-02
25,130000,MORTGAGE,9.0,EDUCATION,B,15000,11.14,0,0.12,N,3,2024-08-06
25,130000,MORTGAGE,5.0,HOMEIMPROVEMENT,A,3000,5.42,0,0.02,N,2,2024-11-30
23,130000,MORTGAGE,4.0,EDUCATION,A,6800,8.49,0,0.05,N,3,2024-07-18
23,130000,MORTGAGE,7.0,MEDICAL,C,5000,14.79,0,0.04,Y,3,2024-10-05
22,130000,MORTGAGE,3.0,EDUCATION,C,14500,11.013786929274843,0,0.11,Y,4,2024-01-18
22,60132,RENT,7.0,EDUCATION,C,15000,14.26,0,0.25,N,4,2024-06-30
23,60480,RENT,7.0,EDUCATION,B,15000,10.83,0,0.25,N,2,2024-07-17
23,130000,MORTGAGE,7.0,EDUCATION,A,5000,5.79,0,0.04,N,4,2024-10-14
24,100300,MORTGAGE,2.0,MEDICAL,D,30000,14.91,1,0.25,Y,3,2024-10-14
23,130000,MORTGAGE,7.0,DEBTCONSOLIDATION,A,6000,5.79,0,0.05,N,3,2024-05-04
24,130000,MORTGAGE,4.0,HOMEIMPROVEMENT,B,25000,10.74,0,0.19,N,3,2024-02-29
24,130000,MORTGAGE,8.0,EDUCATION,A,18500,11.013786929274843,0,0.14,N,2,2024-04-28
24,61100,RENT,1.0,DEBTCONSOLIDATION,B,15000,12.53,0,0.25,N,2,2024-10-25
23,130000,MORTGAGE,7.0,MEDICAL,B,25000,11.12,0,0.19,N,3,2024-12-15
24,130000,MORTGAGE,8.0,HOMEIMPROVEMENT,A,15000,7.88,0,0.12,N,4,2024-05-13
25,130000,MORTGAGE,2.0,VENTURE,A,12000,7.51,0,0.09,N,2,2024-09-13
24,61284,RENT,3.0,HOMEIMPROVEMENT,D,15000,18.25,0,0.24,Y,4,2024-09-14
24,130000,MORTGAGE,8.0,PERSONAL,C,13000,13.61,0,0.1,N,4,2024-10-15
25,130000,MORTGAGE,5.0,VENTURE,C,20000,13.48,0,0.15,N,2,2024-05-26
24,61800,RENT,2.0,DEBTCONSOLIDATION,B,15000,11.013786929274843,0,0.24,N,4,2024-12-12
26,130000,MORTGAGE,10.0,MEDICAL,B,4000,10.99,0,0.03,N,3,2024-07-22
25,130000,MORTGAGE,3.0,HOMEIMPROVEMENT,B,25000,11.36,0,0.19,N,3,2024-12-07
23,56000,RENT,4.0,DEBTCONSOLIDATION,B,15000,12.69,1,0.27,N,4,2024-09-16
23,130000,MORTGAGE,2.0,PERSONAL,B,10000,11.36,0,0.08,N,3,2024-02-25
23,130000,MORTGAGE,7.0,EDUCATION,B,20000,10.62,0,0.15,N,4,2024-08-17
24,130000,MORTGAGE,5.0,DEBTCONSOLIDATION,B,25000,12.53,0,0.19,N,3,2024-07-31
22,130000,MORTGAGE,3.0,VENTURE,B,24250,12.18,0,0.19,N,4,2024-08-17
25,62280,RENT,3.0,EDUCATION,A,15000,8.94,0,0.24,N,4,2024-04-22
24,130000,MORTGAGE,3.0,PERSONAL,B,25000,11.83,0,0.19,N,3,2024-08-14
23,130000,OWN,7.0,VENTURE,D,22600,14.96,0,0.17,Y,2,2024-02-29
24,130000,OWN,8.0,VENTURE,B,22800,11.013786929274843,0,0.18,N,3,2024-09-24
22,22800,OWN,1.0,MEDICAL,A,9000,5.99,0,0.39,N,2,2024-01-10
22,130000,MORTGAGE,6.0,MEDICAL,B,25000,11.83,0,0.19,N,3,2024-04-23
22,130000,MORTGAGE,2.0,EDUCATION,B,13000,11.14,0,0.1,N,3,2024-08-29
25,130000,MORTGAGE,2.0,VENTURE,D,19400,16.0,0,0.15,Y,4,2024-08-05
24,62400,RENT,8.0,EDUCATION,B,15000,9.45,0,0.24,N,4,2024-02-01
23,130000,OWN,7.0,VENTURE,C,15000,13.22,0,0.12,Y,3,2024-10-07
22,130000,MORTGAGE,1.0,VENTURE,A,13000,8.94,0,0.1,N,4,2024-05-04
25,130000,MORTGAGE,9.0,VENTURE,C,21000,13.16,0,0.16,N,3,2024-02-01
25,130000,MORTGAGE,9.0,PERSONAL,B,15000,11.89,0,0.12,N,2,2024-12-13
26,130000,MORTGAGE,9.0,EDUCATION,A,7000,8.0,0,0.05,N,2,2024-04-06
25,58000,RENT,5.0,DEBTCONSOLIDATION,D,15000,18.25,1,0.26,N,2,2024-09-02
24,130000,MORTGAGE,2.0,MEDICAL,B,1250,10.95,0,0.01,N,2,2024-12-26
24,130000,MORTGAGE,6.0,PERSONAL,B,20000,11.58,0,0.15,N,2,2024-10-11
26,130000,MORTGAGE,3.0,PERSONAL,B,5000,9.64,0,0.04,N,2,2024-12-01
23,130104,MORTGAGE,7.0,VENTURE,A,24000,6.54,0,0.18,N,2,2024-06-28
23,130208,MORTGAGE,7.0,DEBTCONSOLIDATION,C,20000,12.73,0,0.15,Y,4,2024-08-21
23,130992,MORTGAGE,6.0,EDUCATION,A,6000,7.51,0,0.05,N,3,2024-03-16
26,22440,OWN,10.0,VENTURE,B,4750,11.86,0,0.21,N,4,2024-04-02
25,131000,MORTGAGE,1.0,PERSONAL,C,7500,12.29,0,0.06,N,3,2024-02-01
24,131004,MORTGAGE,8.0,PERSONAL,A,24000,7.49,0,0.18,N,4,2024-04-30
24,22320,OWN,4.0,MEDICAL,E,1000,16.32,1,0.04,N,2,2024-01-05
23,22300,OWN,1.0,MEDICAL,B,7500,11.12,0,0.34,N,4,2024-07-24
26,132000,MORTGAGE,3.0,PERSONAL,A,2000,7.51,0,0.02,N,3,2024-03-27
24,59000,RENT,5.0,EDUCATION,C,15000,14.79,1,0.25,Y,3,2024-02-25
26,132000,MORTGAGE,3.0,EDUCATION,A,10200,7.9,0,0.08,N,2,2024-11-12
23,132000,MORTGAGE,5.0,PERSONAL,A,15000,6.99,0,0.11,N,2,2024-01-23
25,65000,RENT,4.0,PERSONAL,C,15000,13.49,0,0.23,N,2,2024-03-29
24,132000,MORTGAGE,8.0,VENTURE,D,14000,17.49,0,0.11,Y,2,2024-05-28
25,59000,RENT,4.0,MEDICAL,B,15000,9.99,1,0.25,N,3,2024-08-05
26,132000,MORTGAGE,10.0,MEDICAL,B,11200,10.99,0,0.08,N,4,2024-10-01
23,120000,MORTGAGE,7.0,HOMEIMPROVEMENT,D,8000,11.013786929274843,1,0.07,Y,2,2024-12-25
26,65000,RENT,5.0,HOMEIMPROVEMENT,A,15000,7.66,0,0.23,N,4,2024-10-12
22,132000,MORTGAGE,3.0,MEDICAL,A,10000,7.66,0,0.08,N,2,2024-10-28
23,132000,MORTGAGE,3.0,DEBTCONSOLIDATION,A,9600,7.14,0,0.07,N,3,2024-10-18
24,65000,RENT,5.0,PERSONAL,A,15000,6.17,0,0.23,N,2,2024-03-08
25,120000,MORTGAGE,4.0,HOMEIMPROVEMENT,B,25000,10.99,1,0.21,N,2,2024-09-11
25,132000,MORTGAGE,1.0,VENTURE,B,12000,11.013786929274843,0,0.09,N,2,2024-11-15
23,65000,RENT,7.0,VENTURE,B,15000,11.12,0,0.23,N,3,2024-06-21
23,132000,MORTGAGE,7.0,PERSONAL,C,9000,11.34,0,0.07,Y,3,2024-02-16
24,132132,MORTGAGE,8.0,MEDICAL,A,28000,8.49,0,0.21,N,3,2024-08-07
26,132500,MORTGAGE,1.0,HOMEIMPROVEMENT,B,12000,12.69,0,0.09,N,3,2024-07-28
24,65000,RENT,8.0,MEDICAL,B,15000,9.88,0,0.23,N,2,2024-02-25
23,65000,RENT,3.0,VENTURE,A,15000,8.94,0,0.23,N,3,2024-02-05
24,132652,MORTGAGE,8.0,MEDICAL,A,28000,8.49,0,0.21,N,3,2024-10-17
26,132750,MORTGAGE,8.0,HOMEIMPROVEMENT,B,12000,11.49,0,0.09,N,4,2024-10-01
24,132996,MORTGAGE,3.0,VENTURE,B,5000,11.013786929274843,0,0.04,N,3,2024-03-20
24,133000,MORTGAGE,8.0,HOMEIMPROVEMENT,B,3000,11.99,0,0.02,N,4,2024-10-12
23,133000,MORTGAGE,2.0,EDUCATION,A,24000,11.013786929274843,0,0.18,N,4,2024-11-09
24,133000,OWN,4.0,VENTURE,A,4000,7.4,0,0.03,N,3,2024-04-02
25,133119,MORTGAGE,10.0,DEBTCONSOLIDATION,B,25000,11.013786929274843,0,0.19,N,3,2024-06-22
24,103044,MORTGAGE,8.0,MEDICAL,D,11600,15.05,1,0.1,Y,2,2024-07-05
25,65000,RENT,9.0,EDUCATION,E,15000,16.32,0,0.23,N,2,2024-08-18
26,134000,MORTGAGE,2.0,EDUCATION,C,30000,13.49,0,0.22,Y,3,2024-06-22
25,59004,RENT,1.0,VENTURE,D,15000,15.58,1,0.25,N,2,2024-04-17
22,65004,RENT,4.0,VENTURE,E,15000,16.95,0,0.23,N,3,2024-08-28
26,134400,MORTGAGE,3.0,MEDICAL,C,10000,12.68,0,0.07,N,3,2024-12-22
25,134748,MORTGAGE,4.0,HOMEIMPROVEMENT,B,25000,10.75,0,0.19,N,3,2024-01-09
23,60000,RENT,7.0,PERSONAL,B,15000,10.62,1,0.25,N,3,2024-08-16
24,135000,MORTGAGE,8.0,VENTURE,B,21000,12.69,0,0.16,N,2,2024-02-26
24,135000,MORTGAGE,5.0,HOMEIMPROVEMENT,A,8800,6.03,0,0.07,N,2,2024-05-25
26,135000,MORTGAGE,11.0,EDUCATION,A,6700,6.03,0,0.05,N,4,2024-03-18
25,135000,MORTGAGE,9.0,HOMEIMPROVEMENT,D,10000,15.62,0,0.07,Y,3,2024-06-13
24,135000,MORTGAGE,8.0,VENTURE,A,5225,7.49,0,0.04,N,3,2024-07-21
24,135000,MORTGAGE,4.0,MEDICAL,A,25000,7.49,0,0.19,N,2,2024-01-14
26,135000,MORTGAGE,10.0,DEBTCONSOLIDATION,C,24000,12.99,0,0.18,N,2,2024-12-02
23,135000,MORTGAGE,1.0,VENTURE,D,12500,15.99,0,0.09,N,2,2024-01-02
24,135000,MORTGAGE,8.0,PERSONAL,B,21000,10.74,0,0.16,N,2,2024-11-16
22,21600,OWN,5.0,PERSONAL,A,5000,7.9,0,0.23,N,3,2024-04-15
24,135000,MORTGAGE,4.0,HOMEIMPROVEMENT,B,10000,11.013786929274843,0,0.07,N,3,2024-04-17
23,135000,OWN,7.0,VENTURE,A,16000,6.91,0,0.12,N,3,2024-11-24
24,135000,MORTGAGE,8.0,MEDICAL,A,17000,6.17,0,0.13,N,4,2024-05-06
22,68000,RENT,7.0,MEDICAL,B,15000,10.37,0,0.22,N,3,2024-02-27
26,104550,MORTGAGE,5.0,MEDICAL,D,24000,15.21,1,0.2,Y,4,2024-04-07
24,135000,MORTGAGE,3.0,VENTURE,B,21000,10.38,0,0.16,N,4,2024-11-04
26,104550,MORTGAGE,6.0,MEDICAL,D,15000,15.33,1,0.12,N,3,2024-07-04
23,69000,RENT,3.0,EDUCATION,B,15000,10.65,0,0.22,N,4,2024-02-02
25,135000,MORTGAGE,9.0,PERSONAL,D,25000,16.07,0,0.19,Y,4,2024-11-24
25,135000,MORTGAGE,4.0,DEBTCONSOLIDATION,C,20000,12.73,0,0.15,Y,3,2024-04-20
24,69400,RENT,8.0,VENTURE,D,15000,13.24,0,0.22,N,4,2024-03-02
23,69996,RENT,4.0,PERSONAL,C,15000,13.43,0,0.21,Y,4,2024-04-03
24,123000,MORTGAGE,8.0,DEBTCONSOLIDATION,C,24250,12.87,1,0.2,Y,4,2024-04-27
23,135000,MORTGAGE,8.0,EDUCATION,F,10000,18.43,0,0.07,N,4,2024-11-13
23,69996,RENT,7.0,EDUCATION,B,15000,11.89,0,0.21,N,4,2024-08-27
25,70000,RENT,9.0,HOMEIMPROVEMENT,D,15000,16.02,0,0.21,N,4,2024-04-29
24,135000,MORTGAGE,8.0,EDUCATION,A,12000,9.38,0,0.09,N,2,2024-07-11
23,136000,MORTGAGE,2.0,PERSONAL,D,9800,15.99,0,0.07,Y,3,2024-11-13
25,136000,MORTGAGE,1.0,DEBTCONSOLIDATION,C,8000,12.87,0,0.06,N,3,2024-08-01
26,70000,RENT,6.0,VENTURE,E,15000,16.35,0,0.21,Y,3,2024-01-16
26,105400,MORTGAGE,6.0,MEDICAL,D,24000,14.61,1,0.19,N,3,2024-03-31
23,136000,MORTGAGE,7.0,DEBTCONSOLIDATION,A,8000,8.32,0,0.06,N,3,2024-06-29
26,137000,MORTGAGE,3.0,EDUCATION,A,21500,6.62,0,0.16,N,4,2024-09-14
25,70000,RENT,6.0,PERSONAL,B,15000,11.89,0,0.21,N,2,2024-01-24
22,137000,MORTGAGE,3.0,MEDICAL,B,25000,9.99,0,0.18,N,4,2024-05-03
26,137000,MORTGAGE,3.0,EDUCATION,B,3500,12.18,0,0.03,N,2,2024-12-04
22,137004,MORTGAGE,3.0,VENTURE,A,10000,5.79,0,0.07,N,2,2024-02-01
25,64000,RENT,8.0,DEBTCONSOLIDATION,D,15000,14.42,1,0.23,Y,3,2024-08-05
25,138000,MORTGAGE,9.0,PERSONAL,A,8000,6.99,0,0.06,N,4,2024-05-14
22,70204,RENT,6.0,PERSONAL,D,15000,15.7,0,0.21,Y,3,2024-01-01
24,138000,OWN,8.0,PERSONAL,A,16500,6.54,0,0.12,N,3,2024-02-19
23,138000,MORTGAGE,7.0,PERSONAL,B,2700,11.86,0,0.02,N,2,2024-01-24
25,138000,OWN,9.0,MEDICAL,B,21600,11.013786929274843,0,0.16,N,4,2024-01-20
25,138000,MORTGAGE,3.0,EDUCATION,C,9000,12.22,0,0.07,N,3,2024-12-02
25,126996,MORTGAGE,8.0,DEBTCONSOLIDATION,C,5000,12.73,1,0.04,Y,2,2024-03-26
23,21000,OWN,7.0,VENTURE,B,7500,12.69,0,0.36,N,3,2024-11-29
23,21000,OWN,2.0,EDUCATION,C,6000,15.27,0,0.29,N,2,2024-01-17
24,65000,RENT,8.0,VENTURE,E,15000,16.32,1,0.23,Y,4,2024-05-23
23,140000,OWN,6.0,EDUCATION,C,16400,15.96,0,0.12,Y,3,2024-05-02
24,128000,MORTGAGE,7.0,DEBTCONSOLIDATION,D,18000,17.27,1,0.14,Y,2,2024-09-24
25,140000,MORTGAGE,3.0,MEDICAL,B,8000,11.71,0,0.06,N,2,2024-06-13
23,140000,MORTGAGE,7.0,PERSONAL,B,12000,11.71,0,0.09,N,4,2024-05-27
25,72000,RENT,7.0,DEBTCONSOLIDATION,B,15000,12.42,0,0.21,N,3,2024-09-23
26,72000,RENT,6.0,PERSONAL,A,15000,6.92,0,0.21,N,3,2024-05-19
26,66000,RENT,2.0,PERSONAL,D,15000,16.02,1,0.23,N,2,2024-08-17
25,72000,RENT,7.0,DEBTCONSOLIDATION,C,15000,12.68,0,0.21,N,3,2024-01-14
23,140000,MORTGAGE,4.0,PERSONAL,A,12000,5.42,0,0.09,N,3,2024-07-21
23,140000,MORTGAGE,7.0,PERSONAL,A,12000,8.49,0,0.09,N,3,2024-03-14
22,72000,RENT,6.0,VENTURE,E,15000,17.19,0,0.21,N,2,2024-05-22
24,72000,RENT,4.0,MEDICAL,B,15000,10.99,0,0.21,N,4,2024-12-20
22,140000,MORTGAGE,6.0,EDUCATION,B,10000,10.99,0,0.07,N,3,2024-06-23
24,140000,MORTGAGE,3.0,PERSONAL,A,4475,7.49,0,0.03,N,4,2024-09-07
26,21000,OWN,4.0,EDUCATION,C,8000,13.79,0,0.38,Y,3,2024-01-22
25,140000,MORTGAGE,9.0,DEBTCONSOLIDATION,B,35000,10.59,0,0.25,N,3,2024-09-18
23,56525,RENT,1.0,MEDICAL,B,15000,11.48,1,0.23,N,4,2024-12-21
23,140000,MORTGAGE,7.0,PERSONAL,C,6000,13.49,0,0.04,Y,3,2024-12-10
24,73500,RENT,7.0,MEDICAL,C,15000,13.16,0,0.2,Y,3,2024-02-18
23,73500,RENT,3.0,PERSONAL,B,15000,11.89,0,0.2,N,3,2024-07-12
24,140000,MORTGAGE,5.0,HOMEIMPROVEMENT,B,25000,10.74,0,0.18,N,4,2024-01-18
24,140000,MORTGAGE,7.0,HOMEIMPROVEMENT,A,20000,6.54,0,0.14,N,4,2024-11-14
22,140000,MORTGAGE,6.0,VENTURE,A,20000,6.91,0,0.14,N,3,2024-11-02
24,140000,MORTGAGE,8.0,HOMEIMPROVEMENT,B,25000,10.36,0,0.18,N,2,2024-09-04
25,140000,MORTGAGE,10.0,MEDICAL,B,22000,8.88,0,0.16,N,3,2024-07-07
23,74424,RENT,4.0,EDUCATION,C,15000,13.47,0,0.2,Y,3,2024-03-10
24,140000,MORTGAGE,8.0,MEDICAL,B,16000,10.38,0,0.11,N,2,2024-04-08
23,140000,MORTGAGE,3.0,PERSONAL,D,15000,15.58,0,0.11,Y,3,2024-12-13
24,75000,RENT,6.0,PERSONAL,B,15000,11.71,0,0.2,N,4,2024-01-11
23,75000,RENT,4.0,MEDICAL,B,15000,11.013786929274843,0,0.2,N,3,2024-07-03
25,140000,MORTGAGE,2.0,EDUCATION,A,4800,7.88,0,0.03,N,4,2024-02-23
26,140000,MORTGAGE,5.0,HOMEIMPROVEMENT,D,13050,14.59,0,0.09,Y,3,2024-10-24
26,140000,MORTGAGE,10.0,VENTURE,B,24250,12.53,0,0.17,N,3,2024-07-22
23,58650,RENT,7.0,MEDICAL,C,15000,13.43,1,0.22,Y,4,2024-08-02
25,128000,MORTGAGE,4.0,HOMEIMPROVEMENT,B,10000,11.58,1,0.08,N,2,2024-05-25
22,108803,MORTGAGE,6.0,MEDICAL,C,10000,12.23,1,0.08,N,4,2024-09-21
24,140004,MORTGAGE,4.0,EDUCATION,E,4000,16.45,0,0.03,N,3,2024-09-02
23,75000,RENT,6.0,EDUCATION,A,15000,6.54,0,0.2,N,3,2024-09-16
25,140004,OTHER,8.0,MEDICAL,C,4500,12.87,0,0.03,N,4,2024-05-28
24,140300,MORTGAGE,6.0,DEBTCONSOLIDATION,B,6000,11.14,0,0.04,N,3,2024-09-28
24,141000,OWN,8.0,PERSONAL,A,10000,7.49,0,0.07,N,2,2024-04-10
23,141000,MORTGAGE,1.0,EDUCATION,B,15000,11.013786929274843,0,0.11,N,4,2024-11-19
24,141000,MORTGAGE,2.0,EDUCATION,B,12000,12.53,0,0.09,N,4,2024-11-24
24,143123,MORTGAGE,2.0,PERSONAL,D,4000,12.61,0,0.03,N,4,2024-06-22
26,143375,MORTGAGE,10.0,MEDICAL,A,12000,7.66,0,0.08,N,3,2024-04-05
24,132000,MORTGAGE,8.0,DEBTCONSOLIDATION,D,1500,17.27,1,0.01,N,2,2024-11-30
23,144000,MORTGAGE,7.0,PERSONAL,A,10000,5.99,0,0.07,N,2,2024-01-15
26,144000,MORTGAGE,2.0,EDUCATION,A,12000,7.49,0,0.08,N,3,2024-05-17
23,144000,OWN,1.0,VENTURE,A,6800,7.49,0,0.05,N,2,2024-01-19
24,144000,MORTGAGE,4.0,HOMEIMPROVEMENT,A,14700,7.66,0,0.1,N,3,2024-10-30
26,75531,RENT,3.0,PERSONAL,D,15000,16.49,0,0.2,N,4,2024-08-09
24,144000,MORTGAGE,8.0,PERSONAL,B,14400,10.25,0,0.1,N,3,2024-05-31
23,76000,RENT,3.0,VENTURE,B,15000,10.74,0,0.2,N,4,2024-07-25
26,76000,RENT,6.0,DEBTCONSOLIDATION,C,15000,13.11,0,0.2,N,4,2024-01-17
25,144996,MORTGAGE,2.0,EDUCATION,E,25000,16.35,0,0.17,Y,2,2024-11-29
23,145000,MORTGAGE,5.0,DEBTCONSOLIDATION,B,10000,11.71,0,0.07,N,3,2024-02-03
23,77000,RENT,7.0,PERSONAL,B,15000,12.42,0,0.19,N,2,2024-07-20
24,20000,OWN,2.0,HOMEIMPROVEMENT,A,3000,8.94,0,0.15,N,2,2024-11-26
26,145000,MORTGAGE,9.0,DEBTCONSOLIDATION,B,14000,10.59,0,0.1,N,2,2024-11-30
24,145000,MORTGAGE,3.0,MEDICAL,B,12000,10.99,0,0.08,N,2,2024-04-24
25,145000,MORTGAGE,9.0,HOMEIMPROVEMENT,A,8000,8.49,0,0.06,N,3,2024-08-08
26,77368,RENT,1.0,VENTURE,B,15000,10.0,0,0.19,N,3,2024-08-28
23,73000,RENT,7.0,EDUCATION,A,15000,7.51,1,0.21,N,2,2024-02-10
22,20000,OWN,7.0,PERSONAL,B,3200,12.21,0,0.16,N,4,2024-08-18
23,145000,MORTGAGE,3.0,MEDICAL,B,12000,10.37,0,0.08,N,2,2024-12-13
22,145000,MORTGAGE,6.0,PERSONAL,A,12000,6.92,0,0.08,N,4,2024-03-15
23,80000,RENT,5.0,VENTURE,B,15000,12.69,0,0.19,N,4,2024-10-12
25,145000,MORTGAGE,7.0,MEDICAL,A,12000,5.79,0,0.08,N,2,2024-03-01
25,145000,MORTGAGE,3.0,EDUCATION,B,25000,11.36,0,0.17,N,4,2024-04-07
24,145000,MORTGAGE,4.0,DEBTCONSOLIDATION,B,20000,11.36,0,0.14,N,3,2024-09-25
23,145000,OWN,7.0,EDUCATION,B,20800,11.83,0,0.14,N,4,2024-05-02
24,145000,OWN,2.0,PERSONAL,B,11500,11.14,0,0.08,N,4,2024-04-23
26,113050,MORTGAGE,4.0,MEDICAL,B,9000,12.53,1,0.07,N,4,2024-07-03
26,80000,RENT,11.0,VENTURE,A,15000,8.49,0,0.19,N,2,2024-02-09
25,133000,MORTGAGE,8.0,DEBTCONSOLIDATION,F,3000,17.9,1,0.02,Y,2,2024-06-04
25,145000,MORTGAGE,3.0,PERSONAL,B,7500,10.08,0,0.05,N,2,2024-03-02
24,145008,MORTGAGE,8.0,EDUCATION,A,5000,9.63,0,0.03,N,4,2024-12-26
25,133900,MORTGAGE,9.0,VENTURE,D,7500,13.49,1,0.06,Y,2,2024-09-22
24,134000,MORTGAGE,2.0,DEBTCONSOLIDATION,D,25000,14.83,1,0.19,N,4,2024-04-20
23,147000,MORTGAGE,2.0,MEDICAL,B,24000,10.99,0,0.16,N,3,2024-09-15
26,147000,MORTGAGE,3.0,HOMEIMPROVEMENT,A,4100,6.92,0,0.03,N,3,2024-06-18
23,147000,MORTGAGE,4.0,DEBTCONSOLIDATION,B,25000,10.25,0,0.17,N,3,2024-10-21
23,74000,RENT,1.0,VENTURE,D,15000,15.65,1,0.2,N,2,2024-06-09
26,147996,MORTGAGE,10.0,DEBTCONSOLIDATION,A,7500,8.0,0,0.05,N,3,2024-06-15
26,80004,RENT,8.0,EDUCATION,B,15000,11.89,0,0.19,N,4,2024-07-24
22,148000,MORTGAGE,6.0,DEBTCONSOLIDATION,A,15000,7.66,0,0.1,N,4,2024-05-28
24,136000,MORTGAGE,9.0,PERSONAL,F,25000,19.13,1,0.18,N,3,2024-06-24
23,81960,RENT,7.0,DEBTCONSOLIDATION,B,15000,10.62,0,0.18,N,3,2024-06-19
25,136112,MORTGAGE,9.0,HOMEIMPROVEMENT,E,15600,19.42,1,0.11,N,2,2024-01-21
23,149385,OWN,7.0,VENTURE,A,7000,8.94,0,0.05,N,4,2024-04-16
26,149400,MORTGAGE,1.0,MEDICAL,A,7000,6.62,0,0.05,N,3,2024-09-20
23,149981,MORTGAGE,7.0,MEDICAL,C,25000,12.98,0,0.17,N,3,2024-06-30
25,150000,MORTGAGE,9.0,MEDICAL,C,20000,14.65,0,0.13,Y,4,2024-06-05
25,78000,RENT,4.0,DEBTCONSOLIDATION,D,15000,11.013786929274843,1,0.19,Y,4,2024-10-08
25,150000,MORTGAGE,9.0,PERSONAL,A,7500,8.9,0,0.05,N,3,2024-01-31
26,84000,RENT,4.0,DEBTCONSOLIDATION,B,15000,10.14,0,0.18,N,4,2024-01-30
25,150000,MORTGAGE,3.0,MEDICAL,A,12000,11.013786929274843,0,0.08,N,2,2024-06-22
24,150000,MORTGAGE,8.0,EDUCATION,A,8000,8.9,0,0.05,N,4,2024-04-18
26,150000,MORTGAGE,8.0,MEDICAL,C,35000,15.96,0,0.23,N,3,2024-08-27
25,85000,RENT,2.0,VENTURE,A,15000,7.9,0,0.18,N,4,2024-12-28
25,150000,MORTGAGE,9.0,DEBTCONSOLIDATION,A,10000,5.42,0,0.07,N,4,2024-07-30
24,150000,MORTGAGE,8.0,PERSONAL,C,25000,12.99,0,0.17,Y,4,2024-05-20
23,85000,RENT,7.0,PERSONAL,B,15000,10.99,0,0.18,N,3,2024-05-30
26,19200,OWN,7.0,PERSONAL,A,4500,7.88,1,0.23,N,3,2024-07-14
23,150000,MORTGAGE,7.0,MEDICAL,B,30000,9.99,0,0.2,N,3,2024-06-25
25,150000,MORTGAGE,8.0,DEBTCONSOLIDATION,C,5000,12.99,0,0.03,Y,4,2024-08-09
23,85000,RENT,7.0,EDUCATION,D,15000,14.59,0,0.18,N,4,2024-06-30
26,150000,MORTGAGE,6.0,EDUCATION,D,6400,15.62,0,0.04,Y,2,2024-10-25
24,85100,RENT,3.0,EDUCATION,C,15000,11.013786929274843,0,0.18,Y,2,2024-11-08
24,150000,MORTGAGE,9.0,MEDICAL,A,24000,7.49,0,0.16,N,3,2024-06-26
25,86004,RENT,1.0,PERSONAL,C,15000,12.53,0,0.17,Y,4,2024-08-04
25,150000,MORTGAGE,9.0,DEBTCONSOLIDATION,A,12000,11.013786929274843,0,0.08,N,4,2024-01-31
25,150000,MORTGAGE,9.0,EDUCATION,A,8200,5.79,0,0.05,N,3,2024-04-18
26,87000,RENT,6.0,MEDICAL,A,15000,5.99,0,0.17,N,2,2024-11-29
23,150000,MORTGAGE,7.0,DEBTCONSOLIDATION,A,9600,6.92,0,0.06,N,2,2024-08-25
22,87000,RENT,6.0,PERSONAL,B,15000,10.62,0,0.17,N,2,2024-05-04
26,150000,MORTGAGE,1.0,PERSONAL,B,6000,10.74,0,0.04,N,2,2024-11-01
22,150000,MORTGAGE,3.0,VENTURE,B,25000,11.11,0,0.17,N,3,2024-03-27
25,150000,MORTGAGE,9.0,MEDICAL,B,25000,10.37,0,0.17,N,2,2024-02-25
25,150000,MORTGAGE,4.0,EDUCATION,A,6000,7.66,0,0.04,N,3,2024-03-19
25,150000,MORTGAGE,9.0,PERSONAL,B,20000,8.88,0,0.13,N,4,2024-11-11
22,87800,RENT,3.0,MEDICAL,B,15000,11.36,0,0.17,N,4,2024-05-09
25,150000,MORTGAGE,3.0,HOMEIMPROVEMENT,A,15000,6.54,0,0.1,N,2,2024-03-09
23,150000,MORTGAGE,7.0,MEDICAL,A,8000,6.91,0,0.05,N,2,2024-09-21
26,150000,MORTGAGE,3.0,DEBTCONSOLIDATION,B,25000,9.99,0,0.17,N,4,2024-07-21
25,150000,MORTGAGE,5.0,DEBTCONSOLIDATION,A,10000,6.54,0,0.07,N,4,2024-06-01
26,150000,MORTGAGE,10.0,DEBTCONSOLIDATION,B,14000,10.36,0,0.09,N,3,2024-05-17
22,150000,MORTGAGE,6.0,PERSONAL,D,18000,15.2,0,0.12,N,4,2024-05-16
26,78000,RENT,1.0,DEBTCONSOLIDATION,B,15000,12.42,1,0.19,N,3,2024-07-27
24,90000,RENT,6.0,HOMEIMPROVEMENT,D,15000,17.27,0,0.17,Y,4,2024-06-21
24,150000,MORTGAGE,2.0,PERSONAL,B,24250,10.38,0,0.16,N,3,2024-02-13
24,90000,RENT,8.0,HOMEIMPROVEMENT,D,15000,17.58,0,0.17,N,3,2024-07-24
24,150000,MORTGAGE,3.0,MEDICAL,C,15000,11.013786929274843,0,0.1,N,2,2024-07-23
22,90000,RENT,5.0,MEDICAL,B,15000,11.49,0,0.17,N,4,2024-07-22
25,150000,MORTGAGE,7.0,HOMEIMPROVEMENT,B,22000,10.38,0,0.15,N,4,2024-12-21
24,150000,MORTGAGE,8.0,VENTURE,B,24000,10.99,0,0.16,N,3,2024-07-04
26,90000,RENT,8.0,PERSONAL,D,15000,11.013786929274843,0,0.17,Y,3,2024-11-05
23,150000,MORTGAGE,5.0,VENTURE,A,10000,7.14,0,0.07,N,4,2024-07-28
25,150000,MORTGAGE,9.0,DEBTCONSOLIDATION,B,25000,10.25,0,0.17,N,2,2024-02-07
24,150000,MORTGAGE,8.0,EDUCATION,B,25000,11.013786929274843,0,0.17,N,2,2024-01-17
24,90000,RENT,3.0,HOMEIMPROVEMENT,B,15000,11.86,0,0.17,N,2,2024-07-15
26,150000,OWN,10.0,VENTURE,B,24000,11.83,0,0.16,N,4,2024-06-29
26,150000,OWN,10.0,VENTURE,A,21000,11.013786929274843,0,0.14,N,4,2024-03-24
26,150000,OWN,6.0,EDUCATION,D,7000,14.96,0,0.05,Y,4,2024-11-30
22,150000,MORTGAGE,6.0,MEDICAL,C,9500,12.87,0,0.06,Y,4,2024-03-18
24,90000,RENT,9.0,VENTURE,D,15000,14.42,0,0.17,Y,3,2024-01-20
24,150000,MORTGAGE,8.0,VENTURE,C,15000,13.16,0,0.1,Y,3,2024-05-09
25,79000,RENT,5.0,EDUCATION,B,15000,12.18,1,0.19,N,3,2024-09-08
26,150000,MORTGAGE,10.0,PERSONAL,B,15000,12.21,0,0.1,N,2,2024-02-16
25,150000,MORTGAGE,6.0,DEBTCONSOLIDATION,C,5000,13.16,0,0.03,Y,4,2024-10-24
25,150000,MORTGAGE,9.0,MEDICAL,B,12500,11.58,0,0.08,N,4,2024-03-13
24,150000,MORTGAGE,5.0,DEBTCONSOLIDATION,B,20000,10.51,0,0.13,N,4,2024-06-25
24,68000,RENT,5.0,MEDICAL,D,15000,15.58,1,0.19,Y,4,2024-02-20
26,138000,MORTGAGE,4.0,EDUCATION,F,18000,16.4,1,0.13,N,3,2024-03-10
23,150000,MORTGAGE,8.0,DEBTCONSOLIDATION,B,24000,9.76,0,0.16,N,4,2024-09-24
25,150000,MORTGAGE,9.0,MEDICAL,B,12125,8.7,0,0.08,N,4,2024-02-06
23,150600,MORTGAGE,3.0,EDUCATION,A,2400,7.49,0,0.02,N,2,2024-06-23
24,151000,MORTGAGE,8.0,HOMEIMPROVEMENT,C,35000,14.27,0,0.23,Y,2,2024-06-03
24,31000,RENT,6.0,PERSONAL,C,15075,15.27,1,0.49,Y,2,2024-02-12
24,82308,RENT,4.0,HOMEIMPROVEMENT,B,15125,10.36,0,0.18,N,4,2024-07-27
26,152000,MORTGAGE,3.0,MEDICAL,A,17500,8.49,0,0.12,N,2,2024-07-09
26,152004,MORTGAGE,8.0,EDUCATION,A,5800,7.88,0,0.04,N,3,2024-02-18
26,152229,OWN,3.0,PERSONAL,B,15000,11.36,0,0.1,N,2,2024-06-13
25,153000,MORTGAGE,9.0,EDUCATION,B,7500,11.71,0,0.05,N,3,2024-03-06
25,153000,MORTGAGE,9.0,EDUCATION,C,14500,13.85,0,0.09,N,3,2024-03-12
25,153600,MORTGAGE,1.0,DEBTCONSOLIDATION,A,18000,6.99,0,0.12,N,2,2024-09-10
25,154000,MORTGAGE,4.0,MEDICAL,A,12225,7.49,0,0.08,N,3,2024-08-15
24,154000,MORTGAGE,8.0,DEBTCONSOLIDATION,A,6000,5.79,0,0.04,N,4,2024-01-26
25,154000,MORTGAGE,1.0,EDUCATION,B,21600,10.37,0,0.14,N,3,2024-12-01
25,154000,MORTGAGE,2.0,HOMEIMPROVEMENT,C,9200,12.61,0,0.06,Y,4,2024-03-06
25,154000,MORTGAGE,9.0,DEBTCONSOLIDATION,B,12000,10.99,0,0.08,N,3,2024-08-22
26,154000,MORTGAGE,5.0,MEDICAL,B,12400,11.83,0,0.08,N,4,2024-04-26
25,154008,MORTGAGE,1.0,DEBTCONSOLIDATION,B,9600,10.95,0,0.06,N,4,2024-02-09
26,155000,MORTGAGE,4.0,MEDICAL,A,18000,6.99,0,0.12,N,4,2024-10-29
24,155000,MORTGAGE,5.0,PERSONAL,A,12000,7.49,0,0.08,N,4,2024-04-06
25,155000,MORTGAGE,8.0,PERSONAL,C,10000,13.06,0,0.06,Y,3,2024-03-24
25,39000,RENT,9.0,VENTURE,D,15200,16.0,1,0.39,N,3,2024-12-13
26,155000,MORTGAGE,10.0,EDUCATION,B,25000,10.75,0,0.16,N,3,2024-08-28
25,155000,MORTGAGE,9.0,MEDICAL,A,18000,7.51,0,0.12,N,2,2024-12-09
24,48000,RENT,4.0,DEBTCONSOLIDATION,B,15200,11.48,1,0.32,N,3,2024-12-11
23,143000,MORTGAGE,7.0,DEBTCONSOLIDATION,D,24250,14.59,1,0.17,Y,2,2024-03-04
22,28080,RENT,5.0,VENTURE,E,15250,16.7,1,0.54,N,4,2024-05-07
22,155000,MORTGAGE,7.0,DEBTCONSOLIDATION,B,4000,11.14,0,0.03,N,3,2024-01-10
25,155000,MORTGAGE,3.0,PERSONAL,D,22000,16.0,0,0.14,Y,4,2024-10-14
25,155004,MORTGAGE,9.0,HOMEIMPROVEMENT,A,10500,7.49,0,0.07,N,2,2024-03-10
26,155142,MORTGAGE,6.0,PERSONAL,D,23000,18.25,0,0.15,N,2,2024-04-17
25,155796,MORTGAGE,4.0,PERSONAL,C,25000,13.48,0,0.16,N,2,2024-12-11
26,156000,MORTGAGE,6.0,VENTURE,C,9600,14.27,0,0.06,Y,2,2024-02-14
26,156000,MORTGAGE,2.0,HOMEIMPROVEMENT,B,35000,10.65,0,0.22,N,4,2024-03-03
24,38272,RENT,1.0,VENTURE,C,15250,14.17,1,0.4,Y,2,2024-05-12
26,156000,MORTGAGE,5.0,PERSONAL,B,7000,9.91,0,0.04,N,4,2024-02-11
26,34000,RENT,3.0,VENTURE,C,15250,13.22,1,0.45,Y,2,2024-03-05
24,36000,RENT,6.0,MEDICAL,E,15250,15.95,1,0.42,Y,2,2024-03-08
24,156000,MORTGAGE,8.0,EDUCATION,B,15000,10.25,0,0.1,N,3,2024-07-03
26,17500,OWN,10.0,PERSONAL,A,5500,11.013786929274843,1,0.31,N,2,2024-02-29
24,59000,RENT,7.0,HOMEIMPROVEMENT,D,15250,14.96,0,0.26,N,4,2024-08-13
24,156000,MORTGAGE,6.0,MEDICAL,C,15000,13.57,0,0.1,Y,4,2024-08-11
25,156000,MORTGAGE,9.0,DEBTCONSOLIDATION,C,10000,13.22,0,0.06,Y,2,2024-02-08
22,54288,RENT,3.0,VENTURE,B,15350,12.18,0,0.28,N,3,2024-12-13
24,120000,RENT,9.0,MEDICAL,C,15400,14.26,0,0.13,N,2,2024-07-01
25,144996,MORTGAGE,9.0,DEBTCONSOLIDATION,D,17600,14.84,1,0.12,N,3,2024-09-21
25,157000,MORTGAGE,8.0,PERSONAL,A,28000,7.49,0,0.18,N,4,2024-07-20
26,145000,MORTGAGE,9.0,HOMEIMPROVEMENT,B,20000,10.25,1,0.14,N,2,2024-09-12
26,157200,MORTGAGE,1.0,DEBTCONSOLIDATION,B,20000,12.18,0,0.13,N,3,2024-09-26
24,36000,RENT,8.0,VENTURE,E,15450,13.43,1,0.43,N,2,2024-04-14
26,157500,MORTGAGE,4.0,PERSONAL,B,25000,11.86,0,0.16,N,3,2024-08-04
25,158000,MORTGAGE,10.0,VENTURE,C,20000,14.26,0,0.13,Y,2,2024-05-19
26,91800,RENT,7.0,MEDICAL,C,15450,10.91,1,0.14,Y,3,2024-05-23
26,159960,MORTGAGE,11.0,HOMEIMPROVEMENT,A,18325,7.49,0,0.11,N,3,2024-10-04
23,159996,MORTGAGE,2.0,DEBTCONSOLIDATION,A,12000,5.42,0,0.08,N,4,2024-01-15
22,71760,RENT,6.0,EDUCATION,A,15500,7.88,0,0.22,N,2,2024-02-02
22,160000,OWN,6.0,VENTURE,A,7000,8.9,0,0.04,N,3,2024-12-18
23,54000,RENT,7.0,DEBTCONSOLIDATION,B,15550,11.71,0,0.29,N,4,2024-02-16
24,41000,RENT,4.0,MEDICAL,C,15600,12.87,1,0.38,Y,3,2024-10-04
22,50000,RENT,7.0,DEBTCONSOLIDATION,B,15600,12.21,1,0.31,N,4,2024-06-09
26,148000,MORTGAGE,3.0,DEBTCONSOLIDATION,E,7500,18.39,1,0.05,Y,3,2024-11-20
24,160000,MORTGAGE,8.0,HOMEIMPROVEMENT,E,20000,19.69,0,0.13,Y,2,2024-08-27
23,160000,MORTGAGE,7.0,DEBTCONSOLIDATION,A,15000,7.91,0,0.09,N,4,2024-12-20
23,160000,MORTGAGE,1.0,VENTURE,C,35000,15.23,0,0.22,Y,2,2024-06-19
25,62000,RENT,7.0,DEBTCONSOLIDATION,A,15600,7.49,0,0.25,N,4,2024-04-26
24,160000,MORTGAGE,6.0,VENTURE,B,17000,9.25,0,0.11,N,3,2024-03-18
25,110000,RENT,5.0,HOMEIMPROVEMENT,D,15600,15.33,0,0.14,Y,4,2024-07-13
24,148000,MORTGAGE,8.0,DEBTCONSOLIDATION,D,25000,15.31,1,0.17,Y,2,2024-10-31
25,46000,RENT,4.0,EDUCATION,B,15625,9.91,1,0.34,N,4,2024-03-08
24,44400,RENT,4.0,EDUCATION,F,15650,21.74,1,0.35,N,4,2024-09-30
24,63000,RENT,1.0,HOMEIMPROVEMENT,A,15675,6.54,0,0.25,N,2,2024-04-26
23,68000,RENT,3.0,MEDICAL,B,15700,11.49,0,0.23,N,2,2024-03-19
24,162000,MORTGAGE,8.0,DEBTCONSOLIDATION,C,16000,15.96,0,0.1,Y,2,2024-03-28
26,150500,MORTGAGE,10.0,DEBTCONSOLIDATION,D,10000,15.99,1,0.07,N,3,2024-05-18
23,163000,OWN,5.0,EDUCATION,B,10000,11.36,0,0.06,N,2,2024-08-27
26,151900,MORTGAGE,10.0,HOMEIMPROVEMENT,B,20000,11.26,1,0.13,N,3,2024-03-10
24,50000,RENT,8.0,MEDICAL,E,15850,16.35,1,0.32,Y,3,2024-08-16
23,84000,RENT,3.0,MEDICAL,A,15850,8.49,0,0.19,N,4,2024-09-08
23,165000,MORTGAGE,3.0,DEBTCONSOLIDATION,A,5000,5.42,0,0.03,N,3,2024-11-06
22,104000,RENT,3.0,MEDICAL,C,15900,13.49,0,0.15,N,2,2024-10-28
24,76000,RENT,6.0,HOMEIMPROVEMENT,B,16000,10.99,0,0.21,N,3,2024-06-18
26,165000,MORTGAGE,10.0,EDUCATION,C,20000,13.22,0,0.12,Y,4,2024-03-03
24,15996,OWN,8.0,EDUCATION,A,4000,8.0,1,0.25,N,2,2024-02-16
23,77000,RENT,2.0,DEBTCONSOLIDATION,B,16000,11.14,0,0.21,N,3,2024-12-31
22,165500,MORTGAGE,6.0,EDUCATION,C,12000,12.99,0,0.07,Y,3,2024-07-11
24,79500,RENT,8.0,HOMEIMPROVEMENT,B,16000,11.14,0,0.2,N,4,2024-04-14
23,165996,MORTGAGE,8.0,VENTURE,A,10000,11.013786929274843,0,0.06,N,4,2024-12-31
22,166000,MORTGAGE,1.0,EDUCATION,B,23450,11.36,0,0.14,N,3,2024-01-11
23,80000,RENT,6.0,EDUCATION,A,16000,11.013786929274843,0,0.2,N,2,2024-09-06
23,167300,MORTGAGE,1.0,EDUCATION,B,20000,12.21,0,0.12,N,2,2024-06-12
23,168000,MORTGAGE,6.0,PERSONAL,B,15750,10.75,0,0.09,N,2,2024-01-06
23,80000,RENT,2.0,MEDICAL,C,16000,13.85,0,0.2,N,3,2024-04-01
24,170000,MORTGAGE,8.0,EDUCATION,B,5000,11.71,0,0.03,N,3,2024-04-13
23,62900,RENT,1.0,MEDICAL,E,16000,16.35,1,0.22,N,4,2024-02-07
25,80500,RENT,3.0,PERSONAL,E,16000,16.45,0,0.2,Y,4,2024-09-06
26,81000,RENT,7.0,HOMEIMPROVEMENT,C,16000,13.85,0,0.2,Y,2,2024-06-20
25,83000,RENT,2.0,DEBTCONSOLIDATION,B,16000,10.99,0,0.19,N,2,2024-04-01
23,85000,RENT,2.0,PERSONAL,C,16000,14.27,0,0.19,N,2,2024-11-18
25,170000,MORTGAGE,9.0,MEDICAL,B,25000,10.75,0,0.15,N,2,2024-10-23
23,85000,RENT,4.0,VENTURE,A,16000,6.03,0,0.19,N,3,2024-08-06
24,85000,RENT,1.0,VENTURE,B,16000,11.99,0,0.19,N,3,2024-05-13
24,134300,MORTGAGE,2.0,MEDICAL,E,12000,16.45,1,0.08,N,2,2024-03-18
26,172000,MORTGAGE,7.0,VENTURE,A,12000,11.013786929274843,0,0.07,N,2,2024-09-29
24,172000,MORTGAGE,5.0,EDUCATION,B,15000,10.37,0,0.09,N,4,2024-06-09
25,172000,MORTGAGE,9.0,EDUCATION,B,12000,11.86,0,0.07,N,4,2024-03-24
25,86000,RENT,9.0,EDUCATION,D,16000,16.29,0,0.19,Y,2,2024-05-12
26,175000,MORTGAGE,7.0,DEBTCONSOLIDATION,B,30000,11.013786929274843,0,0.17,N,2,2024-10-24
23,89100,RENT,7.0,PERSONAL,C,16000,13.92,0,0.18,Y,4,2024-10-26
25,175000,MORTGAGE,9.0,PERSONAL,B,7550,11.49,0,0.04,N,4,2024-01-25
23,175000,MORTGAGE,5.0,EDUCATION,D,35000,11.013786929274843,0,0.2,N,3,2024-04-29
24,175000,MORTGAGE,9.0,EDUCATION,A,10000,5.42,0,0.06,N,3,2024-09-15
25,15000,OWN,9.0,VENTURE,A,2000,6.91,0,0.13,N,3,2024-07-10
24,90000,RENT,7.0,EDUCATION,B,16000,12.18,0,0.18,N,2,2024-04-06
26,175000,MORTGAGE,2.0,DEBTCONSOLIDATION,A,3000,8.94,0,0.02,N,3,2024-08-24
24,175000,OWN,3.0,VENTURE,B,8000,11.14,0,0.05,N,4,2024-03-16
23,91000,RENT,2.0,EDUCATION,C,16000,14.22,0,0.18,Y,3,2024-01-07
24,79200,RENT,3.0,EDUCATION,D,16000,12.67,1,0.2,Y,2,2024-03-04
26,93000,RENT,10.0,DEBTCONSOLIDATION,B,16000,11.11,0,0.17,N,4,2024-06-07
24,94000,RENT,8.0,HOMEIMPROVEMENT,B,16000,11.89,0,0.17,N,3,2024-09-06
24,175500,MORTGAGE,4.0,EDUCATION,B,15000,12.18,0,0.09,N,3,2024-04-06
24,176004,MORTGAGE,2.0,DEBTCONSOLIDATION,B,3200,10.0,0,0.02,N,4,2024-03-28
25,177160,MORTGAGE,2.0,VENTURE,B,24000,11.11,0,0.14,N,4,2024-12-29
25,178364,MORTGAGE,9.0,PERSONAL,E,8000,15.68,0,0.04,Y,2,2024-12-26
22,179000,MORTGAGE,2.0,VENTURE,B,25000,10.99,0,0.14,N,4,2024-06-24
22,83000,RENT,2.0,PERSONAL,D,16000,11.013786929274843,1,0.19,N,3,2024-05-22
25,180000,MORTGAGE,9.0,HOMEIMPROVEMENT,B,6000,12.42,0,0.03,N,4,2024-10-31
26,71400,RENT,10.0,MEDICAL,D,16000,11.013786929274843,1,0.19,Y,4,2024-05-05
24,96000,RENT,2.0,MEDICAL,B,16000,11.99,0,0.17,N,3,2024-10-30
25,180000,MORTGAGE,9.0,HOMEIMPROVEMENT,B,14400,11.013786929274843,0,0.08,N,2,2024-02-09
26,97188,RENT,7.0,VENTURE,D,16000,12.8,0,0.16,N,3,2024-08-04
24,142800,MORTGAGE,8.0,MEDICAL,D,25000,14.84,1,0.15,Y,2,2024-11-17
26,180000,MORTGAGE,9.0,VENTURE,C,9700,13.85,0,0.05,N,4,2024-12-13
23,180000,MORTGAGE,2.0,VENTURE,B,5000,9.33,0,0.03,N,4,2024-01-14
25,180488,MORTGAGE,9.0,HOMEIMPROVEMENT,C,24000,12.87,0,0.13,N,2,2024-07-23
23,168952,MORTGAGE,5.0,HOMEIMPROVEMENT,A,12500,8.94,1,0.07,N,2,2024-04-11
25,181408,MORTGAGE,2.0,MEDICAL,B,14500,8.88,0,0.08,N,2,2024-09-11
26,182000,MORTGAGE,10.0,MEDICAL,B,24000,11.013786929274843,0,0.13,N,4,2024-07-04
24,100000,RENT,5.0,HOMEIMPROVEMENT,B,16000,11.12,0,0.16,N,3,2024-11-22
24,185000,MORTGAGE,8.0,PERSONAL,A,10000,6.92,0,0.05,N,3,2024-01-29
25,185000,MORTGAGE,3.0,EDUCATION,A,12000,5.79,0,0.06,N,3,2024-03-10
26,185000,MORTGAGE,10.0,HOMEIMPROVEMENT,B,6000,11.12,0,0.03,N,4,2024-04-15
24,185000,MORTGAGE,6.0,MEDICAL,A,3000,7.88,0,0.02,N,2,2024-01-29
24,189000,MORTGAGE,4.0,EDUCATION,A,5000,9.32,0,0.03,N,2,2024-07-26
25,190000,MORTGAGE,6.0,HOMEIMPROVEMENT,A,24000,7.49,0,0.13,N,3,2024-06-02
24,190000,OWN,4.0,PERSONAL,C,24000,15.62,0,0.13,Y,3,2024-11-20
24,190000,MORTGAGE,6.0,PERSONAL,A,5000,5.42,0,0.03,N,2,2024-09-20
26,190000,OWN,10.0,PERSONAL,B,25000,9.25,0,0.13,N,2,2024-02-15
24,193000,MORTGAGE,8.0,PERSONAL,C,10000,13.06,0,0.05,Y,4,2024-01-03
24,195000,MORTGAGE,4.0,MEDICAL,A,5000,8.9,0,0.03,N,3,2024-09-12
25,195054,MORTGAGE,9.0,HOMEIMPROVEMENT,B,10000,10.59,0,0.05,N,2,2024-11-20
26,198000,MORTGAGE,8.0,DEBTCONSOLIDATION,A,12000,5.99,0,0.06,N,4,2024-12-23
22,198000,MORTGAGE,6.0,DEBTCONSOLIDATION,C,24250,14.22,0,0.12,N,3,2024-02-28
23,14400,OWN,7.0,DEBTCONSOLIDATION,C,3000,14.72,1,0.21,Y,2,2024-09-08
25,199000,MORTGAGE,4.0,PERSONAL,B,15000,9.99,0,0.08,N,2,2024-02-08
26,200000,MORTGAGE,10.0,HOMEIMPROVEMENT,B,12000,11.71,0,0.06,N,2,2024-12-09
23,200000,MORTGAGE,7.0,VENTURE,B,21000,12.69,0,0.1,N,2,2024-02-27
26,159800,MORTGAGE,6.0,MEDICAL,D,30000,17.58,1,0.16,Y,3,2024-05-16
24,112500,RENT,1.0,PERSONAL,C,16000,12.29,0,0.14,N,3,2024-04-08
24,113000,RENT,3.0,VENTURE,B,16000,11.99,0,0.14,N,2,2024-12-24
25,200000,MORTGAGE,3.0,VENTURE,E,35000,17.14,0,0.17,Y,3,2024-08-07
25,119000,RENT,4.0,EDUCATION,A,16000,11.013786929274843,0,0.13,N,2,2024-05-05
25,188000,MORTGAGE,9.0,HOMEIMPROVEMENT,D,25000,13.24,1,0.13,Y,4,2024-01-12
24,120000,RENT,8.0,VENTURE,B,16000,12.18,0,0.13,N,4,2024-08-31
22,125000,RENT,3.0,DEBTCONSOLIDATION,A,16000,7.9,0,0.13,N,2,2024-03-04
24,135000,RENT,3.0,EDUCATION,E,16000,16.69,0,0.12,N,2,2024-11-16
26,200100,MORTGAGE,10.0,PERSONAL,B,30000,11.71,0,0.15,N,4,2024-05-29
24,135000,RENT,8.0,VENTURE,B,16000,10.62,0,0.12,N,2,2024-02-24
25,201000,MORTGAGE,9.0,DEBTCONSOLIDATION,A,14000,7.66,0,0.07,N,4,2024-11-14
26,204000,MORTGAGE,10.0,MEDICAL,C,15250,14.35,0,0.07,N,3,2024-02-13
24,205000,MORTGAGE,8.0,EDUCATION,C,35000,13.99,0,0.17,N,2,2024-10-04
24,205000,MORTGAGE,2.0,MEDICAL,B,11000,10.99,0,0.05,N,4,2024-03-22
24,205000,MORTGAGE,5.0,DEBTCONSOLIDATION,B,10000,9.63,0,0.05,N,4,2024-11-04
23,139992,RENT,3.0,VENTURE,E,16000,14.18,0,0.11,Y,3,2024-12-12
23,143000,RENT,2.0,MEDICAL,A,16000,6.03,0,0.11,N,2,2024-02-01
25,210000,MORTGAGE,9.0,HOMEIMPROVEMENT,B,8000,9.91,0,0.04,N,4,2024-06-14
25,170850,MORTGAGE,9.0,MEDICAL,F,6500,15.01,1,0.03,N,2,2024-11-12
25,220000,MORTGAGE,5.0,VENTURE,B,25000,10.75,0,0.11,N,2,2024-05-25
26,220836,MORTGAGE,10.0,VENTURE,B,9000,11.26,0,0.04,N,3,2024-02-28
24,35000,RENT,8.0,DEBTCONSOLIDATION,B,19000,11.36,1,0.54,N,2,2024-05-07
25,225000,MORTGAGE,9.0,HOMEIMPROVEMENT,B,21000,11.11,0,0.09,N,3,2024-10-10
26,30000,RENT,5.0,DEBTCONSOLIDATION,A,19075,7.49,1,0.64,N,3,2024-02-14
26,216000,MORTGAGE,6.0,DEBTCONSOLIDATION,C,15000,13.98,1,0.07,Y,3,2024-04-23
22,47000,RENT,6.0,DEBTCONSOLIDATION,C,19200,12.29,1,0.41,Y,4,2024-01-11
23,55000,RENT,3.0,EDUCATION,D,19200,15.21,1,0.35,N,4,2024-07-04
22,75000,RENT,1.0,VENTURE,A,19200,11.013786929274843,0,0.26,N,2,2024-09-20
25,77000,RENT,9.0,VENTURE,B,19200,11.013786929274843,0,0.25,N,3,2024-04-12
25,241875,MORTGAGE,4.0,EDUCATION,A,16000,7.05,0,0.07,N,4,2024-09-09
24,243600,MORTGAGE,6.0,MEDICAL,A,12000,6.03,0,0.05,N,3,2024-10-29
26,201450,MORTGAGE,2.0,MEDICAL,E,8000,16.95,1,0.03,N,4,2024-06-29
26,250000,MORTGAGE,10.0,EDUCATION,A,15000,7.49,0,0.06,N,2,2024-01-21
26,12000,OWN,6.0,EDUCATION,B,2500,9.99,1,0.21,N,3,2024-01-07
26,250000,MORTGAGE,11.0,HOMEIMPROVEMENT,B,9000,9.99,0,0.04,N,2,2024-02-24
25,250000,MORTGAGE,4.0,EDUCATION,A,10575,6.99,0,0.04,N,2,2024-01-12
23,250000,MORTGAGE,7.0,EDUCATION,B,8800,10.0,0,0.04,N,2,2024-10-17
24,238000,MORTGAGE,2.0,DEBTCONSOLIDATION,A,7000,7.66,1,0.03,N,2,2024-06-25
26,238000,MORTGAGE,2.0,EDUCATION,B,25000,9.25,1,0.11,N,4,2024-01-31
25,253000,MORTGAGE,5.0,HOMEIMPROVEMENT,F,25000,17.26,1,0.1,N,4,2024-02-06
24,125000,RENT,9.0,HOMEIMPROVEMENT,B,19200,10.99,0,0.15,N,3,2024-04-16
23,294000,MORTGAGE,6.0,EDUCATION,A,15000,8.9,0,0.05,N,4,2024-01-07
26,244800,MORTGAGE,11.0,MEDICAL,D,12000,16.29,1,0.04,Y,4,2024-01-04
22,126500,RENT,1.0,DEBTCONSOLIDATION,C,19200,13.79,0,0.15,N,4,2024-08-05
24,300000,MORTGAGE,8.0,DEBTCONSOLIDATION,B,35000,9.99,0,0.12,N,3,2024-12-17
23,300000,MORTGAGE,5.0,EDUCATION,D,10000,15.65,0,0.03,Y,2,2024-12-06
25,12000,OWN,9.0,EDUCATION,C,4500,13.16,1,0.38,Y,4,2024-09-03
26,315000,MORTGAGE,10.0,DEBTCONSOLIDATION,C,12000,13.47,0,0.04,N,3,2024-03-02
24,330000,MORTGAGE,5.0,PERSONAL,B,3500,10.36,0,0.01,N,4,2024-01-30
25,365000,MORTGAGE,7.0,VENTURE,B,35000,10.65,0,0.1,N,2,2024-09-25
25,370000,MORTGAGE,5.0,DEBTCONSOLIDATION,C,15000,12.99,0,0.04,Y,2,2024-04-04
24,375000,MORTGAGE,9.0,DEBTCONSOLIDATION,C,20000,11.41,0,0.05,N,3,2024-08-09
23,70000,RENT,3.0,PERSONAL,B,19425,11.11,0,0.28,N,3,2024-10-18
24,425000,MORTGAGE,8.0,EDUCATION,A,10000,7.88,0,0.02,N,2,2024-01-16
24,90000,RENT,1.0,HOMEIMPROVEMENT,B,19500,9.76,0,0.22,N,2,2024-03-15
25,450000,MORTGAGE,9.0,DEBTCONSOLIDATION,B,35000,11.11,0,0.08,N,4,2024-10-24
26,480000,MORTGAGE,2.0,EDUCATION,E,25000,14.38,0,0.05,N,3,2024-01-18
23,45000,RENT,8.0,EDUCATION,B,19600,9.91,1,0.44,N,2,2024-04-05
24,53295,RENT,3.0,MEDICAL,D,19600,16.07,1,0.31,N,3,2024-11-16
22,75000,RENT,2.0,EDUCATION,B,19600,12.42,0,0.26,N,3,2024-01-22
24,45295,RENT,8.0,DEBTCONSOLIDATION,D,19650,15.37,1,0.43,Y,2,2024-07-11
23,30000,RENT,6.0,VENTURE,B,19750,11.14,1,0.66,N,4,2024-04-01
23,38000,RENT,3.0,PERSONAL,A,19750,7.51,1,0.52,N,4,2024-03-28
25,9600,RENT,4.0,MEDICAL,D,2100,15.99,1,0.22,N,2,2024-12-19
24,9600,RENT,5.0,PERSONAL,A,1000,8.49,1,0.1,N,4,2024-05-20
26,9600,RENT,4.0,VENTURE,D,2950,17.49,1,0.31,Y,2,2024-11-04
24,9600,OWN,2.0,VENTURE,A,3200,7.88,1,0.33,N,2,2024-05-20
23,9600,RENT,3.0,DEBTCONSOLIDATION,B,2100,10.62,1,0.22,N,3,2024-05-08
25,47000,RENT,9.0,HOMEIMPROVEMENT,D,19750,15.7,1,0.42,N,4,2024-09-09
23,9000,OWN,4.0,HOMEIMPROVEMENT,C,2000,13.35,1,0.22,N,2,2024-12-17
24,7800,RENT,1.0,EDUCATION,B,1000,11.36,0,0.13,N,4,2024-11-20
24,7000,RENT,2.0,MEDICAL,C,1000,11.013786929274843,0,0.14,N,2,2024-03-08
22,4800,RENT,1.0,PERSONAL,D,1800,14.84,1,0.38,Y,2,2024-09-29
26,56100,MORTGAGE,10.0,MEDICAL,D,16000,11.013786929274843,1,0.24,Y,2,2024-04-16
24,55000,MORTGAGE,8.0,MEDICAL,A,1800,7.49,0,0.03,N,3,2024-09-23
23,141000,MORTGAGE,1.0,VENTURE,B,15000,11.013786929274843,0,0.11,N,3,2024-06-12
25,80208,MORTGAGE,1.0,MEDICAL,A,4000,5.42,0,0.05,N,3,2024-07-13
26,53000,MORTGAGE,3.0,VENTURE,A,2800,6.03,0,0.05,N,3,2024-03-12
23,42000,RENT,5.0,VENTURE,B,6000,9.99,0,0.14,N,4,2024-12-08
24,69996,RENT,3.0,HOMEIMPROVEMENT,B,2500,12.53,0,0.04,N,4,2024-03-14
23,36000,RENT,2.0,DEBTCONSOLIDATION,D,16750,15.28,1,0.47,Y,4,2024-06-06
25,65004,RENT,1.0,PERSONAL,C,4800,13.49,0,0.07,Y,4,2024-03-01
22,72000,OWN,6.0,EDUCATION,B,16000,10.37,0,0.22,N,2,2024-12-12
24,130000,RENT,7.0,MEDICAL,B,24000,11.49,0,0.18,N,3,2024-10-22
22,70000,RENT,4.0,EDUCATION,A,7550,7.51,0,0.11,N,3,2024-12-15
24,70000,OTHER,4.0,PERSONAL,A,9000,9.63,0,0.13,N,4,2024-09-25
25,60000,RENT,3.0,VENTURE,C,3000,13.47,1,0.05,Y,3,2024-06-27
23,50400,RENT,3.0,EDUCATION,B,5000,10.38,0,0.1,N,2,2024-02-04
23,75000,RENT,7.0,VENTURE,C,18000,12.73,0,0.24,N,2,2024-03-25
25,85000,MORTGAGE,9.0,MEDICAL,A,4000,7.88,0,0.05,N,3,2024-04-22
23,98280,MORTGAGE,7.0,PERSONAL,A,9400,6.62,0,0.1,N,3,2024-10-17
23,90000,MORTGAGE,7.0,EDUCATION,B,8000,10.36,0,0.09,N,3,2024-02-16
22,53808,MORTGAGE,5.0,VENTURE,A,6000,8.9,0,0.11,N,2,2024-02-26
23,81600,MORTGAGE,7.0,VENTURE,A,9000,7.49,0,0.11,N,3,2024-09-13
23,30000,RENT,2.0,DEBTCONSOLIDATION,D,10000,15.31,1,0.33,Y,4,2024-01-24
24,52000,MORTGAGE,7.0,MEDICAL,C,5000,14.22,0,0.1,Y,3,2024-05-16
25,45000,RENT,4.0,DEBTCONSOLIDATION,C,15000,11.013786929274843,1,0.33,N,2,2024-08-29
24,48000,MORTGAGE,4.0,MEDICAL,A,4000,5.42,0,0.08,N,4,2024-06-06
22,33000,RENT,6.0,DEBTCONSOLIDATION,C,6000,13.85,0,0.18,N,3,2024-08-06
23,118000,MORTGAGE,4.0,VENTURE,C,12000,13.11,0,0.1,N,2,2024-10-20
26,42000,RENT,2.0,EDUCATION,C,4800,14.27,1,0.11,Y,2,2024-10-07
22,64000,RENT,7.0,VENTURE,D,13000,14.11,0,0.2,N,3,2024-08-15
24,41160,RENT,2.0,DEBTCONSOLIDATION,A,4000,11.013786929274843,0,0.1,N,3,2024-02-21
23,57000,OWN,7.0,EDUCATION,B,4200,10.51,0,0.07,N,4,2024-02-23
22,90000,MORTGAGE,6.0,MEDICAL,B,9500,11.013786929274843,0,0.11,N,3,2024-04-17
25,33000,RENT,1.0,VENTURE,C,7100,14.65,1,0.22,Y,3,2024-04-02
25,216000,MORTGAGE,2.0,HOMEIMPROVEMENT,D,25000,16.07,0,0.12,N,2,2024-01-28
26,37820,MORTGAGE,3.0,DEBTCONSOLIDATION,A,6300,11.013786929274843,0,0.17,N,2,2024-01-08
24,45888,RENT,5.0,EDUCATION,A,9000,5.79,0,0.2,N,4,2024-08-10
22,58000,RENT,5.0,PERSONAL,B,4000,10.0,0,0.07,N,4,2024-10-02
22,190000,RENT,3.0,VENTURE,A,12600,6.92,0,0.07,N,3,2024-03-12
26,75000,MORTGAGE,5.0,EDUCATION,A,12500,5.99,0,0.17,N,4,2024-05-01
22,41600,OWN,4.0,EDUCATION,B,12000,12.42,0,0.29,N,4,2024-02-09
26,51996,RENT,1.0,MEDICAL,C,10000,13.23,0,0.19,N,4,2024-09-19
25,88500,RENT,3.0,VENTURE,C,7200,13.47,0,0.08,Y,2,2024-12-07
23,45000,MORTGAGE,1.0,EDUCATION,B,10000,12.21,0,0.22,N,4,2024-04-30
24,30000,OWN,7.0,HOMEIMPROVEMENT,C,10000,12.61,0,0.33,Y,2,2024-07-20
25,32000,RENT,1.0,MEDICAL,E,2500,16.45,1,0.08,N,3,2024-07-28
22,36000,MORTGAGE,6.0,VENTURE,D,1400,14.84,0,0.04,N,2,2024-01-30
23,48000,MORTGAGE,7.0,DEBTCONSOLIDATION,B,10000,10.65,0,0.21,N,4,2024-06-24
23,24000,RENT,4.0,DEBTCONSOLIDATION,A,5000,6.62,0,0.21,N,2,2024-08-04
24,60000,RENT,1.0,EDUCATION,B,10000,11.013786929274843,0,0.17,N,2,2024-05-12
24,10000,RENT,8.0,PERSONAL,A,3000,7.9,1,0.3,N,3,2024-02-24
25,35000,RENT,3.0,VENTURE,B,2400,12.53,0,0.07,N,2,2024-10-02
23,39000,RENT,1.0,DEBTCONSOLIDATION,D,6000,15.99,1,0.15,Y,3,2024-09-27
23,100000,MORTGAGE,7.0,EDUCATION,A,15000,7.88,0,0.15,N,4,2024-12-22
22,27120,RENT,5.0,EDUCATION,C,9250,13.11,1,0.34,N,3,2024-07-31
22,75000,RENT,2.0,MEDICAL,C,20000,11.013786929274843,0,0.27,Y,2,2024-08-27
24,102000,MORTGAGE,5.0,EDUCATION,C,12000,15.27,0,0.12,Y,3,2024-02-04
25,50000,RENT,3.0,PERSONAL,D,4000,14.61,0,0.08,Y,4,2024-02-08
26,94000,MORTGAGE,1.0,MEDICAL,A,5000,7.68,0,0.05,N,3,2024-03-18
24,40000,RENT,5.0,DEBTCONSOLIDATION,A,10000,7.88,0,0.25,N,3,2024-08-18
24,69764,RENT,2.0,VENTURE,D,1500,14.42,1,0.02,Y,4,2024-08-15
22,21600,RENT,1.0,EDUCATION,D,2400,16.29,1,0.11,N,4,2024-06-22
26,20000,MORTGAGE,5.0,MEDICAL,A,4800,5.99,0,0.24,N,3,2024-06-18
23,49000,MORTGAGE,7.0,MEDICAL,G,15000,19.82,1,0.31,Y,3,2024-02-03
24,128000,MORTGAGE,4.0,EDUCATION,A,12000,6.03,0,0.09,N,2,2024-09-24
25,62500,RENT,6.0,HOMEIMPROVEMENT,B,4000,10.37,0,0.06,N,3,2024-05-10
22,44000,RENT,1.0,VENTURE,E,16000,16.35,1,0.36,N,4,2024-08-01
25,85000,MORTGAGE,5.0,EDUCATION,C,9600,13.85,0,0.11,N,2,2024-10-28
24,64600,RENT,2.0,PERSONAL,A,5000,7.9,0,0.08,N,3,2024-01-01
22,60000,MORTGAGE,6.0,DEBTCONSOLIDATION,B,3950,10.65,0,0.07,N,4,2024-08-01
26,65000,MORTGAGE,11.0,VENTURE,A,10950,7.88,0,0.17,N,2,2024-03-24
24,54000,MORTGAGE,8.0,PERSONAL,D,1500,14.42,1,0.03,Y,4,2024-07-15
23,16000,MORTGAGE,1.0,DEBTCONSOLIDATION,C,5600,12.84,1,0.35,Y,2,2024-02-25
23,39000,RENT,3.0,MEDICAL,B,10000,11.99,1,0.26,N,2,2024-12-13
24,45000,RENT,8.0,PERSONAL,C,8000,12.73,0,0.18,N,2,2024-08-05
23,78000,MORTGAGE,7.0,DEBTCONSOLIDATION,C,4200,13.06,0,0.05,Y,3,2024-11-09
22,44400,RENT,3.0,VENTURE,C,12800,12.73,0,0.29,N,4,2024-05-28
26,55000,RENT,1.0,EDUCATION,C,3000,11.013786929274843,0,0.05,Y,2,2024-08-22
25,125000,MORTGAGE,9.0,EDUCATION,B,12000,9.91,0,0.1,N,3,2024-10-24
25,37980,MORTGAGE,7.0,PERSONAL,A,3500,6.03,0,0.09,N,3,2024-01-29
23,75000,OWN,8.0,VENTURE,A,8000,6.17,0,0.11,N,2,2024-06-30
22,28800,RENT,6.0,MEDICAL,B,8000,11.49,0,0.28,N,2,2024-11-19
25,53000,MORTGAGE,4.0,EDUCATION,A,6000,6.62,0,0.11,N,2,2024-09-22
22,26004,RENT,5.0,VENTURE,B,4800,10.99,0,0.18,N,3,2024-11-06
25,70000,RENT,3.0,MEDICAL,A,5600,7.9,0,0.08,N,3,2024-02-19
22,130000,MORTGAGE,3.0,VENTURE,B,24250,12.18,0,0.19,N,4,2024-08-04
22,72000,RENT,6.0,EDUCATION,E,15000,17.19,0,0.21,N,4,2024-02-11
26,78000,RENT,6.0,DEBTCONSOLIDATION,C,18000,13.49,0,0.23,N,4,2024-05-29
25,48000,RENT,9.0,PERSONAL,B,4800,11.013786929274843,0,0.1,N,4,2024-12-08
25,115000,MORTGAGE,4.0,PERSONAL,A,20000,6.91,0,0.17,N,4,2024-12-27
22,56400,RENT,2.0,EDUCATION,A,9500,8.9,0,0.17,N,2,2024-07-22
22,50000,RENT,4.0,PERSONAL,A,10000,6.17,0,0.2,N,3,2024-12-23
23,65000,MORTGAGE,1.0,DEBTCONSOLIDATION,A,7000,8.49,0,0.11,N,4,2024-03-29
22,32240,RENT,3.0,PERSONAL,C,15000,13.22,1,0.47,N,2,2024-10-19
23,55000,MORTGAGE,5.0,EDUCATION,A,15000,6.17,0,0.27,N,3,2024-02-20
23,26000,RENT,1.0,EDUCATION,B,4000,11.013786929274843,0,0.15,N,4,2024-08-13
25,69000,RENT,1.0,PERSONAL,D,8000,13.99,1,0.12,N,2,2024-01-09
25,75000,MORTGAGE,4.0,VENTURE,C,12000,13.49,0,0.16,N,2,2024-11-17
22,59000,MORTGAGE,7.0,PERSONAL,D,4900,15.62,1,0.08,N,3,2024-09-07
24,37000,RENT,8.0,EDUCATION,D,10500,11.013786929274843,0,0.28,N,4,2024-02-06
22,70000,MORTGAGE,5.0,DEBTCONSOLIDATION,B,21000,8.88,0,0.3,N,3,2024-12-30
22,54000,RENT,4.0,MEDICAL,C,8075,13.06,0,0.15,N,3,2024-08-08
24,79000,RENT,8.0,DEBTCONSOLIDATION,A,21000,7.9,0,0.27,N,4,2024-12-06
25,26000,RENT,4.0,MEDICAL,C,8000,12.87,1,0.31,Y,3,2024-01-22
23,159996,MORTGAGE,2.0,PERSONAL,A,12000,5.42,0,0.08,N,4,2024-08-26
22,52000,MORTGAGE,5.0,VENTURE,A,6000,7.9,0,0.12,N,2,2024-07-21
23,50000,MORTGAGE,3.0,EDUCATION,A,10000,6.03,0,0.2,N,4,2024-04-28
24,45000,RENT,3.0,PERSONAL,A,7800,7.51,0,0.17,N,2,2024-08-31
25,128500,MORTGAGE,1.0,HOMEIMPROVEMENT,C,15000,12.53,0,0.12,Y,3,2024-11-01
24,87000,MORTGAGE,5.0,DEBTCONSOLIDATION,B,10000,10.36,0,0.11,N,2,2024-01-19
22,18000,RENT,1.0,EDUCATION,B,7000,10.65,1,0.39,N,3,2024-06-01
26,105000,RENT,1.0,DEBTCONSOLIDATION,B,12100,11.013786929274843,0,0.12,N,3,2024-04-21
23,92004,RENT,6.0,MEDICAL,C,30000,15.23,1,0.33,Y,2,2024-08-05
22,55000,RENT,2.0,DEBTCONSOLIDATION,A,6000,8.9,0,0.11,N,4,2024-09-21
24,36000,RENT,5.0,VENTURE,D,6000,14.96,0,0.17,N,3,2024-06-22
26,39000,RENT,2.0,EDUCATION,A,8000,6.62,0,0.21,N,2,2024-11-03
23,60000,MORTGAGE,7.0,VENTURE,A,7200,11.013786929274843,0,0.12,N,4,2024-08-06
25,44000,RENT,1.0,MEDICAL,D,8000,12.92,1,0.18,N,2,2024-09-28
25,150000,MORTGAGE,9.0,DEBTCONSOLIDATION,B,25000,10.25,0,0.17,N,4,2024-03-26
23,30000,RENT,1.0,EDUCATION,D,1450,15.58,1,0.05,Y,3,2024-11-21
22,54000,RENT,4.0,EDUCATION,E,5000,16.35,1,0.09,N,4,2024-10-25
25,24000,RENT,9.0,PERSONAL,B,9600,11.71,1,0.4,N,3,2024-08-16
23,25920,RENT,4.0,PERSONAL,D,10000,15.58,1,0.39,N,4,2024-02-04
23,36000,RENT,1.0,EDUCATION,A,7000,7.9,0,0.19,N,4,2024-06-10
22,126500,RENT,1.0,DEBTCONSOLIDATION,C,19200,13.79,0,0.15,Y,3,2024-08-20
22,54000,RENT,4.0,VENTURE,B,5600,9.63,0,0.1,N,3,2024-09-25
23,58200,MORTGAGE,2.0,PERSONAL,B,13000,11.013786929274843,0,0.22,N,3,2024-07-28
23,80196,OWN,2.0,PERSONAL,B,30000,9.91,0,0.37,N,3,2024-09-14
23,21600,RENT,2.0,HOMEIMPROVEMENT,D,6000,14.42,1,0.28,N,2,2024-12-29
24,22800,OWN,3.0,MEDICAL,B,4750,11.36,0,0.21,N,4,2024-05-10
26,48000,RENT,10.0,EDUCATION,B,4225,9.83,0,0.09,N,3,2024-08-22
23,69996,MORTGAGE,7.0,VENTURE,A,3000,6.39,0,0.04,N,4,2024-09-26
26,20000,MORTGAGE,1.0,DEBTCONSOLIDATION,A,1500,7.74,0,0.07,N,4,2024-12-15
22,55000,RENT,6.0,VENTURE,C,6000,14.27,0,0.11,N,3,2024-12-25
25,50000,MORTGAGE,2.0,PERSONAL,A,10000,7.9,0,0.2,N,4,2024-01-08
23,75000,MORTGAGE,5.0,PERSONAL,B,5000,11.12,0,0.07,N,2,2024-07-18
25,30720,RENT,6.0,MEDICAL,B,10000,10.37,1,0.33,N,3,2024-09-21
26,41892,RENT,8.0,DEBTCONSOLIDATION,C,11300,13.22,0,0.27,Y,4,2024-03-20
26,18700,RENT,2.0,MEDICAL,A,1500,5.42,0,0.08,N,3,2024-12-03
23,34000,OWN,7.0,EDUCATION,A,10950,7.29,0,0.32,N,2,2024-03-13
22,29100,RENT,2.0,VENTURE,D,6250,16.07,1,0.21,N,4,2024-10-12
23,149385,OWN,7.0,PERSONAL,A,7000,8.94,0,0.05,N,2,2024-10-22
26,76668,RENT,10.0,DEBTCONSOLIDATION,A,7200,9.63,0,0.09,N,4,2024-11-04
25,155004,MORTGAGE,9.0,DEBTCONSOLIDATION,A,10500,7.49,0,0.07,N,3,2024-06-20
24,46800,MORTGAGE,6.0,DEBTCONSOLIDATION,A,12000,6.99,0,0.26,N,3,2024-07-02
25,85000,RENT,9.0,HOMEIMPROVEMENT,A,5750,7.29,0,0.07,N,3,2024-02-24
22,45000,RENT,3.0,EDUCATION,B,5000,11.11,0,0.11,N,4,2024-05-07
22,25200,RENT,1.0,EDUCATION,B,4000,11.013786929274843,0,0.16,N,3,2024-01-18
26,41400,RENT,5.0,MEDICAL,B,7300,9.45,0,0.18,N,2,2024-02-03
24,45000,MORTGAGE,3.0,VENTURE,C,15000,13.06,0,0.33,N,3,2024-01-30
23,21000,RENT,6.0,EDUCATION,A,7500,6.91,1,0.36,N,2,2024-09-29
23,46800,OWN,7.0,VENTURE,C,9000,11.013786929274843,0,0.19,N,4,2024-07-14
23,38800,RENT,2.0,EDUCATION,A,14575,11.013786929274843,1,0.38,N,2,2024-08-12
23,30000,MORTGAGE,3.0,EDUCATION,B,4500,10.62,0,0.15,N,4,2024-09-06
23,69996,OWN,2.0,VENTURE,B,10000,11.013786929274843,0,0.14,N,3,2024-08-28
24,23000,RENT,1.0,MEDICAL,C,5000,11.013786929274843,0,0.22,N,4,2024-06-26
24,75000,MORTGAGE,5.0,HOMEIMPROVEMENT,A,12000,5.99,0,0.16,N,4,2024-09-03
26,38400,RENT,7.0,VENTURE,C,3200,13.49,0,0.08,N,2,2024-08-17
24,72400,MORTGAGE,4.0,EDUCATION,E,25000,17.99,0,0.35,Y,2,2024-06-22
24,74900,MORTGAGE,8.0,HOMEIMPROVEMENT,A,3500,6.39,0,0.05,N,3,2024-08-30
23,72000,MORTGAGE,6.0,HOMEIMPROVEMENT,C,12000,13.61,1,0.17,N,4,2024-11-26
25,60000,OWN,8.0,VENTURE,B,14000,11.12,0,0.23,N,2,2024-11-14
25,18000,RENT,3.0,EDUCATION,C,8500,10.28,1,0.47,Y,4,2024-12-03
24,35000,RENT,8.0,PERSONAL,A,5000,7.88,0,0.14,N,3,2024-06-12
24,70000,MORTGAGE,1.0,HOMEIMPROVEMENT,B,9000,11.83,0,0.13,N,3,2024-10-03
24,88000,MORTGAGE,8.0,DEBTCONSOLIDATION,F,30000,18.62,1,0.34,N,3,2024-09-13
26,150000,MORTGAGE,3.0,VENTURE,B,25000,9.99,0,0.17,N,4,2024-12-02
23,21000,RENT,2.0,VENTURE,C,3000,12.68,0,0.14,N,3,2024-09-26
25,67000,RENT,9.0,PERSONAL,C,5000,13.92,1,0.07,Y,4,2024-03-07
22,28000,RENT,6.0,PERSONAL,B,1000,10.25,1,0.04,N,3,2024-04-21
26,33600,RENT,4.0,PERSONAL,D,3300,15.65,0,0.1,Y,2,2024-05-29
25,120000,RENT,1.0,HOMEIMPROVEMENT,A,12000,11.013786929274843,0,0.1,N,3,2024-09-02
22,65000,MORTGAGE,4.0,EDUCATION,A,9000,9.63,0,0.14,N,3,2024-01-28
22,72204,RENT,2.0,EDUCATION,C,6700,13.47,0,0.09,Y,4,2024-05-03
23,36000,RENT,7.0,PERSONAL,C,1200,13.99,0,0.03,N,3,2024-02-20
24,72000,RENT,5.0,HOMEIMPROVEMENT,B,8000,10.0,0,0.11,N,2,2024-12-03
22,34992,RENT,1.0,DEBTCONSOLIDATION,B,5000,11.013786929274843,0,0.14,N,2,2024-11-09
24,112500,MORTGAGE,3.0,DEBTCONSOLIDATION,C,8600,13.11,0,0.08,N,4,2024-05-24
26,40000,RENT,10.0,PERSONAL,D,6925,15.99,0,0.17,N,4,2024-12-31
25,42000,RENT,2.0,VENTURE,D,10000,14.91,1,0.24,N,2,2024-07-05
23,89000,RENT,7.0,EDUCATION,C,7000,11.013786929274843,0,0.08,Y,3,2024-08-01
22,30000,MORTGAGE,6.0,DEBTCONSOLIDATION,B,3000,11.49,0,0.1,N,3,2024-12-02
23,26000,MORTGAGE,3.0,DEBTCONSOLIDATION,B,7800,10.59,0,0.3,N,3,2024-11-24
22,44094,RENT,1.0,PERSONAL,A,3600,7.37,0,0.08,N,2,2024-05-12
23,30000,RENT,1.0,MEDICAL,A,8400,11.013786929274843,1,0.28,N,2,2024-02-04
24,46000,MORTGAGE,8.0,PERSONAL,A,2000,7.66,0,0.04,N,2,2024-10-22
22,75000,MORTGAGE,6.0,VENTURE,D,25000,14.96,0,0.33,Y,3,2024-10-10
22,30000,RENT,4.0,EDUCATION,B,10000,11.86,1,0.33,N,4,2024-08-08
25,26729,RENT,5.0,VENTURE,B,7300,11.14,0,0.27,N,4,2024-04-03
22,115000,MORTGAGE,6.0,EDUCATION,A,12000,5.99,0,0.1,N,3,2024-06-27
22,32400,MORTGAGE,1.0,DEBTCONSOLIDATION,A,5500,11.013786929274843,0,0.17,N,2,2024-04-12
25,67000,MORTGAGE,9.0,PERSONAL,C,25000,10.91,1,0.37,N,3,2024-11-09
25,96000,MORTGAGE,6.0,VENTURE,C,21000,14.65,0,0.22,N,4,2024-11-19
26,175000,RENT,2.0,EDUCATION,B,17000,9.88,0,0.1,N,2,2024-10-08
25,60000,RENT,1.0,EDUCATION,A,10000,11.013786929274843,0,0.17,N,4,2024-10-25
24,48996,RENT,5.0,VENTURE,C,5000,13.79,0,0.1,N,4,2024-06-25
22,52320,MORTGAGE,6.0,EDUCATION,D,15000,12.86,0,0.29,N,2,2024-01-04
26,35000,RENT,10.0,EDUCATION,B,12875,11.013786929274843,1,0.37,N,3,2024-04-13
25,36000,RENT,1.0,DEBTCONSOLIDATION,D,15000,15.05,1,0.42,Y,2,2024-01-17
22,66614,MORTGAGE,6.0,MEDICAL,E,11000,17.99,1,0.14,Y,2,2024-04-26
24,52728,RENT,4.0,EDUCATION,A,5000,7.74,0,0.09,N,4,2024-12-27
23,55000,OWN,6.0,VENTURE,C,18500,13.16,0,0.34,N,3,2024-06-20
25,74000,OWN,1.0,MEDICAL,A,16000,8.49,0,0.22,N,3,2024-01-02
24,82726,MORTGAGE,7.0,HOMEIMPROVEMENT,C,20000,11.013786929274843,0,0.24,N,4,2024-02-07
22,80000,MORTGAGE,5.0,VENTURE,B,9500,11.71,0,0.12,N,3,2024-03-01
24,156000,MORTGAGE,8.0,PERSONAL,B,15000,10.25,0,0.1,N,2,2024-06-06
24,48000,MORTGAGE,8.0,MEDICAL,A,10000,7.49,0,0.21,N,3,2024-04-17
25,43200,RENT,3.0,VENTURE,C,3000,13.8,0,0.07,N,2,2024-06-13
23,81000,RENT,7.0,EDUCATION,C,18000,13.98,0,0.22,N,4,2024-05-20
25,76000,RENT,1.0,EDUCATION,A,5000,7.9,0,0.07,N,3,2024-04-26
23,135000,MORTGAGE,1.0,EDUCATION,D,12500,15.99,0,0.09,N,4,2024-01-16
22,55000,MORTGAGE,6.0,EDUCATION,C,1400,13.49,0,0.03,Y,3,2024-01-08
22,27500,RENT,1.0,EDUCATION,B,4250,10.99,0,0.15,N,4,2024-10-29
25,42000,MORTGAGE,9.0,MEDICAL,A,9100,11.013786929274843,0,0.22,N,3,2024-02-11
24,43300,MORTGAGE,2.0,EDUCATION,B,24000,10.62,0,0.55,N,2,2024-10-14
25,24996,RENT,8.0,DEBTCONSOLIDATION,C,2500,12.98,0,0.1,N,4,2024-10-21
25,72000,MORTGAGE,9.0,VENTURE,A,3200,6.39,0,0.04,N,4,2024-11-29
23,138000,MORTGAGE,7.0,VENTURE,B,2700,11.86,0,0.02,N,4,2024-01-03
26,159960,MORTGAGE,11.0,HOMEIMPROVEMENT,A,18325,7.49,0,0.11,N,2,2024-02-23
24,64000,MORTGAGE,7.0,DEBTCONSOLIDATION,F,4000,20.89,1,0.06,Y,2,2024-02-18
24,51000,RENT,7.0,PERSONAL,D,9600,15.31,0,0.19,Y,4,2024-08-14
22,30000,RENT,6.0,EDUCATION,B,7000,9.62,1,0.23,N,4,2024-06-29
22,22000,OWN,1.0,DEBTCONSOLIDATION,D,8500,15.05,0,0.39,N,4,2024-10-15
24,23500,MORTGAGE,2.0,HOMEIMPROVEMENT,B,7000,10.38,0,0.3,N,4,2024-01-06
26,220836,MORTGAGE,10.0,PERSONAL,B,9000,11.26,0,0.04,N,2,2024-10-31
25,65000,RENT,4.0,HOMEIMPROVEMENT,C,15000,13.49,0,0.23,Y,3,2024-07-08
23,65000,MORTGAGE,7.0,EDUCATION,A,5500,7.88,0,0.08,N,2,2024-10-11
26,145000,RENT,1.0,DEBTCONSOLIDATION,B,10000,10.99,0,0.07,N,3,2024-01-29
22,78700,MORTGAGE,6.0,PERSONAL,A,7000,7.68,1,0.09,N,3,2024-10-16
23,21000,OWN,2.0,VENTURE,C,6000,15.27,0,0.29,N,2,2024-07-23
26,24000,RENT,5.0,MEDICAL,A,6000,6.62,0,0.25,N,2,2024-09-01
24,46704,RENT,2.0,PERSONAL,B,9000,11.49,0,0.19,N,3,2024-05-22
24,65000,MORTGAGE,3.0,EDUCATION,B,12000,9.91,0,0.18,N,4,2024-09-10
22,66000,RENT,6.0,PERSONAL,C,16800,13.49,0,0.25,Y,2,2024-04-27
25,30720,MORTGAGE,3.0,MEDICAL,B,2000,11.12,0,0.07,N,4,2024-07-24
26,50000,RENT,10.0,PERSONAL,B,18950,11.013786929274843,1,0.38,N,3,2024-02-26
23,80000,MORTGAGE,1.0,EDUCATION,C,12000,13.48,0,0.15,Y,4,2024-04-26
25,150000,RENT,2.0,HOMEIMPROVEMENT,A,8750,7.74,0,0.06,N,2,2024-10-04
23,122000,RENT,7.0,MEDICAL,C,14000,13.48,0,0.11,N,4,2024-07-19
22,30000,RENT,2.0,DEBTCONSOLIDATION,B,6000,12.42,0,0.2,N,4,2024-12-12
23,30000,RENT,3.0,PERSONAL,D,3000,15.2,0,0.1,Y,4,2024-12-04
22,130000,MORTGAGE,3.0,DEBTCONSOLIDATION,C,14500,11.013786929274843,0,0.11,N,2,2024-06-09
22,41500,RENT,6.0,PERSONAL,D,2500,15.62,0,0.06,N,2,2024-09-21
24,98000,OWN,8.0,VENTURE,A,12000,7.49,0,0.12,N,2,2024-01-23
26,42000,RENT,3.0,DEBTCONSOLIDATION,A,4500,7.66,0,0.11,N,2,2024-08-07
24,65000,MORTGAGE,7.0,VENTURE,A,1525,5.42,0,0.02,N,3,2024-11-03
23,21000,OWN,7.0,EDUCATION,B,7500,12.69,0,0.36,N,2,2024-07-19
24,39000,RENT,2.0,DEBTCONSOLIDATION,E,16000,19.91,1,0.41,N,3,2024-11-10
24,70000,OWN,8.0,PERSONAL,B,24250,12.18,0,0.35,N,2,2024-04-28
25,95000,MORTGAGE,5.0,DEBTCONSOLIDATION,B,18000,10.99,0,0.19,N,3,2024-07-17
26,51000,MORTGAGE,2.0,VENTURE,A,12000,6.17,0,0.24,N,4,2024-08-09
26,200000,MORTGAGE,4.0,MEDICAL,C,15000,14.79,0,0.07,N,4,2024-03-08
22,43000,RENT,6.0,EDUCATION,B,13500,10.95,1,0.31,N,4,2024-08-25
23,44000,RENT,2.0,PERSONAL,C,6000,14.22,0,0.14,Y,3,2024-10-19
22,39000,RENT,4.0,EDUCATION,A,5000,6.99,0,0.13,N,2,2024-08-20
22,50004,RENT,5.0,EDUCATION,D,5300,14.42,0,0.11,N,2,2024-01-31
25,150000,MORTGAGE,9.0,HOMEIMPROVEMENT,B,20000,8.88,0,0.13,N,4,2024-05-12
25,80000,MORTGAGE,5.0,PERSONAL,A,18000,5.79,0,0.23,N,3,2024-04-30
22,120000,MORTGAGE,3.0,VENTURE,C,5000,14.79,0,0.04,Y,3,2024-04-19
22,50500,OWN,6.0,EDUCATION,B,6000,11.83,0,0.12,N,2,2024-10-08
22,49536,MORTGAGE,6.0,EDUCATION,A,5200,6.62,0,0.1,N,3,2024-03-11
24,39000,RENT,8.0,MEDICAL,D,1500,15.62,0,0.04,Y,3,2024-10-02
25,30000,RENT,4.0,EDUCATION,C,2000,14.22,0,0.07,N,2,2024-11-15
24,39000,MORTGAGE,3.0,DEBTCONSOLIDATION,A,5600,5.42,0,0.14,N,4,2024-12-30
24,40000,MORTGAGE,2.0,VENTURE,B,2500,9.99,0,0.06,N,3,2024-01-22
22,60000,MORTGAGE,5.0,VENTURE,A,5600,7.49,0,0.09,N,4,2024-04-18
25,78000,MORTGAGE,9.0,EDUCATION,B,14200,11.48,0,0.18,N,3,2024-06-17
24,130000,MORTGAGE,3.0,DEBTCONSOLIDATION,B,25000,11.83,0,0.19,N,3,2024-04-23
24,87000,MORTGAGE,7.0,DEBTCONSOLIDATION,B,25000,10.99,0,0.29,N,4,2024-12-05
25,90000,RENT,9.0,EDUCATION,B,10000,12.42,0,0.11,N,4,2024-03-26
23,30996,OWN,2.0,VENTURE,B,5000,11.86,0,0.16,N,4,2024-04-20
25,87000,MORTGAGE,4.0,VENTURE,B,13000,11.26,0,0.15,N,4,2024-03-05
25,32000,RENT,9.0,MEDICAL,E,15000,16.45,1,0.47,Y,2,2024-04-12
24,31000,RENT,2.0,EDUCATION,C,10000,14.65,1,0.32,Y,3,2024-11-01
25,48000,MORTGAGE,3.0,DEBTCONSOLIDATION,B,4800,10.74,0,0.1,N,4,2024-08-04
25,60000,MORTGAGE,2.0,EDUCATION,B,12500,11.49,0,0.21,N,4,2024-04-12
24,55000,MORTGAGE,8.0,HOMEIMPROVEMENT,A,5500,8.59,0,0.1,N,4,2024-05-06
26,165000,MORTGAGE,10.0,EDUCATION,C,20000,13.22,0,0.12,Y,2,2024-04-01
25,84000,MORTGAGE,8.0,MEDICAL,B,8500,11.83,0,0.1,N,4,2024-02-01
24,33996,RENT,2.0,EDUCATION,D,5000,14.96,1,0.15,Y,4,2024-06-20
23,30000,RENT,6.0,DEBTCONSOLIDATION,A,4800,7.49,0,0.16,N,4,2024-05-22
22,38000,MORTGAGE,6.0,DEBTCONSOLIDATION,A,8500,5.42,0,0.22,N,2,2024-08-04
23,80500,RENT,5.0,VENTURE,B,7200,9.25,0,0.09,N,3,2024-08-24
25,58650,MORTGAGE,4.0,MEDICAL,D,20000,14.09,1,0.29,Y,4,2024-01-29
23,42000,OWN,7.0,EDUCATION,B,4400,11.89,0,0.1,N,4,2024-05-27
22,23800,RENT,2.0,PERSONAL,A,8800,9.32,1,0.37,N,2,2024-01-07
23,32400,RENT,4.0,MEDICAL,A,4500,7.49,0,0.14,N,3,2024-08-26
24,60140,RENT,2.0,DEBTCONSOLIDATION,A,7000,8.59,0,0.12,N,4,2024-12-18
23,50000,RENT,4.0,VENTURE,B,18225,10.74,1,0.36,N,3,2024-05-18
23,70000,MORTGAGE,4.0,PERSONAL,C,6000,13.16,0,0.09,Y,4,2024-01-03
25,33772,RENT,3.0,VENTURE,D,3600,16.02,1,0.11,Y,3,2024-09-10
25,55000,RENT,7.0,HOMEIMPROVEMENT,C,8500,14.22,0,0.15,Y,3,2024-09-12
22,43600,MORTGAGE,4.0,DEBTCONSOLIDATION,D,10000,14.96,1,0.23,N,2,2024-02-25
25,48000,MORTGAGE,9.0,EDUCATION,C,7000,12.09,0,0.15,Y,2,2024-04-23
24,40000,RENT,6.0,EDUCATION,A,5000,6.17,0,0.13,N,2,2024-03-06
25,23198,RENT,2.0,VENTURE,A,6000,8.0,0,0.26,N,2,2024-05-17
22,48000,RENT,3.0,VENTURE,A,4000,11.013786929274843,0,0.08,N,3,2024-09-18
23,63000,MORTGAGE,7.0,EDUCATION,A,20000,7.9,0,0.32,N,3,2024-03-13
22,57996,MORTGAGE,2.0,VENTURE,B,2500,12.53,0,0.04,N,4,2024-09-15
24,75000,OWN,8.0,VENTURE,B,29800,11.013786929274843,0,0.4,N,3,2024-08-28
25,39000,MORTGAGE,9.0,DEBTCONSOLIDATION,C,3000,13.99,0,0.08,N,2,2024-07-17
24,85000,MORTGAGE,4.0,DEBTCONSOLIDATION,B,7750,11.12,0,0.09,N,4,2024-12-23
26,125000,MORTGAGE,10.0,PERSONAL,A,10200,7.49,0,0.08,N,2,2024-04-11
24,54000,MORTGAGE,5.0,PERSONAL,A,11000,5.42,0,0.2,N,2,2024-05-12
24,141000,OWN,8.0,EDUCATION,A,10000,7.49,0,0.07,N,2,2024-09-30
24,20400,RENT,3.0,DEBTCONSOLIDATION,C,7550,14.79,1,0.37,Y,3,2024-03-17
22,37000,MORTGAGE,6.0,VENTURE,B,7500,10.95,0,0.2,N,3,2024-01-10
25,67000,RENT,3.0,MEDICAL,A,7000,8.94,0,0.1,N,2,2024-06-03
22,51000,RENT,6.0,EDUCATION,A,7500,5.99,0,0.15,N,3,2024-03-10
23,140000,OWN,6.0,EDUCATION,C,16400,15.96,0,0.12,N,2,2024-01-07
25,60000,MORTGAGE,5.0,VENTURE,D,3000,14.59,0,0.05,Y,4,2024-04-08
25,69900,MORTGAGE,9.0,DEBTCONSOLIDATION,A,5050,5.42,0,0.07,N,3,2024-04-30
25,48000,RENT,3.0,MEDICAL,C,9000,13.79,0,0.19,Y,2,2024-01-12
25,70000,RENT,2.0,HOMEIMPROVEMENT,C,7000,13.79,0,0.1,Y,2,2024-03-19
26,81000,RENT,10.0,VENTURE,E,21000,16.95,1,0.26,N,2,2024-10-04
22,90000,MORTGAGE,6.0,DEBTCONSOLIDATION,A,16000,6.03,0,0.18,N,3,2024-05-04
25,42900,RENT,5.0,PERSONAL,A,12000,8.9,0,0.28,N,3,2024-01-19
23,65000,MORTGAGE,4.0,EDUCATION,D,13600,15.62,0,0.21,N,3,2024-07-09
24,62400,RENT,8.0,VENTURE,B,20000,11.12,1,0.32,N,2,2024-12-06
24,45000,MORTGAGE,2.0,HOMEIMPROVEMENT,B,9200,11.89,0,0.2,N,4,2024-08-21
23,130208,MORTGAGE,7.0,DEBTCONSOLIDATION,C,20000,12.73,0,0.15,N,3,2024-06-21
22,23587,RENT,4.0,HOMEIMPROVEMENT,B,2000,11.89,1,0.08,N,2,2024-03-14
22,69500,MORTGAGE,6.0,MEDICAL,C,6000,13.48,0,0.09,N,3,2024-04-10
24,42200,RENT,5.0,MEDICAL,A,4450,9.32,0,0.11,N,4,2024-03-04
25,45000,RENT,2.0,PERSONAL,C,11100,13.11,0,0.25,N,2,2024-06-20
24,42000,MORTGAGE,8.0,VENTURE,B,22250,11.11,0,0.53,N,2,2024-05-12
22,60000,MORTGAGE,1.0,PERSONAL,C,7500,11.66,0,0.13,N,4,2024-08-14
26,80004,MORTGAGE,7.0,PERSONAL,C,7500,15.23,1,0.09,N,4,2024-05-08
24,42000,MORTGAGE,5.0,PERSONAL,A,19200,7.9,0,0.46,N,4,2024-11-16
24,105804,MORTGAGE,8.0,EDUCATION,A,15000,7.49,0,0.14,N,2,2024-07-27
22,40000,MORTGAGE,6.0,DEBTCONSOLIDATION,A,4750,11.013786929274843,0,0.12,N,3,2024-06-12
23,45000,RENT,2.0,PERSONAL,B,11200,10.59,0,0.25,N,4,2024-12-02
24,52800,RENT,8.0,PERSONAL,A,9000,7.49,0,0.17,N,4,2024-04-13
22,68000,MORTGAGE,6.0,EDUCATION,A,3500,6.39,0,0.05,N,4,2024-11-17
26,58000,MORTGAGE,2.0,MEDICAL,A,3000,6.92,0,0.05,N,2,2024-01-14
23,39600,MORTGAGE,8.0,MEDICAL,A,8250,9.32,0,0.21,N,3,2024-04-18
22,40000,RENT,2.0,DEBTCONSOLIDATION,B,7000,11.99,0,0.17,N,3,2024-12-05
24,72000,MORTGAGE,8.0,DEBTCONSOLIDATION,A,8000,7.88,0,0.11,N,3,2024-07-10
24,72000,RENT,4.0,EDUCATION,B,15000,10.99,0,0.21,N,2,2024-07-01
23,90000,MORTGAGE,6.0,EDUCATION,A,12000,11.013786929274843,0,0.13,N,3,2024-08-03
24,51000,MORTGAGE,4.0,EDUCATION,A,8500,8.94,0,0.17,N,4,2024-03-09
26,136000,RENT,2.0,HOMEIMPROVEMENT,C,12000,14.72,0,0.09,Y,3,2024-03-31
22,50000,RENT,6.0,EDUCATION,A,10000,7.88,0,0.2,N,4,2024-09-02
23,60000,MORTGAGE,6.0,PERSONAL,A,7000,6.54,0,0.12,N,2,2024-07-06
25,50000,MORTGAGE,4.0,DEBTCONSOLIDATION,A,6000,6.76,0,0.12,N,2,2024-02-17
25,36000,MORTGAGE,3.0,HOMEIMPROVEMENT,C,7000,12.73,0,0.19,N,4,2024-11-12
22,47800,MORTGAGE,5.0,PERSONAL,C,1500,13.43,0,0.03,Y,4,2024-12-22
25,61959,RENT,9.0,EDUCATION,C,25000,12.73,1,0.4,Y,4,2024-12-23
25,49000,RENT,2.0,EDUCATION,A,7750,9.63,0,0.16,N,2,2024-07-15
24,64000,MORTGAGE,2.0,DEBTCONSOLIDATION,E,12000,17.56,1,0.19,Y,4,2024-06-01
26,64000,MORTGAGE,9.0,DEBTCONSOLIDATION,D,8000,12.17,1,0.13,N,2,2024-07-01
26,90000,MORTGAGE,3.0,EDUCATION,C,3200,13.22,0,0.04,N,4,2024-05-12
22,54000,RENT,6.0,VENTURE,A,12000,8.49,0,0.22,N,4,2024-04-03
24,33600,MORTGAGE,3.0,PERSONAL,A,2500,8.9,0,0.07,N,3,2024-02-16
26,110000,MORTGAGE,1.0,EDUCATION,B,5000,12.69,0,0.05,N,3,2024-07-24
24,60000,MORTGAGE,5.0,VENTURE,A,14000,7.51,0,0.23,N,4,2024-12-20
23,40000,RENT,3.0,EDUCATION,B,8000,11.49,0,0.2,N,2,2024-03-01
22,34800,RENT,7.0,VENTURE,G,9600,19.16,1,0.28,Y,4,2024-01-25
22,30000,RENT,1.0,DEBTCONSOLIDATION,C,15000,15.27,1,0.5,N,4,2024-04-16
25,150000,MORTGAGE,9.0,HOMEIMPROVEMENT,B,25000,10.37,0,0.17,N,2,2024-08-19
23,86500,MORTGAGE,7.0,PERSONAL,A,14000,7.29,0,0.16,N,3,2024-08-16
23,62000,MORTGAGE,7.0,MEDICAL,B,6400,10.08,0,0.1,N,3,2024-08-14
23,32535,RENT,6.0,DEBTCONSOLIDATION,B,4000,11.013786929274843,0,0.12,N,2,2024-09-15
26,122000,MORTGAGE,4.0,DEBTCONSOLIDATION,C,4800,11.013786929274843,0,0.04,Y,2,2024-01-29
23,40000,MORTGAGE,2.0,DEBTCONSOLIDATION,B,2000,10.99,0,0.05,N,4,2024-06-07
23,160000,MORTGAGE,5.0,VENTURE,A,35000,7.66,0,0.22,N,3,2024-10-13
22,62900,MORTGAGE,1.0,MEDICAL,E,25000,14.38,1,0.34,N,2,2024-02-18
26,67000,MORTGAGE,10.0,HOMEIMPROVEMENT,B,10000,12.21,0,0.15,N,3,2024-06-25
22,38400,OWN,5.0,EDUCATION,C,10000,13.99,0,0.26,N,4,2024-07-18
23,58800,RENT,7.0,EDUCATION,B,3000,10.36,1,0.05,N,3,2024-05-01
22,100000,RENT,3.0,DEBTCONSOLIDATION,A,1200,8.59,0,0.01,N,4,2024-09-15
26,32000,RENT,1.0,VENTURE,C,7500,13.79,0,0.23,N,3,2024-01-18
23,85272,RENT,7.0,EDUCATION,B,5000,11.11,0,0.06,N,2,2024-09-08
24,60000,OWN,9.0,HOMEIMPROVEMENT,B,15000,11.83,0,0.25,N,3,2024-01-17
24,33996,RENT,1.0,VENTURE,C,7000,13.16,1,0.21,N,4,2024-12-26
22,52000,MORTGAGE,6.0,PERSONAL,D,10000,13.87,1,0.19,Y,4,2024-04-20
23,13000,RENT,3.0,HOMEIMPROVEMENT,D,2800,15.21,1,0.22,N,2,2024-01-01
22,39900,RENT,4.0,EDUCATION,B,19000,12.18,1,0.48,N,2,2024-12-25
22,48500,RENT,1.0,VENTURE,B,20000,11.36,1,0.41,N,2,2024-07-01
24,27600,OWN,8.0,PERSONAL,A,7000,7.9,0,0.25,N,2,2024-07-28
25,168000,MORTGAGE,2.0,DEBTCONSOLIDATION,B,35000,10.65,0,0.21,N,4,2024-03-30
23,44496,MORTGAGE,2.0,EDUCATION,A,3500,11.013786929274843,0,0.08,N,4,2024-01-13
25,47000,OWN,9.0,VENTURE,A,4000,6.62,0,0.09,N,2,2024-12-24
26,51996,MORTGAGE,2.0,DEBTCONSOLIDATION,E,6500,15.68,1,0.13,N,3,2024-04-25
22,107004,MORTGAGE,2.0,VENTURE,A,10000,7.29,0,0.09,N,4,2024-06-25
25,60000,MORTGAGE,1.0,VENTURE,A,5000,7.29,0,0.08,N,3,2024-07-18
23,58500,MORTGAGE,6.0,DEBTCONSOLIDATION,A,4000,8.0,0,0.07,N,3,2024-08-09
22,32000,RENT,1.0,EDUCATION,D,5400,16.29,1,0.17,Y,2,2024-06-26
23,114000,MORTGAGE,7.0,EDUCATION,C,8000,12.68,0,0.07,Y,3,2024-12-09
24,30000,RENT,2.0,VENTURE,A,3000,7.49,0,0.1,N,3,2024-06-03
24,40000,RENT,5.0,PERSONAL,B,10000,11.99,0,0.25,N,4,2024-06-25
25,38400,MORTGAGE,9.0,EDUCATION,B,12000,10.38,0,0.31,N,3,2024-06-21
26,37500,RENT,3.0,VENTURE,D,10000,14.91,0,0.27,Y,2,2024-11-05
23,75000,RENT,4.0,VENTURE,A,5000,7.49,0,0.07,N,4,2024-10-22
25,32500,MORTGAGE,3.0,EDUCATION,A,12500,7.9,0,0.38,N,2,2024-01-12
24,65000,MORTGAGE,8.0,EDUCATION,A,3300,7.51,0,0.05,N,2,2024-01-08
25,150000,MORTGAGE,9.0,VENTURE,A,8200,5.79,0,0.05,N,2,2024-06-09
23,35000,MORTGAGE,7.0,VENTURE,A,2100,5.42,0,0.06,N,2,2024-11-23
24,60000,RENT,4.0,PERSONAL,B,12500,11.49,0,0.21,N,3,2024-01-26
26,88000,RENT,10.0,PERSONAL,B,10000,12.69,0,0.11,N,4,2024-04-10
23,45600,RENT,4.0,PERSONAL,C,5000,14.22,0,0.11,Y,4,2024-03-26
25,122000,MORTGAGE,9.0,PERSONAL,C,20000,13.23,0,0.16,N,4,2024-01-21
25,50000,OWN,9.0,PERSONAL,E,9175,19.42,0,0.18,N,4,2024-03-14
23,71000,RENT,7.0,PERSONAL,A,11300,7.49,0,0.16,N,3,2024-12-05
24,16000,RENT,2.0,EDUCATION,D,4200,11.013786929274843,1,0.26,N,2,2024-09-22
23,39292,MORTGAGE,3.0,MEDICAL,A,3250,11.013786929274843,1,0.08,N,3,2024-07-19
24,24000,RENT,5.0,MEDICAL,C,5500,14.27,0,0.23,N,2,2024-07-24
26,85000,MORTGAGE,3.0,EDUCATION,D,10000,14.09,0,0.12,N,2,2024-01-31
24,40000,RENT,1.0,VENTURE,B,3825,10.0,0,0.1,N,3,2024-02-12
25,40000,MORTGAGE,9.0,MEDICAL,C,3500,13.49,0,0.09,Y,3,2024-11-18
25,85000,MORTGAGE,7.0,DEBTCONSOLIDATION,C,12000,14.65,0,0.14,N,2,2024-07-09
25,84000,RENT,1.0,VENTURE,E,8000,16.45,1,0.1,Y,4,2024-07-12
25,21500,RENT,2.0,MEDICAL,C,7500,11.34,1,0.35,Y,3,2024-07-31
23,58000,RENT,1.0,EDUCATION,B,12800,12.42,0,0.22,N,4,2024-05-23
23,28800,MORTGAGE,6.0,MEDICAL,B,5000,11.99,0,0.17,N,4,2024-02-07
22,30000,MORTGAGE,6.0,EDUCATION,D,6600,14.42,0,0.22,N,4,2024-03-22
23,78000,MORTGAGE,1.0,DEBTCONSOLIDATION,C,8000,12.87,1,0.1,Y,3,2024-01-14
22,137004,MORTGAGE,3.0,DEBTCONSOLIDATION,A,10000,5.79,0,0.07,N,4,2024-08-21
25,42000,RENT,3.0,EDUCATION,C,10000,13.8,1,0.24,N,2,2024-05-25
22,165000,MORTGAGE,5.0,VENTURE,D,24000,15.62,0,0.15,Y,2,2024-01-14
24,38400,RENT,4.0,VENTURE,A,4000,7.29,0,0.1,N,3,2024-05-25
24,72000,MORTGAGE,8.0,EDUCATION,C,14000,14.65,1,0.19,N,4,2024-06-22
22,83000,OWN,6.0,EDUCATION,D,25000,15.95,0,0.3,N,2,2024-10-22
23,42000,RENT,7.0,DEBTCONSOLIDATION,B,15000,11.83,1,0.36,N,2,2024-09-30
22,90000,MORTGAGE,6.0,MEDICAL,B,6400,9.88,0,0.07,N,3,2024-08-11
25,47000,RENT,1.0,VENTURE,A,8500,8.9,0,0.18,N,4,2024-03-16
25,79000,MORTGAGE,9.0,MEDICAL,A,10000,5.79,0,0.13,N,3,2024-04-15
22,69996,OWN,2.0,VENTURE,C,8000,12.84,0,0.11,N,3,2024-02-01
23,95000,MORTGAGE,7.0,EDUCATION,A,35000,7.9,0,0.37,N,2,2024-11-26
24,37000,RENT,3.0,VENTURE,B,5500,9.2,0,0.15,N,3,2024-01-28
23,70000,RENT,3.0,EDUCATION,A,12000,7.9,0,0.17,N,2,2024-11-29
25,123144,RENT,2.0,VENTURE,B,12000,10.75,0,0.1,N,2,2024-12-26
25,82000,RENT,5.0,HOMEIMPROVEMENT,C,6000,11.013786929274843,0,0.07,N,3,2024-08-10
25,115000,MORTGAGE,9.0,VENTURE,C,19000,13.49,0,0.17,Y,4,2024-11-16
23,95000,MORTGAGE,1.0,EDUCATION,C,19800,13.22,1,0.21,Y,4,2024-09-19
23,70000,RENT,8.0,VENTURE,A,6725,6.62,0,0.1,N,2,2024-08-11
22,70000,OWN,6.0,PERSONAL,B,12000,12.53,0,0.17,N,4,2024-05-04
22,85000,MORTGAGE,4.0,MEDICAL,A,12000,6.91,0,0.14,N,3,2024-11-18
24,70000,MORTGAGE,2.0,PERSONAL,C,6000,15.23,0,0.09,Y,2,2024-05-11
22,107000,MORTGAGE,6.0,DEBTCONSOLIDATION,D,35000,16.49,1,0.33,Y,3,2024-12-29
25,38496,MORTGAGE,7.0,HOMEIMPROVEMENT,A,8000,6.03,0,0.21,N,3,2024-01-05
23,66661,MORTGAGE,7.0,PERSONAL,B,1500,11.49,0,0.02,N,2,2024-08-08
26,32000,RENT,3.0,DEBTCONSOLIDATION,A,5000,6.03,0,0.16,N,2,2024-09-10
22,34000,RENT,1.0,VENTURE,C,6500,13.22,1,0.19,N,4,2024-09-13
25,36000,OWN,10.0,MEDICAL,B,11200,9.76,0,0.31,N,2,2024-08-24
25,32000,RENT,2.0,MEDICAL,D,8575,15.62,1,0.27,N,2,2024-12-09
26,59000,RENT,2.0,PERSONAL,B,8500,11.83,0,0.14,N,4,2024-12-09
22,78700,RENT,6.0,VENTURE,C,14000,13.48,0,0.18,Y,3,2024-09-18
22,38000,MORTGAGE,6.0,DEBTCONSOLIDATION,A,4500,5.79,0,0.12,N,3,2024-09-09
26,50200,RENT,1.0,EDUCATION,A,9000,7.66,0,0.18,N,3,2024-10-30
26,86000,RENT,4.0,VENTURE,C,10000,13.49,0,0.12,N,4,2024-06-11
24,84000,RENT,1.0,MEDICAL,A,12000,6.91,0,0.14,N,2,2024-07-10
23,48000,MORTGAGE,7.0,EDUCATION,A,14125,11.013786929274843,0,0.29,N,3,2024-02-07
23,63402,RENT,3.0,VENTURE,C,6000,13.22,0,0.09,Y,2,2024-01-29
25,100000,RENT,3.0,EDUCATION,B,12000,9.91,0,0.12,N,2,2024-11-29
22,69000,MORTGAGE,6.0,PERSONAL,C,7800,12.41,0,0.11,N,4,2024-09-07
26,44000,RENT,5.0,MEDICAL,C,4600,13.99,1,0.1,N,3,2024-03-06
23,42000,MORTGAGE,7.0,VENTURE,C,12000,15.23,0,0.29,Y,3,2024-02-12
25,45996,RENT,3.0,DEBTCONSOLIDATION,C,11500,12.53,0,0.25,Y,3,2024-07-03
24,37000,MORTGAGE,8.0,MEDICAL,B,10000,10.99,0,0.27,N,3,2024-02-28
26,36996,RENT,8.0,MEDICAL,C,9600,11.97,0,0.26,Y,2,2024-10-08
22,89800,MORTGAGE,6.0,VENTURE,B,20000,12.53,0,0.22,N,3,2024-02-07
26,64800,MORTGAGE,5.0,EDUCATION,B,2000,11.99,0,0.03,N,3,2024-05-01
24,60000,MORTGAGE,8.0,DEBTCONSOLIDATION,C,21000,11.013786929274843,0,0.35,Y,3,2024-07-24
23,120000,MORTGAGE,7.0,VENTURE,C,6000,13.06,0,0.05,Y,3,2024-03-30
26,60000,MORTGAGE,10.0,MEDICAL,A,12500,6.92,0,0.21,N,3,2024-08-25
24,130000,OWN,8.0,VENTURE,B,22800,11.013786929274843,0,0.18,N,2,2024-06-19
23,115000,MORTGAGE,7.0,EDUCATION,C,10000,14.27,0,0.09,Y,2,2024-09-04
23,45000,RENT,2.0,VENTURE,B,14500,10.36,1,0.32,N,4,2024-06-18
22,75600,MORTGAGE,3.0,EDUCATION,A,10000,11.013786929274843,0,0.13,N,4,2024-07-27
22,41000,MORTGAGE,6.0,HOMEIMPROVEMENT,A,7000,7.9,1,0.17,N,2,2024-04-18
26,75000,MORTGAGE,9.0,MEDICAL,C,4000,12.99,0,0.05,Y,2,2024-02-13
23,20664,RENT,4.0,EDUCATION,C,4550,13.72,0,0.22,Y,3,2024-06-18
25,61000,OWN,2.0,PERSONAL,C,15000,14.65,0,0.25,N,2,2024-02-26
26,77368,RENT,1.0,VENTURE,B,15000,10.0,0,0.19,N,3,2024-05-30
26,74000,MORTGAGE,10.0,EDUCATION,B,4475,9.99,0,0.06,N,2,2024-09-28
23,72000,RENT,5.0,DEBTCONSOLIDATION,D,3000,16.89,1,0.04,Y,4,2024-09-26
24,54400,RENT,4.0,MEDICAL,B,2500,11.14,1,0.04,N,2,2024-07-16
25,19200,RENT,3.0,MEDICAL,B,5000,10.99,1,0.26,N,2,2024-01-23
23,26400,RENT,7.0,EDUCATION,A,3800,7.9,0,0.14,N,2,2024-06-16
26,35000,MORTGAGE,10.0,MEDICAL,A,6000,7.51,0,0.17,N,3,2024-06-19
22,55000,MORTGAGE,7.0,MEDICAL,B,13500,9.67,0,0.25,N,4,2024-08-31
23,51000,MORTGAGE,6.0,DEBTCONSOLIDATION,D,17500,14.09,1,0.34,Y,2,2024-03-03
26,59000,RENT,2.0,PERSONAL,E,18000,16.0,1,0.31,Y,2,2024-10-26
25,154000,MORTGAGE,4.0,PERSONAL,A,12225,7.49,0,0.08,N,4,2024-04-30
23,24000,RENT,1.0,VENTURE,B,14075,11.013786929274843,1,0.59,N,4,2024-05-30
24,200000,RENT,8.0,VENTURE,B,12000,12.69,0,0.06,N,2,2024-08-03
24,25344,MORTGAGE,5.0,MEDICAL,D,4000,16.49,1,0.16,Y,3,2024-08-12
25,175000,RENT,4.0,HOMEIMPROVEMENT,D,10000,15.05,0,0.06,N,3,2024-08-03
23,140000,RENT,7.0,VENTURE,A,9000,7.14,0,0.06,N,2,2024-02-23
23,58650,MORTGAGE,7.0,MEDICAL,A,5000,8.59,1,0.07,N,4,2024-08-10
23,60000,RENT,8.0,VENTURE,B,3600,9.99,0,0.06,N,3,2024-08-06
23,61498,MORTGAGE,5.0,MEDICAL,B,5000,11.36,0,0.08,N,3,2024-02-03
24,133000,RENT,5.0,HOMEIMPROVEMENT,B,17400,11.71,0,0.13,N,3,2024-07-21
23,52000,RENT,5.0,EDUCATION,C,8000,13.22,0,0.15,Y,4,2024-01-15
23,90000,MORTGAGE,1.0,EDUCATION,B,12000,12.18,0,0.13,N,4,2024-01-21
23,48500,RENT,5.0,MEDICAL,A,3850,8.49,0,0.08,N,2,2024-02-29
26,80000,MORTGAGE,10.0,HOMEIMPROVEMENT,D,15000,16.07,0,0.19,Y,2,2024-12-14
26,60000,MORTGAGE,7.0,DEBTCONSOLIDATION,A,16000,7.9,0,0.27,N,3,2024-03-27
22,23000,RENT,6.0,MEDICAL,C,4850,14.27,0,0.21,Y,3,2024-06-03
23,36000,RENT,3.0,EDUCATION,B,7000,9.99,0,0.19,N,3,2024-08-03
23,90000,RENT,4.0,DEBTCONSOLIDATION,C,13000,12.73,0,0.14,N,2,2024-06-21
22,24605,OWN,3.0,EDUCATION,C,10000,11.013786929274843,0,0.41,N,4,2024-01-29
24,75000,RENT,2.0,VENTURE,B,2000,9.99,0,0.03,N,4,2024-12-29
26,140000,MORTGAGE,10.0,VENTURE,B,24250,12.53,0,0.17,N,4,2024-09-07
23,28000,OWN,1.0,EDUCATION,C,7500,11.013786929274843,0,0.27,N,4,2024-03-15
23,24000,RENT,2.0,MEDICAL,B,2800,11.49,1,0.12,N,3,2024-08-09
25,83004,MORTGAGE,9.0,DEBTCONSOLIDATION,A,5000,6.76,0,0.06,N,3,2024-10-11
22,48000,MORTGAGE,7.0,EDUCATION,B,6500,10.62,0,0.14,N,2,2024-05-24
25,19000,OWN,3.0,VENTURE,A,4000,7.4,1,0.21,N,4,2024-08-04
24,127000,MORTGAGE,3.0,HOMEIMPROVEMENT,D,12000,15.05,0,0.09,Y,3,2024-10-13
25,34800,RENT,9.0,MEDICAL,D,5600,16.77,1,0.16,N,4,2024-04-06
24,28800,RENT,5.0,PERSONAL,A,8000,11.013786929274843,0,0.28,N,3,2024-05-12
25,100000,MORTGAGE,9.0,EDUCATION,A,12000,8.94,0,0.12,N,4,2024-06-25
25,50004,RENT,3.0,PERSONAL,D,12000,15.31,0,0.24,Y,3,2024-11-13
23,116000,RENT,7.0,EDUCATION,A,11000,8.94,0,0.09,N,2,2024-07-14
26,48000,RENT,5.0,DEBTCONSOLIDATION,F,25000,18.43,1,0.52,N,3,2024-12-20
23,80000,MORTGAGE,7.0,MEDICAL,A,10000,7.74,0,0.13,N,2,2024-12-11
22,27000,RENT,3.0,DEBTCONSOLIDATION,A,2800,7.51,1,0.1,N,3,2024-11-01
26,22406,RENT,5.0,HOMEIMPROVEMENT,A,2500,6.76,1,0.11,N,2,2024-10-31
23,57700,MORTGAGE,7.0,PERSONAL,B,3500,10.65,0,0.06,N,2,2024-08-30
23,30000,MORTGAGE,4.0,MEDICAL,D,4000,16.32,1,0.13,N,2,2024-05-15
22,24449,OWN,2.0,VENTURE,B,1800,11.89,0,0.07,N,4,2024-08-10
22,69528,RENT,6.0,VENTURE,C,6000,12.99,0,0.09,N,3,2024-11-08
22,36000,RENT,1.0,VENTURE,A,6000,7.51,0,0.17,N,4,2024-02-02
25,48000,RENT,1.0,EDUCATION,A,3000,9.32,1,0.06,N,4,2024-12-27
25,60000,MORTGAGE,2.0,EDUCATION,B,10000,12.21,0,0.17,N,3,2024-08-31
25,64000,RENT,7.0,EDUCATION,D,8000,15.28,1,0.13,N,4,2024-11-25
25,34000,MORTGAGE,9.0,MEDICAL,A,2000,7.66,1,0.06,N,4,2024-12-02
22,24000,OWN,1.0,EDUCATION,C,6000,12.68,0,0.25,N,4,2024-11-06
22,32000,RENT,7.0,MEDICAL,C,14000,12.23,1,0.44,N,3,2024-08-20
23,45000,RENT,4.0,EDUCATION,C,4800,13.98,0,0.11,N,3,2024-04-15
24,95000,RENT,8.0,EDUCATION,A,6500,8.49,0,0.07,N,4,2024-12-26
22,50000,RENT,1.0,VENTURE,A,7500,8.32,0,0.15,N,2,2024-11-04
22,42996,RENT,3.0,PERSONAL,C,4800,11.03,0,0.11,Y,4,2024-09-05
23,19250,RENT,1.0,HOMEIMPROVEMENT,E,6250,16.82,1,0.32,N,2,2024-08-09
26,53000,MORTGAGE,9.0,VENTURE,A,8000,7.88,0,0.15,N,3,2024-06-20
25,68000,RENT,1.0,EDUCATION,C,10000,14.26,0,0.15,Y,2,2024-04-09
23,70560,RENT,1.0,VENTURE,A,9600,7.9,0,0.14,N,4,2024-07-10
24,37200,RENT,8.0,DEBTCONSOLIDATION,A,7200,7.9,0,0.19,N,4,2024-08-03
25,39000,RENT,6.0,EDUCATION,D,16000,15.65,1,0.41,N,2,2024-07-10
23,49000,MORTGAGE,7.0,DEBTCONSOLIDATION,A,2400,7.66,0,0.05,N,3,2024-02-28
23,90000,MORTGAGE,5.0,DEBTCONSOLIDATION,B,6000,11.89,0,0.07,N,4,2024-08-27
24,102000,MORTGAGE,6.0,VENTURE,B,9800,10.36,0,0.1,N,4,2024-07-07
22,26400,MORTGAGE,2.0,VENTURE,B,4400,11.49,0,0.17,N,3,2024-05-31
24,70000,RENT,2.0,EDUCATION,B,13000,10.0,0,0.19,N,2,2024-05-13
26,53826,MORTGAGE,10.0,HOMEIMPROVEMENT,C,8500,14.79,1,0.16,N,2,2024-11-23
23,120000,MORTGAGE,5.0,VENTURE,B,6000,9.99,0,0.05,N,3,2024-04-14
22,49000,MORTGAGE,6.0,VENTURE,A,2400,5.79,0,0.05,N,3,2024-03-20
25,19200,RENT,5.0,HOMEIMPROVEMENT,B,4000,11.013786929274843,1,0.21,N,3,2024-02-05
24,96000,RENT,6.0,VENTURE,B,7000,9.91,0,0.07,N,3,2024-05-08
25,31000,RENT,2.0,DEBTCONSOLIDATION,A,1800,8.32,0,0.06,N,2,2024-04-05
24,100000,RENT,6.0,VENTURE,A,11000,5.42,0,0.11,N,2,2024-07-03
23,40000,RENT,1.0,VENTURE,B,15000,11.71,1,0.38,N,3,2024-01-31
23,70000,MORTGAGE,5.0,PERSONAL,B,20000,12.21,0,0.29,N,2,2024-10-03
23,100000,MORTGAGE,7.0,PERSONAL,B,10000,10.59,0,0.1,N,4,2024-12-04
26,45000,RENT,3.0,MEDICAL,A,6000,7.49,0,0.13,N,3,2024-07-24
24,85000,MORTGAGE,2.0,EDUCATION,C,7500,13.99,0,0.09,Y,4,2024-07-09
26,45000,MORTGAGE,9.0,PERSONAL,D,10000,16.89,0,0.22,N,3,2024-09-21
22,36000,RENT,1.0,EDUCATION,C,5000,12.68,1,0.14,N,4,2024-02-21
25,109000,MORTGAGE,5.0,PERSONAL,B,15000,10.25,0,0.14,N,2,2024-10-25
22,36000,RENT,6.0,EDUCATION,B,4000,11.013786929274843,0,0.11,N,2,2024-05-22
26,31836,RENT,1.0,EDUCATION,C,6400,14.35,0,0.2,N,4,2024-06-28
22,54000,RENT,2.0,MEDICAL,D,7000,14.96,1,0.13,Y,2,2024-09-21
24,66300,RENT,4.0,MEDICAL,D,30000,11.013786929274843,1,0.38,N,3,2024-09-23
25,49963,MORTGAGE,9.0,MEDICAL,B,2100,11.49,1,0.04,N,3,2024-02-06
22,60350,RENT,1.0,MEDICAL,D,25000,15.95,1,0.35,N,4,2024-02-18
22,60000,MORTGAGE,6.0,EDUCATION,A,11200,5.79,0,0.19,N,4,2024-06-05
24,95000,MORTGAGE,7.0,DEBTCONSOLIDATION,B,15000,12.69,0,0.16,N,3,2024-03-28
22,60000,MORTGAGE,6.0,MEDICAL,A,6125,6.17,0,0.1,N,2,2024-11-07
24,75000,RENT,4.0,VENTURE,A,10000,6.62,0,0.13,N,2,2024-06-26
22,75000,MORTGAGE,4.0,VENTURE,A,9000,6.99,0,0.12,N,3,2024-05-30
24,54000,RENT,6.0,DEBTCONSOLIDATION,A,5500,8.07,0,0.1,N,3,2024-06-12
25,102000,MORTGAGE,4.0,MEDICAL,B,25000,10.99,1,0.21,N,2,2024-06-01
22,61000,MORTGAGE,6.0,MEDICAL,C,12000,13.49,0,0.2,N,4,2024-05-24
25,105000,MORTGAGE,6.0,VENTURE,D,6500,13.87,0,0.06,Y,3,2024-02-09
22,72000,OWN,1.0,VENTURE,B,15000,10.25,0,0.21,N,4,2024-08-01
24,30000,RENT,8.0,MEDICAL,B,8000,9.25,0,0.27,N,2,2024-07-28
24,29000,RENT,4.0,MEDICAL,D,14400,15.7,1,0.5,N,4,2024-01-16
25,75600,MORTGAGE,2.0,DEBTCONSOLIDATION,A,14500,9.63,0,0.19,N,3,2024-03-12
26,108000,RENT,2.0,PERSONAL,D,25000,15.05,1,0.23,N,2,2024-10-11
25,49600,RENT,9.0,MEDICAL,A,12000,7.14,0,0.24,N,3,2024-04-22
26,52000,MORTGAGE,6.0,PERSONAL,B,3300,10.99,0,0.06,N,2,2024-10-10
23,43949,RENT,7.0,MEDICAL,B,3000,11.49,0,0.07,N,2,2024-02-05
26,40000,RENT,2.0,MEDICAL,A,12000,7.51,0,0.3,N,2,2024-09-20
24,60000,RENT,4.0,EDUCATION,A,12000,8.9,0,0.2,N,3,2024-10-14
23,38004,RENT,2.0,EDUCATION,A,4500,7.88,0,0.12,N,3,2024-11-18
23,70000,RENT,1.0,MEDICAL,B,17000,8.88,0,0.24,N,4,2024-01-26
22,48000,MORTGAGE,6.0,MEDICAL,A,5000,7.88,0,0.1,N,2,2024-05-20
23,24000,RENT,1.0,VENTURE,B,5500,10.99,0,0.23,N,4,2024-04-20
23,60000,MORTGAGE,8.0,DEBTCONSOLIDATION,B,10000,11.013786929274843,0,0.17,N,3,2024-10-19
22,34500,RENT,2.0,DEBTCONSOLIDATION,D,5000,16.89,1,0.14,Y,2,2024-11-20
24,80400,MORTGAGE,5.0,PERSONAL,A,12000,5.79,0,0.15,N,2,2024-02-07
23,50000,MORTGAGE,7.0,DEBTCONSOLIDATION,F,13750,18.43,1,0.28,N,3,2024-07-13
22,35000,RENT,1.0,EDUCATION,C,2400,11.013786929274843,0,0.07,Y,4,2024-06-13
22,160000,RENT,6.0,PERSONAL,A,20000,7.49,0,0.13,N,3,2024-09-26
22,46000,RENT,3.0,PERSONAL,B,12000,11.71,0,0.26,N,4,2024-09-22
25,40000,RENT,9.0,EDUCATION,D,5600,14.61,0,0.14,N,2,2024-08-27
22,43000,RENT,5.0,VENTURE,B,2400,10.99,0,0.06,N,3,2024-04-24
25,30000,RENT,9.0,VENTURE,D,9000,17.58,0,0.3,N,2,2024-08-04
22,52000,RENT,1.0,MEDICAL,A,5000,6.99,0,0.1,N,2,2024-07-09
22,100000,MORTGAGE,6.0,EDUCATION,B,3000,11.49,0,0.03,N,4,2024-09-26
25,90000,MORTGAGE,9.0,VENTURE,A,20000,6.54,0,0.22,N,3,2024-11-02
24,46500,RENT,2.0,VENTURE,C,8000,15.23,1,0.17,N,2,2024-08-09
25,145000,MORTGAGE,3.0,DEBTCONSOLIDATION,B,25000,11.36,0,0.17,N,3,2024-10-26
25,60000,RENT,3.0,PERSONAL,A,17000,6.91,0,0.28,N,2,2024-02-12
24,120000,MORTGAGE,1.0,EDUCATION,D,25000,13.99,0,0.21,N,4,2024-10-21
24,47000,RENT,8.0,VENTURE,A,7000,6.62,0,0.15,N,4,2024-02-06
22,37200,RENT,6.0,MEDICAL,B,10000,11.013786929274843,1,0.27,N,3,2024-10-16
23,47000,MORTGAGE,7.0,EDUCATION,C,13850,12.68,0,0.29,Y,2,2024-08-14
24,72000,RENT,8.0,MEDICAL,A,14000,7.9,0,0.19,N,2,2024-02-24
23,45000,MORTGAGE,4.0,VENTURE,C,8650,14.27,0,0.19,N,3,2024-05-03
25,61200,MORTGAGE,1.0,PERSONAL,A,5650,7.66,0,0.09,N,2,2024-03-13
25,34000,MORTGAGE,1.0,DEBTCONSOLIDATION,B,10000,11.26,0,0.29,N,3,2024-05-23
23,22800,RENT,5.0,DEBTCONSOLIDATION,A,1775,6.99,0,0.08,N,2,2024-03-24
24,44000,MORTGAGE,2.0,DEBTCONSOLIDATION,D,25000,15.58,1,0.57,Y,3,2024-02-12
26,75000,MORTGAGE,4.0,EDUCATION,A,12000,6.92,0,0.16,N,4,2024-03-20
23,33195,RENT,5.0,MEDICAL,B,1800,11.99,0,0.05,N,3,2024-07-04
25,24996,RENT,3.0,DEBTCONSOLIDATION,C,7500,12.98,0,0.3,N,2,2024-07-14
23,74800,RENT,1.0,MEDICAL,E,20000,17.04,1,0.23,Y,3,2024-06-29
23,168600,RENT,3.0,MEDICAL,B,20000,11.58,0,0.12,N,4,2024-02-01
24,43000,MORTGAGE,8.0,DEBTCONSOLIDATION,D,10000,16.89,1,0.23,N,4,2024-02-16
25,28128,RENT,2.0,VENTURE,D,7500,15.33,1,0.27,N,3,2024-12-18
22,105500,RENT,6.0,EDUCATION,B,6000,11.99,0,0.06,N,4,2024-12-04
25,306000,RENT,2.0,PERSONAL,C,24250,13.85,0,0.08,N,4,2024-06-16
23,49000,MORTGAGE,7.0,DEBTCONSOLIDATION,D,5000,15.21,1,0.1,Y,3,2024-12-29
23,91000,MORTGAGE,3.0,EDUCATION,B,12000,11.013786929274843,0,0.13,N,4,2024-06-22
26,53000,RENT,4.0,VENTURE,B,6800,9.91,0,0.13,N,3,2024-04-13
25,49200,MORTGAGE,2.0,EDUCATION,B,6000,10.0,0,0.12,N,4,2024-03-12
23,38000,MORTGAGE,5.0,MEDICAL,A,5400,7.9,0,0.14,N,4,2024-10-29
22,54000,RENT,5.0,HOMEIMPROVEMENT,D,3200,16.49,1,0.06,N,2,2024-10-02
23,75000,RENT,1.0,MEDICAL,A,6000,6.03,0,0.08,N,3,2024-01-19
26,120000,RENT,10.0,DEBTCONSOLIDATION,B,6000,9.88,0,0.05,N,4,2024-04-10
23,106000,MORTGAGE,7.0,EDUCATION,A,10000,7.14,0,0.09,N,3,2024-07-15
24,33321,OWN,4.0,VENTURE,C,12250,13.11,0,0.37,Y,4,2024-01-12
24,50400,RENT,8.0,DEBTCONSOLIDATION,A,1500,11.013786929274843,0,0.03,N,2,2024-01-20
23,74000,RENT,3.0,MEDICAL,B,25000,10.36,1,0.34,N,2,2024-12-08
25,54000,MORTGAGE,5.0,HOMEIMPROVEMENT,B,5100,9.62,0,0.09,N,4,2024-06-14
25,59000,OWN,6.0,MEDICAL,A,5000,6.17,0,0.08,N,2,2024-10-14
24,40000,OWN,7.0,VENTURE,C,2000,12.53,0,0.05,N,4,2024-12-16
23,75000,MORTGAGE,7.0,VENTURE,A,10200,6.03,0,0.14,N,3,2024-07-20
25,40000,RENT,1.0,VENTURE,B,6500,11.89,0,0.16,N,3,2024-08-24
26,53000,OWN,2.0,VENTURE,B,2500,9.91,0,0.05,N,2,2024-11-10
22,24000,OWN,4.0,PERSONAL,C,4750,11.013786929274843,0,0.2,Y,3,2024-07-26
22,24000,RENT,3.0,PERSONAL,C,1000,12.84,0,0.04,Y,3,2024-09-13
23,80796,MORTGAGE,7.0,DEBTCONSOLIDATION,A,5000,11.013786929274843,0,0.06,N,2,2024-01-30
23,30000,RENT,3.0,EDUCATION,B,6000,11.71,0,0.2,N,3,2024-12-07
25,49000,RENT,1.0,PERSONAL,D,12000,13.49,1,0.24,N,4,2024-06-01
22,46000,RENT,3.0,DEBTCONSOLIDATION,B,11000,10.59,0,0.24,N,2,2024-11-15
25,46000,RENT,9.0,PERSONAL,A,7000,8.49,0,0.15,N,2,2024-11-22
26,32500,MORTGAGE,8.0,DEBTCONSOLIDATION,C,3000,13.22,0,0.09,Y,3,2024-08-09
24,73440,MORTGAGE,7.0,HOMEIMPROVEMENT,A,7000,6.99,0,0.1,N,4,2024-05-13
26,120000,MORTGAGE,5.0,VENTURE,B,13000,10.99,0,0.11,N,2,2024-12-17
25,66420,MORTGAGE,1.0,EDUCATION,B,4000,12.18,0,0.06,N,2,2024-01-30
22,75000,RENT,2.0,DEBTCONSOLIDATION,B,21000,10.0,0,0.28,N,4,2024-04-06
24,35000,RENT,1.0,MEDICAL,B,10000,11.013786929274843,0,0.29,N,2,2024-04-04
22,50000,MORTGAGE,6.0,VENTURE,C,10000,11.013786929274843,0,0.2,Y,3,2024-12-12
24,57000,MORTGAGE,5.0,HOMEIMPROVEMENT,A,8000,5.42,0,0.14,N,4,2024-09-20
24,52000,MORTGAGE,8.0,VENTURE,B,15000,10.0,0,0.29,N,4,2024-10-16
26,89000,MORTGAGE,10.0,HOMEIMPROVEMENT,B,8000,10.99,0,0.09,N,3,2024-12-09
22,48000,RENT,6.0,DEBTCONSOLIDATION,A,16500,8.9,1,0.34,N,3,2024-02-26
22,77000,MORTGAGE,5.0,EDUCATION,B,21000,11.48,0,0.27,N,3,2024-11-06
25,70000,RENT,8.0,VENTURE,D,15000,14.42,0,0.21,Y,2,2024-11-01
23,55000,MORTGAGE,4.0,VENTURE,A,8000,7.49,0,0.15,N,2,2024-02-19
23,35976,RENT,3.0,VENTURE,B,15000,10.25,1,0.42,N,3,2024-04-05
24,62900,RENT,1.0,MEDICAL,D,16800,15.65,1,0.23,N,4,2024-01-04
24,72000,MORTGAGE,8.0,PERSONAL,A,5000,6.03,0,0.07,N,4,2024-05-30
24,47000,MORTGAGE,3.0,MEDICAL,B,12000,12.21,0,0.26,N,3,2024-11-22
24,50000,MORTGAGE,8.0,DEBTCONSOLIDATION,C,3000,13.47,0,0.06,N,3,2024-09-03
25,27096,RENT,7.0,EDUCATION,A,5000,7.9,1,0.18,N,3,2024-01-10
23,72000,RENT,4.0,DEBTCONSOLIDATION,C,10000,13.85,0,0.14,N,3,2024-05-07
22,57564,MORTGAGE,6.0,DEBTCONSOLIDATION,B,21000,11.48,0,0.36,N,3,2024-03-09
23,54000,RENT,1.0,VENTURE,B,20000,11.83,1,0.37,N,2,2024-02-14
25,38400,RENT,5.0,MEDICAL,B,2200,12.69,0,0.06,N,3,2024-10-06
25,72000,MORTGAGE,7.0,MEDICAL,B,25000,11.89,0,0.35,N,2,2024-05-07
22,67807,MORTGAGE,6.0,EDUCATION,A,6400,7.14,0,0.09,N,3,2024-11-27
24,115154,RENT,8.0,DEBTCONSOLIDATION,C,3000,14.27,0,0.03,Y,2,2024-11-16
23,59000,RENT,8.0,VENTURE,B,17000,10.25,0,0.29,N,4,2024-12-02
23,60000,RENT,7.0,DEBTCONSOLIDATION,B,25000,10.25,1,0.42,N,2,2024-09-14
22,48000,RENT,3.0,MEDICAL,A,13000,7.88,1,0.27,N,2,2024-12-12
22,39996,RENT,3.0,VENTURE,A,11000,5.79,0,0.28,N,2,2024-02-19
24,7800,RENT,1.0,EDUCATION,B,1000,11.36,0,0.13,N,4,2024-06-11
22,54996,RENT,6.0,EDUCATION,C,2500,14.35,0,0.05,Y,4,2024-12-06
26,53000,MORTGAGE,1.0,EDUCATION,A,8000,11.013786929274843,0,0.15,N,3,2024-10-08
23,40000,MORTGAGE,7.0,DEBTCONSOLIDATION,C,6000,14.79,0,0.15,Y,3,2024-03-27
22,54000,MORTGAGE,5.0,MEDICAL,B,7000,10.65,0,0.13,N,2,2024-10-27
24,80000,RENT,3.0,VENTURE,C,20000,13.06,0,0.25,Y,3,2024-09-09
26,60000,MORTGAGE,8.0,HOMEIMPROVEMENT,B,12000,10.65,0,0.2,N,2,2024-05-30
24,121000,RENT,8.0,PERSONAL,A,20000,8.9,0,0.17,N,4,2024-10-25
24,50004,OWN,2.0,VENTURE,B,10000,11.12,0,0.2,N,2,2024-09-04
23,35000,MORTGAGE,7.0,MEDICAL,C,5000,12.98,1,0.14,N,2,2024-12-20
26,55000,MORTGAGE,4.0,PERSONAL,A,10000,7.51,1,0.18,N,2,2024-12-30
26,83004,RENT,7.0,VENTURE,A,5450,7.9,0,0.07,N,3,2024-09-17
25,51000,MORTGAGE,6.0,EDUCATION,E,16750,16.4,0,0.33,N,3,2024-01-25
22,84600,MORTGAGE,4.0,VENTURE,A,6000,11.013786929274843,0,0.07,N,4,2024-03-13
26,88900,OWN,2.0,PERSONAL,B,5000,11.83,0,0.06,N,4,2024-12-16
25,109000,MORTGAGE,9.0,DEBTCONSOLIDATION,A,14000,9.63,0,0.13,N,2,2024-12-24
23,96000,RENT,7.0,EDUCATION,A,7300,8.49,0,0.08,N,4,2024-05-13
26,60000,MORTGAGE,3.0,PERSONAL,C,30000,14.27,0,0.5,Y,3,2024-04-01
22,35000,RENT,1.0,DEBTCONSOLIDATION,B,8000,9.2,0,0.23,N,4,2024-04-02
25,72000,RENT,2.0,MEDICAL,B,10000,10.37,0,0.14,N,4,2024-07-11
24,65000,RENT,1.0,MEDICAL,B,6400,9.99,0,0.1,N,3,2024-09-14
26,51600,RENT,10.0,EDUCATION,B,14000,10.37,1,0.27,N,2,2024-11-27
26,63000,MORTGAGE,10.0,HOMEIMPROVEMENT,A,3500,7.68,0,0.06,N,4,2024-08-10
22,72000,MORTGAGE,3.0,EDUCATION,B,5000,11.013786929274843,0,0.07,N,3,2024-05-04
25,86004,RENT,1.0,PERSONAL,C,15000,12.53,0,0.17,N,4,2024-12-09
25,42000,RENT,4.0,VENTURE,A,1925,6.17,0,0.05,N,2,2024-06-04
23,58000,MORTGAGE,8.0,VENTURE,C,8000,13.61,0,0.14,Y,4,2024-11-20
25,82000,RENT,2.0,PERSONAL,A,9200,6.03,0,0.11,N,3,2024-06-08
26,117000,MORTGAGE,4.0,VENTURE,A,14400,11.013786929274843,0,0.12,N,4,2024-11-21
26,92040,MORTGAGE,6.0,VENTURE,A,10000,11.013786929274843,0,0.11,N,3,2024-10-01
24,28800,RENT,2.0,MEDICAL,B,8875,11.013786929274843,1,0.31,N,4,2024-11-30
25,54000,RENT,3.0,DEBTCONSOLIDATION,D,7000,15.62,1,0.13,N,3,2024-05-28
25,30000,OWN,4.0,EDUCATION,D,10000,14.61,0,0.33,N,3,2024-07-24
22,28880,MORTGAGE,4.0,MEDICAL,A,2000,8.59,0,0.07,N,4,2024-03-02
23,34000,RENT,1.0,PERSONAL,C,9500,11.013786929274843,1,0.28,Y,4,2024-08-16
22,34560,RENT,2.0,HOMEIMPROVEMENT,E,1200,19.29,1,0.03,N,2,2024-02-09
25,74004,RENT,2.0,VENTURE,E,20000,15.95,1,0.27,N,3,2024-04-07
25,57500,MORTGAGE,5.0,HOMEIMPROVEMENT,C,12275,11.013786929274843,0,0.21,N,3,2024-03-03
25,120000,MORTGAGE,6.0,EDUCATION,B,10000,11.013786929274843,0,0.08,N,2,2024-09-15
25,36000,RENT,6.0,PERSONAL,B,15000,11.013786929274843,1,0.42,N,3,2024-01-14
24,74400,RENT,1.0,MEDICAL,A,3500,7.29,0,0.05,N,3,2024-04-10
24,95000,RENT,5.0,VENTURE,B,14000,11.013786929274843,0,0.15,N,4,2024-05-12
23,70000,RENT,1.0,VENTURE,A,3500,5.42,0,0.05,N,2,2024-05-16
23,36000,RENT,4.0,MEDICAL,D,6500,17.49,1,0.18,Y,4,2024-06-03
22,30000,RENT,2.0,VENTURE,B,3600,10.99,0,0.12,N,4,2024-10-05
22,18000,OWN,1.0,EDUCATION,D,5400,15.31,1,0.3,Y,4,2024-07-19
25,52000,RENT,9.0,VENTURE,C,16000,13.98,1,0.31,N,4,2024-08-13
25,48000,MORTGAGE,3.0,DEBTCONSOLIDATION,C,1400,14.79,0,0.03,N,3,2024-04-18
25,89000,MORTGAGE,9.0,MEDICAL,A,14000,7.49,0,0.16,N,2,2024-12-30
24,150000,RENT,8.0,PERSONAL,B,5000,11.013786929274843,0,0.03,N,2,2024-06-05
24,101000,OWN,5.0,VENTURE,B,24250,12.53,0,0.24,N,3,2024-06-29
22,63000,RENT,2.0,VENTURE,A,5000,7.74,0,0.08,N,4,2024-04-16
25,80004,RENT,5.0,HOMEIMPROVEMENT,B,10000,9.62,0,0.12,N,4,2024-05-24
23,46000,RENT,2.0,PERSONAL,F,12800,19.41,1,0.28,Y,2,2024-04-06
23,42996,RENT,2.0,MEDICAL,C,6000,12.84,0,0.14,Y,3,2024-04-27
24,50000,MORTGAGE,2.0,EDUCATION,A,12500,9.32,0,0.25,N,3,2024-04-21
22,91234,MORTGAGE,6.0,MEDICAL,B,12000,11.83,0,0.13,N,2,2024-02-19
22,69600,RENT,6.0,DEBTCONSOLIDATION,C,1350,12.68,0,0.02,Y,3,2024-06-26
22,20000,RENT,2.0,PERSONAL,B,4000,9.45,0,0.2,N,3,2024-09-13
26,14400,RENT,1.0,DEBTCONSOLIDATION,D,2000,17.49,1,0.14,Y,3,2024-05-22
22,82000,MORTGAGE,6.0,EDUCATION,B,10750,9.25,0,0.13,N,3,2024-06-15
24,93000,RENT,2.0,HOMEIMPROVEMENT,B,2100,9.91,1,0.02,N,2,2024-05-30
23,75000,RENT,3.0,PERSONAL,B,10000,11.86,0,0.13,N,2,2024-02-16
25,56000,RENT,1.0,PERSONAL,B,6000,10.74,0,0.11,N,2,2024-06-08
24,52800,RENT,1.0,DEBTCONSOLIDATION,C,8000,12.87,0,0.15,N,4,2024-10-27
24,44000,MORTGAGE,5.0,DEBTCONSOLIDATION,D,22800,17.27,1,0.52,N,3,2024-09-13
25,57500,RENT,4.0,EDUCATION,C,6000,11.28,1,0.1,N,3,2024-03-16
22,71500,RENT,2.0,EDUCATION,C,6400,13.11,0,0.09,N,4,2024-05-19
22,50000,RENT,1.0,EDUCATION,A,11000,11.013786929274843,0,0.22,N,3,2024-05-07
23,100000,MORTGAGE,4.0,EDUCATION,C,10000,12.87,0,0.1,N,4,2024-12-19
23,58000,MORTGAGE,7.0,MEDICAL,C,7200,11.97,1,0.12,N,2,2024-02-23
26,54000,RENT,2.0,PERSONAL,C,6600,11.97,0,0.12,N,3,2024-07-20
23,67000,RENT,3.0,EDUCATION,A,25000,7.9,1,0.37,N,3,2024-06-11
24,40000,MORTGAGE,8.0,MEDICAL,A,4000,7.14,0,0.1,N,2,2024-04-05
24,24000,RENT,2.0,EDUCATION,D,3500,15.65,1,0.15,Y,4,2024-02-27
22,40680,RENT,2.0,EDUCATION,B,6000,11.36,1,0.15,N,4,2024-04-18
25,122000,MORTGAGE,8.0,DEBTCONSOLIDATION,C,10000,13.57,0,0.08,Y,4,2024-03-20
22,59000,OTHER,3.0,HOMEIMPROVEMENT,D,12000,11.013786929274843,1,0.2,Y,4,2024-02-27
26,126000,MORTGAGE,4.0,DEBTCONSOLIDATION,C,7500,13.92,0,0.06,N,2,2024-11-16
25,65000,OWN,9.0,HOMEIMPROVEMENT,C,7000,11.66,0,0.11,Y,3,2024-08-13
25,77700,RENT,2.0,EDUCATION,B,14000,10.99,0,0.18,N,2,2024-03-05
25,75600,MORTGAGE,7.0,MEDICAL,C,15000,12.68,0,0.2,Y,3,2024-12-10
22,183000,MORTGAGE,3.0,EDUCATION,A,1000,11.013786929274843,0,0.01,N,2,2024-09-13
22,35000,MORTGAGE,6.0,DEBTCONSOLIDATION,A,8000,5.79,0,0.23,N,3,2024-07-07
25,57000,RENT,5.0,MEDICAL,D,9600,14.46,1,0.17,N,3,2024-07-03
23,120000,RENT,7.0,DEBTCONSOLIDATION,B,25000,9.99,0,0.21,N,2,2024-01-12
22,54252,MORTGAGE,6.0,PERSONAL,A,3500,6.39,0,0.06,N,4,2024-09-12
23,105000,RENT,7.0,MEDICAL,B,7200,11.71,0,0.07,N,2,2024-05-15
24,85000,MORTGAGE,1.0,PERSONAL,A,4400,7.4,0,0.05,N,3,2024-09-11
22,27000,RENT,5.0,DEBTCONSOLIDATION,B,2925,10.71,0,0.11,N,3,2024-04-22
22,30000,OWN,5.0,VENTURE,B,3000,10.36,0,0.1,N,2,2024-06-09
25,47052,RENT,5.0,EDUCATION,B,21250,10.99,1,0.45,N,2,2024-04-20
24,47928,RENT,1.0,MEDICAL,B,6000,12.53,0,0.13,N,3,2024-09-06
25,105000,MORTGAGE,9.0,HOMEIMPROVEMENT,C,4800,15.23,0,0.05,Y,2,2024-03-31
23,38400,RENT,7.0,DEBTCONSOLIDATION,C,3600,13.61,0,0.09,Y,3,2024-11-22
26,46800,MORTGAGE,3.0,DEBTCONSOLIDATION,B,12725,12.42,0,0.27,N,3,2024-07-03
22,60000,MORTGAGE,7.0,EDUCATION,B,12000,10.0,0,0.2,N,3,2024-07-17
25,38000,RENT,1.0,EDUCATION,A,10000,7.49,0,0.26,N,2,2024-09-05
24,59600,RENT,8.0,PERSONAL,A,10000,5.99,0,0.17,N,4,2024-02-04
22,18996,RENT,3.0,PERSONAL,D,3200,15.28,1,0.17,N,2,2024-03-22
22,50000,OWN,1.0,EDUCATION,A,3600,11.013786929274843,0,0.07,N,3,2024-06-12
26,32450,MORTGAGE,5.0,HOMEIMPROVEMENT,A,3250,6.99,0,0.1,N,2,2024-04-11
23,38000,RENT,7.0,PERSONAL,B,12000,11.71,1,0.32,N,4,2024-09-01
22,48000,RENT,7.0,VENTURE,E,7500,17.04,0,0.16,Y,2,2024-02-16
26,12000,OWN,2.0,HOMEIMPROVEMENT,A,6100,7.51,1,0.51,N,4,2024-04-27
25,117014,MORTGAGE,5.0,EDUCATION,A,8400,7.29,0,0.07,N,3,2024-08-25
23,85000,RENT,2.0,EDUCATION,B,5000,11.58,0,0.06,N,3,2024-07-07
22,31200,RENT,6.0,EDUCATION,B,12000,10.39,1,0.38,N,2,2024-07-15
22,69000,MORTGAGE,6.0,DEBTCONSOLIDATION,D,10000,15.62,1,0.14,N,3,2024-07-16
23,40000,RENT,6.0,EDUCATION,B,15000,11.71,1,0.38,N,3,2024-11-18
26,54000,RENT,6.0,VENTURE,A,10000,7.9,0,0.19,N,3,2024-04-01
23,43000,RENT,1.0,DEBTCONSOLIDATION,A,3000,8.49,0,0.07,N,3,2024-10-29
24,35000,OWN,1.0,MEDICAL,D,7000,16.29,0,0.2,N,4,2024-07-27
23,115000,RENT,2.0,EDUCATION,A,35000,7.9,0,0.3,N,4,2024-08-05
23,55000,RENT,5.0,VENTURE,B,20000,12.53,1,0.36,N,3,2024-01-03
23,24000,RENT,4.0,EDUCATION,C,12250,13.16,1,0.51,N,3,2024-10-30
26,84191,MORTGAGE,5.0,PERSONAL,A,9000,6.62,0,0.11,N,3,2024-03-29
23,54586,RENT,5.0,EDUCATION,B,19000,11.14,1,0.35,N,4,2024-10-12
23,20400,RENT,5.0,EDUCATION,D,5500,11.013786929274843,0,0.27,N,2,2024-11-06
24,138000,RENT,4.0,PERSONAL,C,5000,13.23,1,0.04,Y,4,2024-04-22
23,39000,RENT,1.0,PERSONAL,B,12000,10.99,1,0.31,N,2,2024-07-08
25,69000,MORTGAGE,9.0,VENTURE,A,25000,6.99,0,0.36,N,4,2024-06-12
25,30000,MORTGAGE,3.0,HOMEIMPROVEMENT,A,12000,5.99,1,0.4,N,4,2024-04-20
22,70000,MORTGAGE,4.0,VENTURE,B,13750,10.75,0,0.2,N,3,2024-12-31
22,29570,RENT,6.0,MEDICAL,D,8000,14.42,1,0.27,N,3,2024-11-12
26,90000,MORTGAGE,10.0,PERSONAL,B,13000,10.59,0,0.14,N,3,2024-05-30
23,60000,MORTGAGE,7.0,DEBTCONSOLIDATION,A,15000,7.9,0,0.25,N,3,2024-12-06
23,48756,RENT,5.0,EDUCATION,B,4800,11.36,0,0.1,N,4,2024-12-07
26,72000,MORTGAGE,7.0,MEDICAL,B,16000,10.59,0,0.22,N,4,2024-02-09
24,72444,MORTGAGE,7.0,EDUCATION,B,25000,10.74,0,0.35,N,3,2024-03-02
26,20004,MORTGAGE,4.0,HOMEIMPROVEMENT,B,3600,11.013786929274843,0,0.18,N,4,2024-06-25
23,70000,RENT,4.0,EDUCATION,A,6000,7.49,0,0.09,N,3,2024-06-21
23,59000,MORTGAGE,7.0,EDUCATION,A,9000,8.49,0,0.15,N,4,2024-11-08
25,24000,OWN,7.0,HOMEIMPROVEMENT,A,6000,5.42,0,0.25,N,4,2024-08-02
23,180000,MORTGAGE,2.0,VENTURE,B,5000,9.33,0,0.03,N,2,2024-02-27
25,30000,RENT,4.0,MEDICAL,B,5000,11.86,0,0.17,N,4,2024-06-14
23,39000,RENT,2.0,HOMEIMPROVEMENT,D,10000,15.2,1,0.26,N,4,2024-07-19
23,170000,RENT,7.0,PERSONAL,B,12000,11.11,0,0.07,N,2,2024-09-29
22,42000,RENT,1.0,MEDICAL,B,10000,12.42,0,0.24,N,4,2024-07-12
24,84996,OWN,4.0,DEBTCONSOLIDATION,D,8000,15.57,0,0.09,Y,4,2024-09-05
26,130000,MORTGAGE,8.0,PERSONAL,A,10000,6.03,0,0.08,N,3,2024-11-26
23,78000,RENT,7.0,MEDICAL,A,8100,7.29,0,0.1,N,2,2024-11-03
25,60000,RENT,9.0,MEDICAL,B,7000,10.36,0,0.12,N,3,2024-03-29
22,33000,MORTGAGE,4.0,VENTURE,C,12500,14.26,0,0.38,Y,4,2024-11-08
24,29000,RENT,1.0,MEDICAL,B,4000,9.96,1,0.14,N,3,2024-04-02
24,76597,RENT,5.0,PERSONAL,B,22000,9.25,0,0.29,N,4,2024-01-03
22,54800,OWN,7.0,EDUCATION,A,8000,11.013786929274843,0,0.15,N,2,2024-05-31
24,55000,MORTGAGE,8.0,EDUCATION,B,9600,11.013786929274843,0,0.17,N,3,2024-08-22
24,65000,OWN,8.0,PERSONAL,A,9000,7.29,0,0.14,N,3,2024-10-15
22,43000,OWN,7.0,EDUCATION,A,6000,7.74,0,0.14,N,4,2024-09-17
22,31200,RENT,5.0,DEBTCONSOLIDATION,C,10000,12.73,1,0.32,Y,2,2024-03-12
25,107000,MORTGAGE,1.0,EDUCATION,A,1000,7.4,0,0.01,N,4,2024-08-20
22,35000,RENT,1.0,EDUCATION,C,5700,12.99,0,0.16,Y,2,2024-12-06
23,48000,OWN,6.0,EDUCATION,B,5000,10.08,0,0.1,N,3,2024-04-07
25,53000,RENT,6.0,DEBTCONSOLIDATION,C,3000,13.99,0,0.06,N,4,2024-09-07
24,52000,MORTGAGE,6.0,VENTURE,D,12000,14.83,0,0.23,N,3,2024-03-11
22,36000,OWN,4.0,PERSONAL,A,3250,7.75,0,0.09,N,2,2024-09-16
24,99000,MORTGAGE,8.0,DEBTCONSOLIDATION,A,12000,6.03,0,0.12,N,4,2024-05-16
25,33280,RENT,1.0,PERSONAL,B,5500,11.013786929274843,0,0.17,N,2,2024-03-24
22,72000,MORTGAGE,6.0,MEDICAL,A,5000,6.54,0,0.07,N,2,2024-09-07
22,42000,MORTGAGE,3.0,VENTURE,D,7000,14.84,0,0.17,N,3,2024-07-29
22,150000,RENT,2.0,MEDICAL,A,8200,6.99,0,0.05,N,3,2024-07-12
26,52000,MORTGAGE,2.0,VENTURE,A,6000,8.9,0,0.12,N,4,2024-03-07
23,72000,RENT,7.0,DEBTCONSOLIDATION,B,10000,10.59,0,0.14,N,3,2024-09-19
26,80004,MORTGAGE,4.0,EDUCATION,B,15000,11.86,0,0.19,N,3,2024-04-05
23,74800,MORTGAGE,7.0,MEDICAL,D,15000,16.0,1,0.17,N,2,2024-05-19
26,56000,RENT,10.0,DEBTCONSOLIDATION,B,10000,12.69,1,0.18,N,4,2024-03-31
22,68000,MORTGAGE,6.0,VENTURE,D,20000,16.77,0,0.29,Y,3,2024-12-01
22,75500,MORTGAGE,6.0,PERSONAL,A,12000,11.013786929274843,0,0.16,N,2,2024-08-12
22,37008,RENT,2.0,PERSONAL,B,3600,12.42,0,0.1,N,3,2024-05-06
23,36000,RENT,7.0,PERSONAL,B,4000,10.99,1,0.11,N,3,2024-08-31
24,55152,MORTGAGE,8.0,EDUCATION,B,16000,11.49,0,0.29,N,4,2024-07-24
24,49000,RENT,8.0,EDUCATION,A,7000,7.49,1,0.14,N,4,2024-01-11
24,54100,RENT,5.0,VENTURE,A,4500,7.14,0,0.08,N,2,2024-01-25
24,24000,RENT,1.0,MEDICAL,A,8500,7.9,1,0.35,N,2,2024-04-16
22,48000,RENT,6.0,VENTURE,B,15000,9.63,1,0.31,N,4,2024-05-20
24,50000,MORTGAGE,2.0,HOMEIMPROVEMENT,A,7000,5.42,0,0.14,N,3,2024-01-17
22,50000,MORTGAGE,5.0,EDUCATION,B,2000,12.18,0,0.04,N,4,2024-12-14
22,54000,RENT,6.0,EDUCATION,B,9975,11.48,1,0.18,N,4,2024-09-28
23,46776,OWN,7.0,VENTURE,D,15000,13.24,0,0.32,N,3,2024-10-16
22,50000,MORTGAGE,2.0,MEDICAL,B,22000,9.91,0,0.44,N,4,2024-06-01
22,30000,RENT,2.0,EDUCATION,C,13000,13.11,1,0.43,N,3,2024-03-05
24,85000,MORTGAGE,2.0,MEDICAL,B,7000,12.69,0,0.08,N,4,2024-04-15
22,51480,MORTGAGE,4.0,PERSONAL,B,3000,11.83,0,0.06,N,2,2024-06-01
22,43200,OWN,6.0,VENTURE,A,6000,7.68,0,0.14,N,4,2024-01-09
23,26976,RENT,4.0,EDUCATION,A,9000,7.51,1,0.33,N,2,2024-01-02
26,155142,MORTGAGE,6.0,HOMEIMPROVEMENT,D,23000,18.25,0,0.15,N,2,2024-05-16
26,42000,RENT,6.0,VENTURE,A,5000,7.29,0,0.12,N,2,2024-12-27
25,45996,RENT,2.0,VENTURE,G,5000,11.013786929274843,1,0.11,Y,2,2024-12-03
26,59000,RENT,7.0,MEDICAL,D,6000,16.49,1,0.1,N,2,2024-03-21
25,29000,RENT,4.0,MEDICAL,D,4000,16.29,1,0.14,N,4,2024-05-04
24,62000,RENT,1.0,MEDICAL,C,1600,13.85,0,0.03,Y,4,2024-09-17
22,71004,RENT,6.0,PERSONAL,B,1800,11.12,0,0.03,N,4,2024-12-18
22,46000,RENT,1.0,DEBTCONSOLIDATION,D,6200,11.013786929274843,1,0.13,N,3,2024-11-08
24,36500,MORTGAGE,3.0,EDUCATION,B,2500,10.37,0,0.07,N,3,2024-06-01
23,65000,MORTGAGE,5.0,DEBTCONSOLIDATION,A,16500,7.49,0,0.25,N,4,2024-12-02
23,30000,RENT,8.0,EDUCATION,A,10625,6.92,1,0.35,N,4,2024-03-24
24,76000,MORTGAGE,8.0,EDUCATION,B,13500,9.99,0,0.18,N,4,2024-06-24
22,57600,OWN,6.0,VENTURE,A,6500,7.49,0,0.11,N,3,2024-11-29
23,45000,RENT,2.0,VENTURE,A,6575,8.0,0,0.15,N,3,2024-08-18
23,138000,RENT,1.0,EDUCATION,D,5000,14.91,1,0.04,N,2,2024-08-25
22,69700,RENT,4.0,EDUCATION,B,11200,11.013786929274843,0,0.16,N,2,2024-05-24
25,49000,OWN,4.0,VENTURE,A,2500,6.76,0,0.05,N,3,2024-06-29
22,57500,RENT,1.0,VENTURE,B,9100,11.49,0,0.16,N,3,2024-05-08
22,68000,MORTGAGE,6.0,VENTURE,A,13000,7.88,0,0.19,N,4,2024-07-24
26,50004,MORTGAGE,10.0,PERSONAL,A,5000,9.32,0,0.1,N,2,2024-12-06
26,110000,RENT,3.0,HOMEIMPROVEMENT,C,25000,11.013786929274843,0,0.23,Y,2,2024-06-16
22,50000,MORTGAGE,6.0,EDUCATION,B,8000,11.12,0,0.16,N,4,2024-05-10
22,42000,RENT,2.0,PERSONAL,C,5000,12.87,0,0.12,Y,3,2024-01-20
22,25000,RENT,1.0,EDUCATION,B,2050,10.59,0,0.08,N,3,2024-11-05
22,37000,RENT,3.0,PERSONAL,B,15000,10.25,1,0.41,N,4,2024-11-30
26,135000,MORTGAGE,6.0,EDUCATION,D,15000,15.33,0,0.11,Y,2,2024-11-23
22,32500,MORTGAGE,6.0,EDUCATION,A,2500,6.99,0,0.08,N,2,2024-11-02
25,76344,RENT,2.0,EDUCATION,A,5000,9.63,0,0.07,N,3,2024-07-27
22,50361,RENT,6.0,PERSONAL,C,12000,12.73,0,0.24,N,4,2024-02-06
23,24091,MORTGAGE,5.0,MEDICAL,C,3500,12.99,0,0.15,Y,2,2024-08-26
26,95000,MORTGAGE,10.0,HOMEIMPROVEMENT,C,15000,15.96,0,0.16,N,3,2024-07-20
25,59400,MORTGAGE,9.0,EDUCATION,C,18500,12.73,0,0.31,Y,3,2024-08-22
23,33000,RENT,7.0,MEDICAL,D,5500,14.54,1,0.17,N,2,2024-10-08
26,47000,RENT,7.0,PERSONAL,A,15000,7.9,1,0.32,N,3,2024-04-04
25,63000,MORTGAGE,9.0,HOMEIMPROVEMENT,A,20000,8.49,0,0.32,N,2,2024-08-19
23,95004,RENT,2.0,PERSONAL,A,5000,9.63,0,0.05,N,4,2024-10-31
22,75000,RENT,2.0,EDUCATION,B,10000,11.26,0,0.13,N,4,2024-08-30
26,51000,RENT,10.0,PERSONAL,B,5000,12.42,1,0.1,N,2,2024-01-04
22,34404,RENT,2.0,DEBTCONSOLIDATION,D,7500,15.05,1,0.22,Y,2,2024-08-22
24,30500,RENT,2.0,PERSONAL,F,6800,21.74,1,0.22,Y,4,2024-11-21
26,42000,RENT,2.0,MEDICAL,C,5000,11.91,0,0.12,Y,2,2024-10-12
23,60000,RENT,5.0,MEDICAL,A,10000,7.14,0,0.17,N,2,2024-12-29
22,91000,RENT,6.0,MEDICAL,A,8000,6.92,0,0.09,N,4,2024-09-03
25,90000,MORTGAGE,7.0,DEBTCONSOLIDATION,A,6000,7.14,0,0.07,N,3,2024-04-06
22,58896,MORTGAGE,6.0,EDUCATION,A,9500,6.76,0,0.16,N,4,2024-01-03
22,105000,MORTGAGE,6.0,DEBTCONSOLIDATION,B,12800,11.83,0,0.12,N,3,2024-12-12
25,60000,RENT,2.0,EDUCATION,B,20000,11.013786929274843,1,0.33,N,4,2024-01-17
26,80000,MORTGAGE,5.0,HOMEIMPROVEMENT,A,3000,8.0,0,0.04,N,3,2024-02-18
24,39000,RENT,4.0,HOMEIMPROVEMENT,C,8000,11.013786929274843,1,0.21,N,2,2024-07-16
22,46000,MORTGAGE,6.0,PERSONAL,B,4000,10.37,0,0.09,N,2,2024-02-23
23,90000,MORTGAGE,7.0,PERSONAL,D,15000,15.31,0,0.17,Y,4,2024-06-18
22,39000,MORTGAGE,6.0,EDUCATION,A,10750,11.013786929274843,0,0.28,N,4,2024-11-09
25,39996,RENT,2.0,MEDICAL,B,10000,10.99,0,0.25,N,4,2024-02-04
25,40000,RENT,2.0,PERSONAL,B,3000,10.25,0,0.07,N,3,2024-06-06
25,44000,RENT,1.0,EDUCATION,D,15000,14.59,1,0.34,N,3,2024-07-06
22,61500,RENT,3.0,EDUCATION,C,10000,14.22,0,0.16,N,2,2024-09-24
26,35000,RENT,2.0,DEBTCONSOLIDATION,A,2500,8.9,0,0.07,N,2,2024-04-16
25,90000,MORTGAGE,9.0,HOMEIMPROVEMENT,A,10000,5.42,0,0.11,N,4,2024-07-07
22,15996,RENT,3.0,DEBTCONSOLIDATION,C,4000,13.35,1,0.25,Y,2,2024-12-16
22,48000,RENT,7.0,EDUCATION,A,5000,6.99,0,0.1,N,2,2024-11-29
25,36000,MORTGAGE,3.0,PERSONAL,A,5300,7.49,0,0.15,N,3,2024-11-05
25,57000,RENT,2.0,PERSONAL,A,9500,6.17,0,0.17,N,3,2024-08-04
24,54996,RENT,2.0,HOMEIMPROVEMENT,B,23600,11.89,1,0.43,N,4,2024-02-22
24,75000,RENT,4.0,VENTURE,B,20000,8.88,0,0.27,N,2,2024-10-06
24,40000,RENT,2.0,EDUCATION,C,7000,11.34,0,0.17,N,2,2024-03-23
24,85392,RENT,9.0,MEDICAL,A,9600,7.29,0,0.11,N,3,2024-02-22
25,32000,RENT,1.0,MEDICAL,D,6000,12.92,1,0.19,N,2,2024-06-27
22,91000,OWN,5.0,EDUCATION,A,15000,7.88,0,0.16,N,3,2024-09-06
26,95400,MORTGAGE,8.0,PERSONAL,C,5000,12.68,0,0.05,N,2,2024-04-12
25,90000,MORTGAGE,9.0,VENTURE,A,7750,7.51,0,0.09,N,3,2024-12-06
22,69000,RENT,5.0,EDUCATION,B,8650,11.49,0,0.13,N,4,2024-02-12
25,70200,RENT,9.0,PERSONAL,E,18000,16.45,0,0.26,Y,3,2024-03-12
24,92341,RENT,9.0,DEBTCONSOLIDATION,A,12000,7.51,0,0.13,N,4,2024-07-03
23,60000,RENT,2.0,DEBTCONSOLIDATION,A,5000,6.91,0,0.08,N,3,2024-02-20
24,62400,MORTGAGE,8.0,HOMEIMPROVEMENT,A,4000,8.9,0,0.06,N,4,2024-01-17
24,40000,MORTGAGE,3.0,MEDICAL,B,10500,11.36,0,0.26,N,2,2024-06-12
26,37680,RENT,5.0,MEDICAL,D,2000,14.96,1,0.05,Y,2,2024-05-28
23,78000,RENT,5.0,VENTURE,B,17000,10.99,0,0.22,N,2,2024-06-22
24,47211,OWN,8.0,HOMEIMPROVEMENT,B,10000,11.83,0,0.21,N,3,2024-08-20
23,57744,MORTGAGE,7.0,VENTURE,B,2500,10.37,0,0.04,N,4,2024-12-18
23,69000,RENT,7.0,DEBTCONSOLIDATION,B,4800,10.75,0,0.07,N,2,2024-05-27
24,91000,MORTGAGE,5.0,DEBTCONSOLIDATION,A,15000,7.88,0,0.16,N,2,2024-11-26
24,97000,MORTGAGE,3.0,EDUCATION,C,6400,15.96,0,0.07,N,3,2024-01-06
22,68000,MORTGAGE,6.0,EDUCATION,A,16000,7.9,0,0.24,N,3,2024-05-24
24,70000,RENT,3.0,PERSONAL,B,25000,11.86,1,0.36,N,2,2024-07-20
22,45000,OWN,6.0,EDUCATION,A,4750,6.39,0,0.11,N,4,2024-09-22
23,42000,MORTGAGE,1.0,PERSONAL,C,5750,13.57,0,0.14,N,2,2024-04-02
25,75000,MORTGAGE,7.0,PERSONAL,B,15000,9.99,0,0.2,N,2,2024-01-23
25,51492,MORTGAGE,2.0,EDUCATION,B,13800,10.38,0,0.27,N,4,2024-06-10
24,70000,MORTGAGE,2.0,MEDICAL,B,8950,11.89,0,0.13,N,2,2024-10-26
25,49200,MORTGAGE,6.0,MEDICAL,A,5600,7.49,0,0.11,N,3,2024-07-30
22,78000,MORTGAGE,6.0,EDUCATION,A,7750,7.51,0,0.1,N,4,2024-12-14
23,84000,MORTGAGE,7.0,EDUCATION,B,23000,11.99,0,0.27,N,2,2024-04-12
26,75531,RENT,3.0,PERSONAL,D,15000,16.49,0,0.2,N,2,2024-09-12
25,30000,RENT,2.0,VENTURE,E,5200,17.19,1,0.17,Y,2,2024-08-19
24,38700,RENT,2.0,DEBTCONSOLIDATION,B,10000,11.013786929274843,0,0.26,N,3,2024-07-13
24,35000,RENT,9.0,EDUCATION,A,1500,11.013786929274843,0,0.04,N,3,2024-06-07
23,24000,RENT,7.0,VENTURE,C,5550,12.53,0,0.23,Y,4,2024-06-09
22,87000,RENT,5.0,EDUCATION,C,20000,13.85,0,0.23,N,4,2024-03-17
23,39600,MORTGAGE,7.0,MEDICAL,A,6000,7.88,0,0.15,N,2,2024-12-04
24,53004,MORTGAGE,6.0,DEBTCONSOLIDATION,B,21000,10.65,0,0.4,N,3,2024-06-09
22,38000,RENT,2.0,EDUCATION,A,18500,7.66,1,0.49,N,2,2024-02-26
23,27252,RENT,3.0,PERSONAL,C,5800,13.06,0,0.21,N,3,2024-12-16
24,51500,RENT,6.0,DEBTCONSOLIDATION,B,20000,12.21,1,0.39,N,4,2024-10-31
25,59000,MORTGAGE,9.0,DEBTCONSOLIDATION,A,5000,6.03,1,0.08,N,3,2024-12-13
24,22680,RENT,9.0,VENTURE,B,7000,10.62,1,0.31,N,2,2024-06-07
24,94000,RENT,6.0,HOMEIMPROVEMENT,C,9600,12.99,0,0.1,N,2,2024-07-20
25,48996,MORTGAGE,8.0,MEDICAL,B,5000,9.88,1,0.1,N,2,2024-09-27
22,59000,MORTGAGE,6.0,DEBTCONSOLIDATION,A,6400,11.013786929274843,0,0.11,N,4,2024-02-24
23,100000,MORTGAGE,2.0,DEBTCONSOLIDATION,A,14000,6.17,0,0.14,N,4,2024-12-14
23,78000,MORTGAGE,7.0,VENTURE,A,4600,7.66,0,0.06,N,3,2024-03-24
26,87996,MORTGAGE,3.0,MEDICAL,A,8000,6.91,0,0.09,N,3,2024-03-25
26,117000,MORTGAGE,8.0,EDUCATION,A,6000,7.51,0,0.05,N,3,2024-07-23
23,52692,RENT,4.0,MEDICAL,C,3500,12.23,0,0.07,Y,4,2024-03-26
22,40000,RENT,1.0,PERSONAL,B,4000,12.69,0,0.1,N,4,2024-10-16
24,51000,RENT,6.0,MEDICAL,B,15000,11.12,0,0.29,N,2,2024-11-10
22,12996,OWN,1.0,VENTURE,B,4750,11.013786929274843,1,0.37,N,2,2024-01-15
25,125000,RENT,9.0,VENTURE,D,6500,14.61,0,0.05,N,3,2024-10-03
26,76250,RENT,6.0,VENTURE,B,10000,10.71,0,0.13,N,3,2024-09-05
26,127992,MORTGAGE,10.0,PERSONAL,C,26000,13.99,0,0.2,N,2,2024-07-29
23,51000,OWN,7.0,VENTURE,A,6000,5.42,0,0.12,N,2,2024-05-26
26,65000,MORTGAGE,10.0,DEBTCONSOLIDATION,A,5000,7.51,0,0.08,N,2,2024-10-15
22,40800,RENT,5.0,MEDICAL,A,2000,6.62,0,0.05,N,2,2024-11-08
22,40000,RENT,2.0,EDUCATION,A,10000,7.14,0,0.25,N,3,2024-01-07
25,59004,RENT,1.0,HOMEIMPROVEMENT,D,20000,14.84,1,0.34,N,4,2024-06-05
24,72000,MORTGAGE,2.0,HOMEIMPROVEMENT,A,6000,7.49,0,0.08,N,2,2024-05-10
26,45000,RENT,1.0,MEDICAL,B,4000,12.21,0,0.09,N,2,2024-01-12
22,166000,MORTGAGE,1.0,PERSONAL,B,23450,11.36,0,0.14,N,2,2024-04-13
25,80000,MORTGAGE,9.0,VENTURE,A,12000,7.88,0,0.15,N,3,2024-03-14
24,73000,RENT,2.0,PERSONAL,A,6500,11.013786929274843,0,0.09,N,2,2024-11-02
23,60000,RENT,3.0,EDUCATION,B,8000,10.25,0,0.13,N,3,2024-06-18
22,60500,RENT,3.0,EDUCATION,C,7000,12.84,0,0.12,Y,3,2024-04-04
24,62000,RENT,4.0,HOMEIMPROVEMENT,C,2000,13.49,0,0.03,Y,3,2024-06-13
24,72000,RENT,8.0,DEBTCONSOLIDATION,C,16000,13.06,0,0.22,N,4,2024-08-24
22,42000,MORTGAGE,6.0,VENTURE,C,14750,12.99,0,0.35,Y,3,2024-03-22
22,100000,RENT,3.0,VENTURE,B,10000,10.65,0,0.1,N,2,2024-01-07
22,75000,RENT,2.0,EDUCATION,B,19600,12.42,0,0.26,N,4,2024-05-14
25,36000,MORTGAGE,2.0,MEDICAL,C,13750,13.22,1,0.38,Y,3,2024-02-12
24,36000,RENT,3.0,EDUCATION,D,5300,15.28,0,0.15,N,3,2024-07-23
24,80000,OWN,8.0,VENTURE,A,12000,7.49,0,0.15,N,3,2024-05-17
25,50000,MORTGAGE,9.0,VENTURE,A,6400,8.32,0,0.13,N,4,2024-01-19
24,40000,RENT,3.0,MEDICAL,A,10000,11.013786929274843,0,0.25,N,2,2024-09-09
24,30000,RENT,6.0,EDUCATION,B,5000,12.69,1,0.17,N,2,2024-03-27
23,47496,RENT,7.0,EDUCATION,B,3500,12.69,0,0.07,N,2,2024-02-23
26,80400,RENT,6.0,MEDICAL,B,7000,10.65,0,0.09,N,2,2024-11-06
23,76000,MORTGAGE,7.0,DEBTCONSOLIDATION,D,9000,11.013786929274843,1,0.12,Y,3,2024-09-21
23,100000,RENT,1.0,EDUCATION,C,12000,13.57,0,0.12,Y,2,2024-06-28
23,32640,RENT,5.0,VENTURE,B,4800,11.99,0,0.15,N,3,2024-03-25
26,64000,RENT,8.0,EDUCATION,B,7500,9.83,0,0.12,N,4,2024-12-02
24,33600,RENT,5.0,PERSONAL,B,4450,11.49,0,0.13,N,4,2024-07-23
24,47000,MORTGAGE,1.0,EDUCATION,B,8500,11.013786929274843,0,0.18,N,4,2024-06-17
24,110000,MORTGAGE,7.0,DEBTCONSOLIDATION,A,12000,8.94,0,0.11,N,2,2024-01-07
23,36000,RENT,5.0,VENTURE,B,8000,11.013786929274843,0,0.22,N,2,2024-06-26
24,136000,MORTGAGE,9.0,DEBTCONSOLIDATION,F,25000,19.13,1,0.18,N,3,2024-05-30
22,77000,MORTGAGE,6.0,VENTURE,A,12400,7.51,0,0.16,N,2,2024-11-29
26,28800,RENT,10.0,MEDICAL,B,15000,10.0,1,0.52,N,3,2024-05-15
22,36000,OWN,4.0,DEBTCONSOLIDATION,D,5000,14.61,0,0.14,Y,4,2024-02-26
24,96000,MORTGAGE,7.0,PERSONAL,C,6000,13.92,0,0.06,N,3,2024-10-11
24,50000,MORTGAGE,7.0,HOMEIMPROVEMENT,D,11000,16.89,0,0.22,Y,2,2024-10-12
23,105999,MORTGAGE,6.0,EDUCATION,B,8550,9.88,0,0.08,N,2,2024-04-21
22,44000,RENT,3.0,HOMEIMPROVEMENT,C,3600,13.43,1,0.08,Y,3,2024-07-06
26,96050,MORTGAGE,3.0,MEDICAL,D,24000,15.28,1,0.21,Y,2,2024-03-21
26,33996,RENT,2.0,MEDICAL,B,10800,11.12,1,0.32,N,3,2024-03-09
22,42000,MORTGAGE,6.0,PERSONAL,A,3000,6.03,0,0.07,N,3,2024-07-18
25,49000,OWN,6.0,PERSONAL,C,3000,11.013786929274843,0,0.06,N,4,2024-10-17
23,136000,MORTGAGE,7.0,EDUCATION,A,8000,8.32,0,0.06,N,2,2024-02-06
22,30000,MORTGAGE,2.0,DEBTCONSOLIDATION,B,13250,10.99,0,0.44,N,4,2024-03-05
23,35400,RENT,4.0,DEBTCONSOLIDATION,B,9600,11.89,0,0.27,N,2,2024-04-27
23,125000,OTHER,4.0,EDUCATION,A,7500,8.0,0,0.06,N,2,2024-04-20
23,53352,RENT,3.0,MEDICAL,A,17500,6.54,1,0.33,N,4,2024-12-28
25,80000,MORTGAGE,4.0,HOMEIMPROVEMENT,C,15000,12.61,0,0.19,N,2,2024-12-13
22,31500,RENT,3.0,DEBTCONSOLIDATION,D,2900,11.013786929274843,1,0.09,Y,3,2024-07-26
26,80000,OWN,5.0,PERSONAL,C,7000,13.22,0,0.09,Y,2,2024-12-24
22,25000,MORTGAGE,4.0,VENTURE,A,1800,8.49,0,0.07,N,2,2024-12-24
23,75885,MORTGAGE,7.0,EDUCATION,C,3000,11.03,0,0.04,N,4,2024-09-15
23,44000,MORTGAGE,4.0,EDUCATION,A,3200,7.51,0,0.07,N,2,2024-04-09
25,60000,RENT,4.0,EDUCATION,A,9800,11.013786929274843,0,0.16,N,2,2024-12-26
25,48000,RENT,3.0,DEBTCONSOLIDATION,B,2000,10.74,0,0.04,N,3,2024-02-14
23,65000,MORTGAGE,3.0,EDUCATION,A,8000,7.14,0,0.12,N,4,2024-01-20
22,48000,MORTGAGE,6.0,PERSONAL,C,10000,13.49,0,0.21,N,2,2024-05-07
23,30000,RENT,6.0,VENTURE,B,19750,11.14,1,0.66,N,4,2024-05-01
26,115600,MORTGAGE,4.0,VENTURE,A,9925,7.29,0,0.09,N,4,2024-09-24
23,38004,RENT,5.0,EDUCATION,A,5000,6.91,0,0.13,N,4,2024-06-25
23,130992,MORTGAGE,6.0,MEDICAL,A,6000,7.51,0,0.05,N,4,2024-08-18
23,19200,MORTGAGE,7.0,DEBTCONSOLIDATION,A,3000,11.013786929274843,1,0.16,N,3,2024-11-08
22,60000,MORTGAGE,2.0,PERSONAL,A,5200,5.99,0,0.09,N,4,2024-08-11
23,85000,MORTGAGE,8.0,EDUCATION,C,5000,14.35,0,0.06,N,3,2024-08-12
25,20000,MORTGAGE,1.0,VENTURE,A,4000,5.79,0,0.2,N,4,2024-12-02
26,45000,RENT,5.0,MEDICAL,B,2000,11.49,0,0.04,N,3,2024-12-29
22,52000,RENT,6.0,VENTURE,B,10000,11.71,0,0.19,N,2,2024-08-10
24,51600,RENT,8.0,MEDICAL,B,3000,10.65,0,0.06,N,3,2024-06-08
22,60000,MORTGAGE,6.0,DEBTCONSOLIDATION,A,17500,7.88,0,0.29,N,2,2024-05-02
23,56700,MORTGAGE,7.0,VENTURE,A,12000,5.42,0,0.21,N,2,2024-11-30
24,48000,OWN,5.0,VENTURE,A,4400,5.99,0,0.09,N,4,2024-10-02
22,34000,RENT,4.0,MEDICAL,D,3800,18.25,1,0.11,Y,3,2024-10-19
22,62000,MORTGAGE,2.0,PERSONAL,D,7500,13.87,0,0.12,Y,3,2024-08-21
24,103000,MORTGAGE,8.0,DEBTCONSOLIDATION,C,21000,13.49,0,0.2,Y,3,2024-01-25
24,45000,MORTGAGE,8.0,VENTURE,A,6000,7.51,0,0.13,N,3,2024-03-24
24,120000,RENT,4.0,HOMEIMPROVEMENT,C,10000,13.61,0,0.08,N,2,2024-08-08
25,40000,RENT,5.0,PERSONAL,A,6000,7.88,0,0.15,N,2,2024-03-06
23,113000,MORTGAGE,4.0,EDUCATION,A,12000,7.66,0,0.11,N,3,2024-07-07
24,38400,RENT,8.0,MEDICAL,A,4200,6.76,0,0.11,N,4,2024-05-30
24,20000,OWN,2.0,PERSONAL,A,3000,8.94,0,0.15,N,3,2024-10-11
22,60000,RENT,3.0,EDUCATION,A,7000,6.91,0,0.12,N,4,2024-04-02
23,23760,RENT,2.0,PERSONAL,B,2800,11.013786929274843,0,0.12,N,4,2024-12-28
23,48000,OWN,8.0,VENTURE,C,6000,12.87,0,0.13,Y,3,2024-09-04
23,61000,RENT,3.0,EDUCATION,A,2500,7.49,0,0.04,N,3,2024-08-23
24,46809,RENT,4.0,MEDICAL,B,5000,12.18,0,0.11,N,2,2024-06-18
23,39456,OWN,7.0,PERSONAL,A,14000,7.29,0,0.35,N,3,2024-08-29
23,115275,RENT,7.0,EDUCATION,C,7500,11.28,0,0.07,Y,4,2024-01-17
26,48000,MORTGAGE,4.0,PERSONAL,A,10000,5.79,0,0.21,N,4,2024-11-24
23,59000,RENT,7.0,EDUCATION,C,20000,12.29,1,0.34,N,2,2024-12-19
25,50000,MORTGAGE,9.0,DEBTCONSOLIDATION,A,18000,7.88,0,0.36,N,4,2024-03-18
24,72000,MORTGAGE,5.0,HOMEIMPROVEMENT,B,8000,12.21,0,0.11,N,3,2024-09-19
26,48000,RENT,7.0,MEDICAL,A,9000,8.94,0,0.19,N,3,2024-12-06
22,52500,MORTGAGE,6.0,VENTURE,C,8000,15.23,0,0.15,Y,4,2024-01-06
25,76000,MORTGAGE,3.0,EDUCATION,A,20000,6.54,0,0.26,N,2,2024-05-02
23,39996,RENT,6.0,MEDICAL,B,12000,9.63,0,0.3,N,3,2024-09-29
23,68000,MORTGAGE,4.0,EDUCATION,A,1000,8.0,0,0.01,N,4,2024-05-25
25,82560,RENT,6.0,DEBTCONSOLIDATION,A,4500,7.42,0,0.05,N,4,2024-09-22
26,74000,MORTGAGE,5.0,DEBTCONSOLIDATION,A,10000,6.62,0,0.14,N,2,2024-03-27
25,38000,RENT,9.0,EDUCATION,B,4800,11.71,0,0.13,N,3,2024-03-21
25,31500,RENT,8.0,DEBTCONSOLIDATION,A,14850,8.9,1,0.47,N,3,2024-02-18
25,88000,MORTGAGE,7.0,PERSONAL,B,11000,11.14,0,0.13,N,2,2024-08-15
24,42000,OWN,8.0,HOMEIMPROVEMENT,A,8000,6.62,0,0.19,N,2,2024-10-01
25,60000,MORTGAGE,3.0,DEBTCONSOLIDATION,A,3000,5.99,0,0.05,N,4,2024-01-16
23,157500,RENT,1.0,EDUCATION,B,10000,12.69,0,0.06,N,2,2024-03-22
22,37200,RENT,6.0,HOMEIMPROVEMENT,A,7000,7.9,1,0.19,N,2,2024-07-08
24,75000,RENT,6.0,HOMEIMPROVEMENT,B,15000,11.71,0,0.2,N,4,2024-08-30
23,68500,MORTGAGE,7.0,VENTURE,C,4200,11.66,0,0.06,N,3,2024-04-19
25,29000,RENT,9.0,MEDICAL,B,1000,11.99,1,0.03,N,2,2024-03-07
24,35000,RENT,1.0,DEBTCONSOLIDATION,A,12000,6.54,1,0.34,N,2,2024-05-20
23,16000,MORTGAGE,3.0,MEDICAL,C,2275,13.06,0,0.14,Y,3,2024-12-21
24,65000,RENT,5.0,MEDICAL,A,12000,8.9,0,0.18,N,3,2024-05-25
26,34000,RENT,3.0,PERSONAL,D,5500,16.89,0,0.16,Y,3,2024-02-23
24,49278,RENT,4.0,DEBTCONSOLIDATION,C,11000,13.22,0,0.22,Y,2,2024-09-20
24,52000,MORTGAGE,3.0,VENTURE,A,3500,6.76,0,0.07,N,3,2024-08-22
26,59500,MORTGAGE,9.0,DEBTCONSOLIDATION,A,12000,6.62,0,0.2,N,4,2024-12-01
22,33000,RENT,1.0,MEDICAL,C,1400,14.27,0,0.04,Y,3,2024-01-08
24,106000,RENT,6.0,HOMEIMPROVEMENT,B,13000,12.69,1,0.12,N,4,2024-06-25
22,28000,RENT,5.0,PERSONAL,B,6900,9.99,0,0.25,N,3,2024-03-26
25,20000,RENT,1.0,MEDICAL,A,12000,8.07,1,0.6,N,2,2024-10-08
22,38000,MORTGAGE,4.0,EDUCATION,A,1950,7.37,0,0.05,N,4,2024-03-05
22,74476,MORTGAGE,6.0,EDUCATION,A,5000,8.49,1,0.07,N,2,2024-03-14
24,56000,MORTGAGE,8.0,EDUCATION,A,12000,11.013786929274843,0,0.21,N,2,2024-02-27
23,24000,MORTGAGE,5.0,MEDICAL,B,1375,11.11,1,0.06,N,3,2024-04-24
25,100000,RENT,9.0,PERSONAL,C,20000,13.06,0,0.2,Y,3,2024-11-01
24,48000,MORTGAGE,2.0,VENTURE,B,5500,11.36,0,0.11,N,3,2024-12-30
22,61200,MORTGAGE,6.0,MEDICAL,E,16000,16.45,1,0.22,N,4,2024-11-04
24,95000,OWN,4.0,PERSONAL,C,10000,15.23,0,0.11,N,4,2024-02-13
22,103000,MORTGAGE,7.0,EDUCATION,D,15000,15.99,0,0.15,N,3,2024-09-26
23,85000,RENT,2.0,VENTURE,C,12000,13.16,0,0.14,Y,2,2024-02-14
23,75000,RENT,3.0,EDUCATION,A,13200,6.17,0,0.18,N,3,2024-08-17
22,28500,MORTGAGE,1.0,MEDICAL,A,8500,7.68,0,0.3,N,3,2024-12-14
23,74800,MORTGAGE,4.0,MEDICAL,C,8400,14.65,1,0.1,N,4,2024-11-04
24,57000,MORTGAGE,8.0,MEDICAL,F,20000,19.13,1,0.35,Y,3,2024-02-05
23,15600,RENT,1.0,VENTURE,A,4500,5.99,1,0.29,N,3,2024-12-23
23,50000,RENT,5.0,PERSONAL,A,10000,8.94,0,0.2,N,2,2024-11-18
25,78000,MORTGAGE,9.0,DEBTCONSOLIDATION,D,8000,16.0,1,0.1,N,4,2024-05-28
25,75996,MORTGAGE,9.0,DEBTCONSOLIDATION,B,10000,11.99,0,0.13,N,3,2024-06-04
26,38000,MORTGAGE,10.0,HOMEIMPROVEMENT,D,15000,15.33,0,0.39,N,3,2024-01-09
22,175000,MORTGAGE,6.0,MEDICAL,B,18000,11.013786929274843,0,0.1,N,3,2024-03-15
23,48000,RENT,6.0,EDUCATION,A,4800,7.9,0,0.1,N,2,2024-11-03
24,42000,MORTGAGE,9.0,DEBTCONSOLIDATION,A,11000,5.42,0,0.26,N,4,2024-02-16
25,95950,RENT,2.0,PERSONAL,B,17500,11.71,0,0.18,N,3,2024-04-26
25,84000,MORTGAGE,9.0,MEDICAL,B,5000,10.99,0,0.06,N,2,2024-04-25
23,37500,RENT,2.0,DEBTCONSOLIDATION,C,8000,14.26,0,0.21,N,4,2024-02-15
25,49000,RENT,9.0,DEBTCONSOLIDATION,A,10000,6.62,1,0.2,N,2,2024-09-02
23,52800,RENT,4.0,VENTURE,C,14000,14.27,0,0.27,N,4,2024-04-10
23,33500,RENT,2.0,MEDICAL,E,2500,15.68,1,0.07,Y,4,2024-10-09
23,70000,MORTGAGE,7.0,PERSONAL,A,13000,5.42,0,0.19,N,3,2024-05-18
22,38000,RENT,5.0,EDUCATION,C,10000,13.49,0,0.26,Y,2,2024-09-07
23,114600,MORTGAGE,7.0,PERSONAL,C,10000,13.06,0,0.09,Y,4,2024-11-02
25,63000,MORTGAGE,3.0,PERSONAL,C,3000,13.47,0,0.05,Y,2,2024-06-29
23,65000,MORTGAGE,3.0,VENTURE,A,7000,7.9,0,0.11,N,4,2024-05-09
22,57175,RENT,6.0,EDUCATION,F,16000,17.15,1,0.28,Y,2,2024-08-02
22,24000,OWN,3.0,VENTURE,B,2500,10.59,0,0.1,N,2,2024-02-29
24,67000,RENT,5.0,PERSONAL,C,20000,13.48,0,0.3,Y,3,2024-11-23
23,67150,MORTGAGE,5.0,MEDICAL,D,10000,16.32,1,0.13,N,2,2024-04-01
23,67000,OWN,1.0,VENTURE,A,3250,6.76,0,0.05,N,4,2024-12-01
23,112800,MORTGAGE,3.0,EDUCATION,B,35000,11.013786929274843,0,0.31,N,2,2024-04-25
24,29000,RENT,5.0,MEDICAL,C,6000,15.27,0,0.21,N,2,2024-03-10
24,22000,OWN,1.0,EDUCATION,D,3000,16.0,0,0.14,N,2,2024-04-16
23,29004,OWN,1.0,VENTURE,C,2000,13.16,0,0.07,N,3,2024-06-25
24,80000,MORTGAGE,8.0,PERSONAL,A,9000,11.013786929274843,0,0.11,N,2,2024-08-12
26,52000,OWN,10.0,DEBTCONSOLIDATION,D,5000,15.65,0,0.1,Y,4,2024-01-20
25,54000,RENT,8.0,DEBTCONSOLIDATION,C,19000,11.013786929274843,1,0.35,Y,2,2024-11-22
23,85000,RENT,5.0,EDUCATION,A,10000,6.17,0,0.12,N,3,2024-06-14
22,66000,MORTGAGE,6.0,VENTURE,B,10000,11.49,0,0.15,N,4,2024-01-06
22,49000,MORTGAGE,2.0,VENTURE,B,8500,12.53,0,0.17,N,3,2024-08-24
26,30000,RENT,4.0,MEDICAL,C,5000,11.013786929274843,0,0.17,Y,4,2024-03-04
22,44004,MORTGAGE,3.0,EDUCATION,D,9000,14.11,1,0.2,N,4,2024-03-25
23,32000,MORTGAGE,4.0,EDUCATION,A,1200,7.68,0,0.04,N,2,2024-03-19
24,88000,MORTGAGE,2.0,DEBTCONSOLIDATION,G,25000,18.84,1,0.28,Y,2,2024-10-28
23,95000,RENT,4.0,EDUCATION,B,10000,10.99,0,0.11,N,4,2024-03-21
26,69846,RENT,2.0,EDUCATION,F,22500,18.99,1,0.32,N,4,2024-02-09
23,75000,OWN,5.0,MEDICAL,D,12500,15.33,0,0.17,Y,3,2024-02-26
22,55000,RENT,3.0,PERSONAL,D,15000,14.61,0,0.27,Y,4,2024-07-27
24,122000,RENT,4.0,DEBTCONSOLIDATION,B,15000,11.58,0,0.12,N,2,2024-04-03
24,62500,OWN,8.0,HOMEIMPROVEMENT,C,6500,13.22,0,0.1,N,3,2024-10-02
23,61615,MORTGAGE,4.0,MEDICAL,B,13000,10.62,0,0.21,N,3,2024-05-03
22,50000,MORTGAGE,6.0,VENTURE,A,7800,6.62,0,0.16,N,2,2024-09-19
22,75000,RENT,5.0,EDUCATION,B,5000,11.49,0,0.07,N,4,2024-07-21
26,45000,MORTGAGE,6.0,VENTURE,A,5000,6.99,0,0.11,N,2,2024-10-02
25,33500,RENT,2.0,MEDICAL,B,10000,10.25,0,0.3,N,3,2024-01-06
23,54000,RENT,7.0,MEDICAL,B,4500,11.013786929274843,1,0.08,N,3,2024-10-27
22,28800,OWN,2.0,EDUCATION,D,10000,16.49,0,0.35,Y,2,2024-02-17
25,56204,RENT,3.0,MEDICAL,D,12000,14.11,1,0.21,Y,2,2024-08-23
25,57300,RENT,2.0,HOMEIMPROVEMENT,C,10400,11.66,0,0.18,Y,4,2024-07-22
23,83600,RENT,7.0,PERSONAL,A,15000,8.49,1,0.18,N,3,2024-12-02
24,45996,RENT,3.0,EDUCATION,C,2000,12.98,0,0.04,Y,4,2024-11-20
22,24000,MORTGAGE,4.0,EDUCATION,A,1300,5.42,0,0.05,N,3,2024-08-08
22,50000,RENT,3.0,VENTURE,C,13000,12.23,0,0.26,N,3,2024-06-19
22,70000,MORTGAGE,3.0,VENTURE,B,14400,11.71,0,0.21,N,4,2024-09-29
23,47233,RENT,7.0,DEBTCONSOLIDATION,B,5000,11.36,0,0.11,N,4,2024-08-20
23,39996,RENT,7.0,PERSONAL,B,2000,11.013786929274843,0,0.05,N,2,2024-01-14
26,51600,OWN,10.0,EDUCATION,B,15000,9.88,0,0.29,N,4,2024-07-04
24,72000,MORTGAGE,1.0,VENTURE,A,12000,5.42,0,0.17,N,4,2024-01-15
23,60000,RENT,4.0,EDUCATION,A,7000,5.79,0,0.12,N,4,2024-10-20
23,42000,RENT,2.0,EDUCATION,B,6500,10.37,0,0.15,N,3,2024-05-14
23,65000,RENT,7.0,EDUCATION,B,3600,10.59,0,0.06,N,3,2024-10-02
25,48500,OTHER,1.0,PERSONAL,E,19500,15.57,1,0.4,N,3,2024-10-10
25,120000,RENT,9.0,VENTURE,C,4800,14.22,0,0.04,N,4,2024-11-12
25,49000,RENT,10.0,EDUCATION,A,9600,7.51,1,0.2,N,4,2024-06-19
26,22800,RENT,4.0,PERSONAL,C,5000,13.57,0,0.22,Y,2,2024-04-11
22,55000,MORTGAGE,6.0,VENTURE,A,10000,5.79,0,0.18,N,2,2024-08-18
23,36000,MORTGAGE,6.0,PERSONAL,C,14000,12.99,0,0.39,N,3,2024-01-05
23,27000,RENT,6.0,EDUCATION,C,6000,11.66,0,0.22,Y,3,2024-10-09
22,58608,RENT,4.0,MEDICAL,A,10000,7.51,0,0.17,N,2,2024-10-20
22,39000,OWN,6.0,MEDICAL,A,1000,11.013786929274843,0,0.03,N,2,2024-07-16
22,185000,RENT,4.0,EDUCATION,B,25000,11.36,0,0.14,N,4,2024-03-11
23,80400,RENT,4.0,EDUCATION,A,9000,7.51,0,0.11,N,4,2024-11-07
24,41000,RENT,1.0,DEBTCONSOLIDATION,C,7000,12.53,0,0.17,N,2,2024-06-12
25,57000,RENT,1.0,PERSONAL,B,9500,12.53,0,0.17,N,2,2024-11-09
26,51600,RENT,1.0,EDUCATION,A,5000,8.94,1,0.1,N,2,2024-03-23
22,20000,RENT,2.0,VENTURE,B,5000,11.86,0,0.25,N,2,2024-09-18
25,60000,MORTGAGE,2.0,PERSONAL,B,6900,9.99,0,0.12,N,2,2024-05-08
24,50500,RENT,7.0,EDUCATION,A,9600,11.013786929274843,0,0.19,N,4,2024-02-27
23,33000,RENT,4.0,EDUCATION,C,8000,11.013786929274843,0,0.24,N,3,2024-03-22
24,38000,MORTGAGE,3.0,DEBTCONSOLIDATION,B,16000,10.99,0,0.42,N,2,2024-03-05
26,76800,MORTGAGE,2.0,VENTURE,A,12800,6.92,0,0.17,N,3,2024-08-29
23,92004,MORTGAGE,7.0,EDUCATION,B,24250,11.12,0,0.26,N,2,2024-08-16
23,44004,OWN,7.0,EDUCATION,A,17000,6.62,0,0.39,N,2,2024-02-26
23,36100,RENT,2.0,DEBTCONSOLIDATION,A,5000,7.49,0,0.14,N,2,2024-10-24
22,31000,RENT,5.0,PERSONAL,B,5550,11.36,1,0.18,N,3,2024-01-04
24,49000,MORTGAGE,5.0,EDUCATION,A,2700,6.92,0,0.06,N,3,2024-03-08
24,63410,MORTGAGE,3.0,MEDICAL,E,20000,17.51,1,0.27,N,4,2024-02-07
25,70000,MORTGAGE,6.0,VENTURE,A,14000,5.42,0,0.2,N,2,2024-05-15
26,103000,MORTGAGE,10.0,EDUCATION,D,5000,14.96,0,0.05,N,4,2024-06-01
22,21000,RENT,7.0,DEBTCONSOLIDATION,D,8000,16.77,1,0.38,Y,4,2024-12-10
23,54000,RENT,7.0,VENTURE,B,15550,11.71,0,0.29,N,4,2024-01-29
25,42000,RENT,1.0,DEBTCONSOLIDATION,B,6000,11.013786929274843,0,0.14,N,2,2024-10-24
24,53000,MORTGAGE,8.0,PERSONAL,D,10000,14.91,0,0.19,N,2,2024-02-22
24,86400,MORTGAGE,2.0,DEBTCONSOLIDATION,A,12200,7.29,0,0.14,N,2,2024-09-16
24,90000,MORTGAGE,8.0,HOMEIMPROVEMENT,C,5000,11.34,0,0.06,Y,3,2024-03-15
25,33000,MORTGAGE,6.0,VENTURE,A,8000,6.62,0,0.24,N,3,2024-06-03
24,70000,MORTGAGE,2.0,HOMEIMPROVEMENT,A,17000,7.51,0,0.24,N,4,2024-12-12
24,12000,OWN,4.0,PERSONAL,B,2500,12.69,1,0.21,N,4,2024-07-30
24,28590,RENT,7.0,DEBTCONSOLIDATION,D,8000,15.65,1,0.28,Y,2,2024-03-03
24,70550,RENT,8.0,MEDICAL,D,9000,15.05,1,0.11,Y,2,2024-02-12
26,51000,MORTGAGE,10.0,DEBTCONSOLIDATION,D,13000,15.33,1,0.25,Y,2,2024-10-22
26,33800,RENT,4.0,PERSONAL,C,13000,13.57,1,0.38,Y,2,2024-12-23
22,74000,RENT,4.0,VENTURE,A,5050,5.42,0,0.07,N,4,2024-05-30
25,61000,RENT,9.0,MEDICAL,A,6000,11.013786929274843,0,0.1,N,3,2024-11-20
24,83100,RENT,5.0,PERSONAL,E,5000,16.35,0,0.06,Y,3,2024-03-31
22,40000,RENT,2.0,DEBTCONSOLIDATION,A,4000,11.013786929274843,0,0.1,N,3,2024-01-02
26,54000,MORTGAGE,10.0,MEDICAL,A,8500,5.42,1,0.16,N,3,2024-11-04
23,60000,MORTGAGE,6.0,EDUCATION,C,7000,12.99,0,0.12,Y,2,2024-01-18
22,44004,RENT,2.0,DEBTCONSOLIDATION,A,5000,8.9,0,0.11,N,3,2024-09-24
22,107000,MORTGAGE,6.0,HOMEIMPROVEMENT,E,24000,19.69,1,0.22,Y,4,2024-08-18
23,25800,RENT,2.0,PERSONAL,C,6000,11.013786929274843,0,0.23,Y,4,2024-07-19
24,90000,RENT,8.0,PERSONAL,B,10000,11.013786929274843,0,0.11,N,4,2024-07-04
26,59000,RENT,3.0,EDUCATION,C,20000,11.013786929274843,1,0.34,N,2,2024-04-09
26,130000,MORTGAGE,5.0,EDUCATION,D,35000,18.25,0,0.27,N,3,2024-10-26
26,84000,RENT,7.0,DEBTCONSOLIDATION,D,15000,16.0,1,0.18,Y,2,2024-11-12
23,108366,RENT,7.0,HOMEIMPROVEMENT,F,35000,20.25,1,0.32,N,2,2024-01-29
22,64000,RENT,5.0,DEBTCONSOLIDATION,A,6600,8.9,0,0.1,N,4,2024-04-18
23,40000,RENT,7.0,VENTURE,B,10000,10.36,0,0.25,N,3,2024-08-08
26,48000,RENT,1.0,EDUCATION,E,15000,18.64,1,0.31,N,3,2024-11-10
25,100000,MORTGAGE,9.0,PERSONAL,B,17600,10.59,0,0.18,N,3,2024-01-22
24,425000,MORTGAGE,8.0,EDUCATION,A,10000,7.88,0,0.02,N,3,2024-09-07
24,55680,MORTGAGE,4.0,PERSONAL,B,7875,10.65,0,0.14,N,3,2024-10-24
24,140300,MORTGAGE,6.0,MEDICAL,B,6000,11.14,0,0.04,N,3,2024-02-13
22,36000,MORTGAGE,3.0,DEBTCONSOLIDATION,A,5250,11.013786929274843,0,0.15,N,2,2024-10-22
25,34000,RENT,10.0,DEBTCONSOLIDATION,B,20000,8.88,1,0.59,N,2,2024-04-26
25,69000,RENT,3.0,DEBTCONSOLIDATION,D,10000,14.09,1,0.14,Y,2,2024-10-28
24,29232,MORTGAGE,1.0,VENTURE,B,11000,11.71,0,0.38,N,2,2024-07-11
22,59000,RENT,2.0,DEBTCONSOLIDATION,B,11000,10.74,0,0.19,N,3,2024-03-14
23,48000,RENT,1.0,VENTURE,C,10000,12.84,0,0.21,Y,3,2024-08-14
22,36600,MORTGAGE,2.0,VENTURE,A,9950,7.29,0,0.27,N,3,2024-08-08
25,45000,MORTGAGE,5.0,EDUCATION,B,3800,10.65,0,0.08,N,3,2024-12-24
25,29000,RENT,2.0,MEDICAL,C,2500,12.84,1,0.09,Y,4,2024-11-15
26,70000,RENT,2.0,DEBTCONSOLIDATION,B,10000,9.45,0,0.14,N,3,2024-01-04
22,70800,RENT,6.0,EDUCATION,C,10000,12.61,0,0.14,N,2,2024-06-23
24,30000,RENT,2.0,MEDICAL,A,3000,6.03,0,0.1,N,4,2024-05-08
26,24500,RENT,4.0,EDUCATION,B,8875,10.0,1,0.36,N,3,2024-10-15
23,40000,RENT,5.0,DEBTCONSOLIDATION,B,2000,11.71,0,0.05,N,4,2024-04-16
25,174000,MORTGAGE,2.0,EDUCATION,C,8800,14.27,0,0.05,N,4,2024-02-02
26,72600,MORTGAGE,3.0,VENTURE,A,4500,7.74,0,0.06,N,3,2024-03-28
26,75000,RENT,5.0,PERSONAL,A,20000,6.91,0,0.27,N,2,2024-11-27
25,42000,RENT,2.0,VENTURE,B,2000,9.25,0,0.05,N,3,2024-01-17
22,89250,MORTGAGE,6.0,MEDICAL,D,7500,13.24,1,0.07,Y,2,2024-08-20
23,50000,MORTGAGE,6.0,VENTURE,B,17000,12.42,0,0.34,N,4,2024-05-14
25,70000,MORTGAGE,6.0,HOMEIMPROVEMENT,B,12000,10.37,0,0.17,N,4,2024-04-13
22,100000,MORTGAGE,3.0,EDUCATION,B,12000,11.11,0,0.12,N,4,2024-09-10
25,41000,RENT,3.0,PERSONAL,B,8000,10.99,0,0.2,N,2,2024-08-28
24,55000,MORTGAGE,8.0,HOMEIMPROVEMENT,A,10000,5.79,0,0.18,N,2,2024-06-01
24,35000,MORTGAGE,6.0,VENTURE,B,8575,10.65,0,0.24,N,3,2024-10-06
23,100000,MORTGAGE,7.0,VENTURE,B,25000,11.71,0,0.25,N,4,2024-08-31
23,69743,MORTGAGE,7.0,VENTURE,D,1000,14.11,0,0.01,N,2,2024-01-28
23,41000,RENT,7.0,EDUCATION,A,4700,7.9,0,0.11,N,4,2024-01-14
23,55000,MORTGAGE,5.0,MEDICAL,C,8000,13.85,0,0.15,Y,2,2024-08-27
25,140000,MORTGAGE,9.0,PERSONAL,B,35000,10.59,0,0.25,N,4,2024-11-08
23,43000,MORTGAGE,1.0,EDUCATION,A,9000,9.63,0,0.21,N,2,2024-10-12
22,31200,RENT,1.0,EDUCATION,B,3200,11.99,0,0.1,N,4,2024-10-22
23,46852,RENT,3.0,EDUCATION,B,6800,10.65,1,0.15,N,4,2024-11-15
23,72000,MORTGAGE,7.0,VENTURE,A,9000,6.76,0,0.13,N,2,2024-12-03
26,59000,RENT,3.0,MEDICAL,D,12000,11.013786929274843,1,0.2,N,4,2024-11-27
22,67500,RENT,1.0,VENTURE,B,7500,9.76,0,0.11,N,3,2024-08-09
24,30000,RENT,6.0,DEBTCONSOLIDATION,A,6000,7.51,0,0.2,N,3,2024-02-29
22,50000,MORTGAGE,6.0,VENTURE,B,10000,9.88,0,0.2,N,4,2024-11-08
24,34900,RENT,3.0,VENTURE,B,5000,11.49,0,0.14,N,3,2024-01-15
23,51996,RENT,7.0,PERSONAL,C,4000,13.98,0,0.08,Y,2,2024-06-12
26,100000,MORTGAGE,7.0,DEBTCONSOLIDATION,A,7500,8.32,0,0.07,N,3,2024-11-01
23,33000,RENT,5.0,VENTURE,D,4800,14.54,0,0.15,N,4,2024-06-01
24,112000,MORTGAGE,8.0,PERSONAL,A,3500,5.42,0,0.03,N,4,2024-10-21
26,67983,MORTGAGE,7.0,MEDICAL,D,15000,16.49,1,0.19,N,3,2024-12-18
23,20400,RENT,2.0,MEDICAL,A,1200,7.9,0,0.06,N,2,2024-10-08
24,45792,RENT,3.0,PERSONAL,B,17000,10.38,1,0.37,N,3,2024-11-16
25,56004,RENT,3.0,PERSONAL,C,7000,14.22,0,0.12,N,4,2024-03-05
25,35000,OWN,9.0,VENTURE,C,4000,13.11,0,0.11,N,4,2024-12-10
25,30000,RENT,6.0,MEDICAL,B,4000,9.76,0,0.13,N,3,2024-08-22
23,92000,MORTGAGE,7.0,EDUCATION,C,18000,12.68,0,0.2,N,2,2024-08-16
24,56100,RENT,4.0,MEDICAL,D,20000,14.74,1,0.3,Y,4,2024-03-21
24,85000,RENT,5.0,MEDICAL,B,25000,10.62,0,0.29,N,4,2024-04-21
23,69996,RENT,7.0,DEBTCONSOLIDATION,C,5600,13.11,0,0.08,N,4,2024-04-26
23,37000,MORTGAGE,3.0,MEDICAL,D,3600,15.62,1,0.1,N,4,2024-08-19
25,43000,MORTGAGE,5.0,DEBTCONSOLIDATION,A,10000,7.88,0,0.23,N,3,2024-05-20
24,62000,MORTGAGE,7.0,PERSONAL,A,6200,11.013786929274843,0,0.1,N,2,2024-02-05
23,60000,RENT,2.0,VENTURE,A,9000,6.17,0,0.15,N,2,2024-01-14
25,43200,OWN,9.0,VENTURE,B,13800,11.48,0,0.32,N,2,2024-03-19
24,80000,MORTGAGE,8.0,VENTURE,D,5000,15.62,0,0.06,N,2,2024-12-29
25,77000,MORTGAGE,1.0,DEBTCONSOLIDATION,F,7200,18.53,1,0.09,N,2,2024-02-11
24,62500,MORTGAGE,2.0,EDUCATION,A,6000,5.79,0,0.1,N,3,2024-02-28
25,63600,MORTGAGE,9.0,DEBTCONSOLIDATION,B,7000,11.49,1,0.11,N,4,2024-03-30
22,19200,MORTGAGE,3.0,EDUCATION,D,5000,15.33,1,0.26,Y,2,2024-11-21
22,89000,MORTGAGE,6.0,VENTURE,C,16000,13.22,0,0.18,N,2,2024-10-11
24,80000,MORTGAGE,6.0,EDUCATION,A,16000,7.88,0,0.2,N,3,2024-06-19
24,59000,MORTGAGE,3.0,EDUCATION,C,6800,12.53,1,0.12,N,2,2024-05-06
22,50000,OWN,3.0,VENTURE,A,6000,8.94,0,0.12,N,4,2024-05-24
24,89772,RENT,8.0,DEBTCONSOLIDATION,C,6000,13.92,0,0.07,Y,3,2024-10-25
25,33000,MORTGAGE,9.0,VENTURE,B,3000,11.99,0,0.09,N,3,2024-04-22
23,54000,RENT,7.0,EDUCATION,B,1500,9.62,0,0.03,N,4,2024-05-22
22,30000,RENT,4.0,MEDICAL,C,6500,13.85,0,0.22,N,3,2024-10-13
24,70000,RENT,4.0,VENTURE,C,14400,12.68,0,0.21,N,4,2024-07-06
23,96000,RENT,7.0,EDUCATION,B,10000,10.65,0,0.1,N,3,2024-07-13
22,39000,MORTGAGE,6.0,EDUCATION,A,7000,8.94,1,0.18,N,3,2024-07-26
26,105000,MORTGAGE,11.0,MEDICAL,A,5000,8.49,0,0.05,N,4,2024-10-26
22,56000,RENT,6.0,EDUCATION,E,18250,16.7,1,0.33,N,3,2024-12-29
23,100000,RENT,4.0,EDUCATION,B,4150,10.65,0,0.04,N,4,2024-04-11
25,30000,RENT,2.0,MEDICAL,B,2000,10.38,0,0.07,N,3,2024-01-05
25,96000,RENT,3.0,DEBTCONSOLIDATION,B,12000,11.99,0,0.13,N,3,2024-03-04
25,101424,RENT,6.0,PERSONAL,A,2000,7.29,0,0.02,N,3,2024-06-11
26,26400,MORTGAGE,10.0,DEBTCONSOLIDATION,C,8500,13.23,0,0.32,N,4,2024-01-18
24,29200,MORTGAGE,6.0,DEBTCONSOLIDATION,A,2500,6.76,0,0.09,N,2,2024-12-21
25,44000,RENT,2.0,PERSONAL,D,10000,15.65,1,0.23,N,2,2024-06-02
25,45000,RENT,2.0,EDUCATION,A,11250,9.38,0,0.25,N,4,2024-12-11
24,56000,MORTGAGE,8.0,DEBTCONSOLIDATION,E,20000,16.7,1,0.36,Y,4,2024-02-02
22,33000,RENT,1.0,EDUCATION,B,5000,10.25,0,0.15,N,2,2024-06-29
24,70000,MORTGAGE,8.0,DEBTCONSOLIDATION,B,25000,9.62,0,0.36,N,4,2024-05-07
23,68000,MORTGAGE,5.0,MEDICAL,B,11500,9.99,0,0.17,N,2,2024-05-02
22,37200,RENT,2.0,EDUCATION,A,10000,6.92,0,0.27,N,2,2024-06-04
22,25200,RENT,7.0,DEBTCONSOLIDATION,D,7500,14.96,1,0.3,N,3,2024-04-20
24,62400,RENT,8.0,EDUCATION,B,15000,9.45,0,0.24,N,2,2024-10-19
26,40000,RENT,11.0,PERSONAL,B,5000,9.91,0,0.13,N,3,2024-09-08
25,80004,RENT,9.0,VENTURE,C,20000,14.26,0,0.25,N,2,2024-02-14
23,55000,RENT,7.0,MEDICAL,B,4200,9.91,0,0.08,N,4,2024-11-27
25,100000,RENT,2.0,HOMEIMPROVEMENT,D,21000,16.49,1,0.21,Y,3,2024-07-26
22,50004,RENT,2.0,EDUCATION,A,4000,6.92,0,0.08,N,4,2024-01-11
24,61400,RENT,1.0,DEBTCONSOLIDATION,C,12250,12.23,0,0.2,Y,2,2024-07-06
23,53664,MORTGAGE,7.0,DEBTCONSOLIDATION,B,15000,10.75,0,0.28,N,2,2024-02-07
22,35325,RENT,2.0,EDUCATION,D,6500,15.95,1,0.18,N,3,2024-05-23
23,50000,RENT,5.0,EDUCATION,B,10000,9.63,0,0.2,N,3,2024-05-26
25,45600,MORTGAGE,7.0,EDUCATION,C,13000,12.99,0,0.29,N,2,2024-06-25
23,58000,RENT,4.0,EDUCATION,B,8000,10.37,0,0.14,N,2,2024-10-15
22,60000,MORTGAGE,6.0,MEDICAL,A,7000,7.14,0,0.12,N,3,2024-02-22
22,41604,OWN,1.0,EDUCATION,B,14400,11.013786929274843,0,0.35,N,4,2024-06-09
26,62500,RENT,7.0,MEDICAL,C,12000,12.23,0,0.19,Y,4,2024-05-14
22,33685,MORTGAGE,6.0,DEBTCONSOLIDATION,C,5000,13.85,0,0.15,N,3,2024-05-16
23,78000,RENT,7.0,MEDICAL,B,20000,11.013786929274843,0,0.26,N,4,2024-01-20
23,85596,MORTGAGE,5.0,VENTURE,B,6000,10.0,0,0.07,N,2,2024-08-05
24,45000,RENT,1.0,DEBTCONSOLIDATION,B,12000,10.99,0,0.27,N,3,2024-07-22
23,33359,RENT,2.0,MEDICAL,A,9000,11.013786929274843,1,0.27,N,4,2024-10-05
26,55000,RENT,1.0,DEBTCONSOLIDATION,A,3200,8.49,0,0.06,N,2,2024-02-09
23,27996,RENT,3.0,VENTURE,C,5500,12.53,0,0.2,N,2,2024-08-12
23,18000,RENT,5.0,DEBTCONSOLIDATION,B,4000,10.99,1,0.22,N,3,2024-07-01
22,61000,RENT,3.0,MEDICAL,B,5000,9.99,0,0.08,N,2,2024-06-27
22,95000,MORTGAGE,1.0,VENTURE,C,7200,12.23,0,0.08,Y,4,2024-07-04
25,69996,RENT,9.0,EDUCATION,D,25000,15.21,1,0.36,N,4,2024-11-05
26,27983,MORTGAGE,7.0,VENTURE,A,6000,7.88,0,0.21,N,3,2024-01-27
23,85500,RENT,1.0,DEBTCONSOLIDATION,C,17000,13.11,0,0.2,Y,3,2024-01-02
22,58000,OTHER,3.0,VENTURE,C,15000,13.79,0,0.26,Y,2,2024-07-09
22,45000,RENT,4.0,DEBTCONSOLIDATION,A,5400,7.29,0,0.12,N,2,2024-05-20
26,102000,MORTGAGE,3.0,EDUCATION,B,20000,11.36,0,0.2,N,4,2024-07-27
22,74000,MORTGAGE,6.0,MEDICAL,A,2500,6.62,0,0.03,N,3,2024-04-05
24,23000,RENT,4.0,VENTURE,A,5500,6.54,0,0.24,N,3,2024-01-12
23,49000,MORTGAGE,7.0,EDUCATION,C,4000,13.99,0,0.08,N,3,2024-11-22
23,50000,MORTGAGE,3.0,PERSONAL,B,10000,10.99,0,0.2,N,3,2024-01-29
26,85000,MORTGAGE,1.0,DEBTCONSOLIDATION,C,15000,12.73,0,0.18,N,3,2024-03-01
22,48000,RENT,1.0,EDUCATION,B,7200,9.62,0,0.15,N,3,2024-03-27
23,57355,MORTGAGE,5.0,MEDICAL,C,25000,13.49,1,0.37,N,3,2024-01-29
24,30996,RENT,7.0,VENTURE,E,7000,16.63,0,0.23,Y,2,2024-05-18
22,22596,RENT,4.0,DEBTCONSOLIDATION,B,7500,9.76,1,0.33,N,3,2024-10-24
22,33300,MORTGAGE,5.0,DEBTCONSOLIDATION,D,5325,14.59,1,0.16,N,4,2024-08-04
24,30000,RENT,6.0,PERSONAL,E,7750,11.013786929274843,0,0.26,N,4,2024-06-09
25,35000,RENT,4.0,VENTURE,A,4000,7.51,0,0.11,N,4,2024-01-20
22,127500,MORTGAGE,2.0,MEDICAL,A,15000,7.49,0,0.12,N,4,2024-06-26
24,18000,RENT,5.0,EDUCATION,C,3000,15.27,1,0.17,N,2,2024-06-16
23,45000,RENT,7.0,EDUCATION,B,6000,11.49,0,0.13,N,3,2024-04-17
24,65000,MORTGAGE,5.0,PERSONAL,B,9600,11.99,0,0.15,N,3,2024-10-18
26,69000,MORTGAGE,10.0,DEBTCONSOLIDATION,D,6200,15.99,1,0.09,Y,3,2024-09-26
26,46000,RENT,4.0,DEBTCONSOLIDATION,A,9000,7.14,0,0.2,N,3,2024-06-30
24,48000,MORTGAGE,4.0,VENTURE,A,5000,5.99,0,0.1,N,4,2024-10-15
25,49000,MORTGAGE,9.0,PERSONAL,A,7000,6.99,0,0.14,N,3,2024-10-19
22,26400,RENT,1.0,PERSONAL,C,3500,15.27,0,0.13,N,3,2024-06-04
24,42000,MORTGAGE,2.0,HOMEIMPROVEMENT,A,7000,8.59,0,0.17,N,3,2024-08-12
22,50000,RENT,4.0,EDUCATION,A,10000,9.32,0,0.2,N,3,2024-09-05
25,34000,MORTGAGE,2.0,MEDICAL,C,15450,11.22,1,0.45,Y,4,2024-10-04
24,55782,RENT,3.0,HOMEIMPROVEMENT,A,17000,7.51,0,0.3,N,2,2024-01-02
26,65935,RENT,1.0,EDUCATION,D,24250,14.96,1,0.37,N,4,2024-03-10
23,82000,RENT,2.0,DEBTCONSOLIDATION,B,20900,12.69,0,0.25,N,2,2024-11-23
25,46800,RENT,5.0,EDUCATION,C,12000,13.11,1,0.26,N,4,2024-05-08
23,108000,RENT,7.0,DEBTCONSOLIDATION,B,10000,11.013786929274843,1,0.09,N,3,2024-12-13
25,78000,MORTGAGE,7.0,DEBTCONSOLIDATION,C,9000,11.78,1,0.12,Y,3,2024-05-03
24,67000,MORTGAGE,2.0,HOMEIMPROVEMENT,B,12150,10.37,0,0.18,N,3,2024-10-21
22,19680,RENT,2.0,MEDICAL,D,7750,14.83,1,0.39,N,4,2024-07-15
23,43200,RENT,2.0,EDUCATION,D,9100,13.24,1,0.21,N,3,2024-10-15
24,80000,MORTGAGE,8.0,MEDICAL,A,5550,8.49,0,0.07,N,3,2024-01-10
26,122500,RENT,1.0,HOMEIMPROVEMENT,B,10000,10.65,0,0.08,N,2,2024-02-22
22,33600,OWN,1.0,DEBTCONSOLIDATION,D,5000,18.25,0,0.15,N,2,2024-06-22
22,88512,MORTGAGE,6.0,EDUCATION,A,3000,5.79,0,0.03,N,2,2024-11-23
23,28800,RENT,5.0,EDUCATION,B,2800,10.38,0,0.1,N,2,2024-02-19
22,48000,MORTGAGE,6.0,EDUCATION,A,9925,9.63,0,0.21,N,3,2024-10-20
24,110000,RENT,5.0,PERSONAL,A,12000,7.9,0,0.11,N,3,2024-11-18
26,46000,MORTGAGE,8.0,DEBTCONSOLIDATION,B,7000,9.99,1,0.15,N,4,2024-06-18
23,45000,RENT,2.0,EDUCATION,C,1700,14.72,0,0.04,N,2,2024-06-19
23,72000,RENT,3.0,EDUCATION,A,10800,7.88,0,0.15,N,2,2024-08-15
25,105000,MORTGAGE,3.0,VENTURE,C,12000,12.84,0,0.11,N,3,2024-09-05
24,31000,RENT,8.0,VENTURE,C,13500,13.43,1,0.44,Y,4,2024-10-19
22,60000,MORTGAGE,6.0,DEBTCONSOLIDATION,A,10000,8.9,0,0.17,N,3,2024-05-13
24,28000,RENT,3.0,MEDICAL,E,6400,14.75,0,0.23,Y,4,2024-03-07
23,99996,MORTGAGE,2.0,EDUCATION,B,4800,11.49,0,0.05,N,4,2024-09-27
23,33204,RENT,7.0,EDUCATION,C,2000,14.72,0,0.06,Y,2,2024-09-20
22,45000,MORTGAGE,2.0,EDUCATION,D,8000,16.49,0,0.18,Y,4,2024-04-09
22,25000,OWN,1.0,EDUCATION,A,11100,9.63,0,0.44,N,3,2024-02-01
25,93000,RENT,3.0,HOMEIMPROVEMENT,B,12000,11.013786929274843,0,0.13,N,3,2024-06-19
24,26400,RENT,4.0,EDUCATION,A,8875,6.62,1,0.34,N,3,2024-12-11
24,67000,OWN,2.0,MEDICAL,B,16000,12.69,0,0.24,N,2,2024-07-05
25,62500,RENT,2.0,DEBTCONSOLIDATION,D,12000,16.77,1,0.19,N,4,2024-06-09
26,78000,MORTGAGE,7.0,VENTURE,A,7200,6.62,0,0.09,N,4,2024-08-12
23,68000,RENT,1.0,VENTURE,E,14400,17.99,1,0.21,N,2,2024-07-15
24,35000,RENT,4.0,MEDICAL,A,1850,7.12,0,0.05,N,3,2024-04-05
25,45000,RENT,1.0,MEDICAL,B,10000,11.89,0,0.22,N,3,2024-08-03
22,80000,MORTGAGE,7.0,DEBTCONSOLIDATION,B,1500,10.37,0,0.02,N,4,2024-05-25
26,56000,RENT,6.0,DEBTCONSOLIDATION,C,8150,12.87,0,0.15,N,2,2024-12-16
23,40308,MORTGAGE,1.0,MEDICAL,A,5000,7.68,0,0.12,N,3,2024-02-25
24,49200,OWN,8.0,PERSONAL,C,4000,13.06,0,0.08,Y,3,2024-11-16
24,54000,MORTGAGE,8.0,PERSONAL,B,4000,9.99,0,0.07,N,2,2024-03-08
23,50400,MORTGAGE,7.0,VENTURE,B,2500,10.99,0,0.05,N,2,2024-12-02
22,41000,RENT,6.0,VENTURE,A,5000,11.013786929274843,0,0.12,N,2,2024-07-16
25,70000,MORTGAGE,9.0,EDUCATION,B,16000,12.18,0,0.23,N,4,2024-02-25
24,42000,MORTGAGE,8.0,PERSONAL,D,2500,15.28,0,0.06,Y,2,2024-01-27
26,60996,MORTGAGE,2.0,DEBTCONSOLIDATION,B,12000,12.21,0,0.2,N,4,2024-07-18
23,200000,MORTGAGE,4.0,EDUCATION,B,6000,11.86,0,0.03,N,3,2024-07-22
26,21000,OWN,4.0,VENTURE,C,8000,13.79,0,0.38,N,2,2024-07-06
25,55000,MORTGAGE,3.0,DEBTCONSOLIDATION,A,24200,8.49,0,0.44,N,2,2024-09-15
24,45996,RENT,2.0,VENTURE,C,10800,13.16,0,0.23,N,4,2024-12-03
23,34800,RENT,6.0,VENTURE,A,6600,7.49,0,0.19,N,2,2024-11-21
25,77078,MORTGAGE,1.0,DEBTCONSOLIDATION,B,3425,12.18,0,0.04,N,4,2024-12-20
26,100000,MORTGAGE,5.0,DEBTCONSOLIDATION,B,24000,10.99,0,0.24,N,4,2024-04-05
26,34000,MORTGAGE,6.0,PERSONAL,A,12000,6.03,0,0.35,N,2,2024-01-25
25,52000,MORTGAGE,8.0,EDUCATION,C,3900,11.013786929274843,0,0.07,Y,4,2024-06-06
24,93000,MORTGAGE,5.0,DEBTCONSOLIDATION,D,12000,16.29,1,0.13,Y,3,2024-09-06
25,29000,RENT,9.0,EDUCATION,A,3000,6.62,1,0.1,N,4,2024-01-23
24,120000,OWN,8.0,EDUCATION,A,5275,5.42,0,0.04,N,4,2024-01-07
23,36000,RENT,5.0,EDUCATION,B,10000,9.99,0,0.28,N,2,2024-05-25
23,72250,RENT,7.0,MEDICAL,B,30000,10.65,1,0.35,N,2,2024-01-01
23,66000,RENT,7.0,MEDICAL,B,5000,10.39,0,0.08,N,4,2024-10-18
24,193000,MORTGAGE,8.0,EDUCATION,C,10000,13.06,0,0.05,N,4,2024-11-09
26,92500,RENT,3.0,DEBTCONSOLIDATION,B,12000,11.71,0,0.13,N,4,2024-10-07
24,105000,RENT,2.0,HOMEIMPROVEMENT,A,13800,7.66,0,0.13,N,3,2024-12-05
25,45000,RENT,4.0,VENTURE,B,8000,10.38,0,0.18,N,2,2024-04-30
23,75000,RENT,4.0,PERSONAL,B,5000,11.013786929274843,0,0.07,N,4,2024-08-10
24,43680,RENT,1.0,EDUCATION,A,10800,5.42,0,0.25,N,4,2024-09-26
24,57500,RENT,4.0,DEBTCONSOLIDATION,C,2525,11.013786929274843,0,0.04,N,4,2024-09-27
26,34000,RENT,5.0,VENTURE,A,7500,7.9,0,0.22,N,4,2024-10-23
26,31200,RENT,8.0,PERSONAL,A,5000,8.63,0,0.16,N,2,2024-07-02
25,77000,MORTGAGE,9.0,DEBTCONSOLIDATION,A,3000,7.49,0,0.04,N,4,2024-05-19
22,40000,MORTGAGE,6.0,VENTURE,B,4500,11.71,0,0.11,N,3,2024-05-29
25,44000,MORTGAGE,7.0,EDUCATION,B,7500,10.08,1,0.17,N,4,2024-04-09
25,66000,RENT,9.0,EDUCATION,D,25000,15.33,1,0.38,N,2,2024-10-24
25,25716,RENT,1.0,MEDICAL,A,9250,6.54,1,0.36,N,2,2024-06-22
25,40000,MORTGAGE,6.0,PERSONAL,C,5000,12.61,0,0.13,Y,4,2024-02-21
26,45000,RENT,3.0,MEDICAL,B,1500,10.25,0,0.03,N,4,2024-01-14
24,48200,RENT,3.0,VENTURE,B,5000,10.38,0,0.1,N,3,2024-08-24
23,117696,MORTGAGE,2.0,MEDICAL,A,15000,6.03,0,0.13,N,4,2024-03-12
22,52000,MORTGAGE,6.0,EDUCATION,C,9750,13.06,0,0.19,Y,2,2024-08-25
32,1200000,MORTGAGE,1.0,VENTURE,A,12000,7.51,0,0.01,N,8,2024-12-22
29,70500,RENT,5.0,PERSONAL,A,35000,8.9,1,0.5,N,6,2024-03-02
33,77100,RENT,6.0,DEBTCONSOLIDATION,A,35000,8.49,1,0.45,N,9,2024-07-06
28,80000,RENT,12.0,EDUCATION,D,35000,15.62,1,0.44,N,10,2024-01-24
29,80000,RENT,2.0,DEBTCONSOLIDATION,C,35000,12.68,1,0.44,Y,10,2024-02-20
35,648000,MORTGAGE,6.0,PERSONAL,E,10000,17.19,1,0.02,Y,8,2024-08-09
29,85000,RENT,1.0,PERSONAL,B,35000,11.99,1,0.41,N,8,2024-05-18
31,73000,RENT,8.0,EDUCATION,E,35000,19.29,1,0.48,Y,10,2024-06-25
34,89000,RENT,3.0,HOMEIMPROVEMENT,D,35000,18.25,1,0.39,N,8,2024-07-17
27,100000,RENT,1.0,DEBTCONSOLIDATION,C,35000,16.11,1,0.35,N,9,2024-10-11
30,504000,RENT,4.0,DEBTCONSOLIDATION,B,3000,11.36,0,0.01,N,9,2024-11-26
35,500000,MORTGAGE,17.0,DEBTCONSOLIDATION,C,20000,13.85,0,0.04,Y,7,2024-11-20
35,500000,MORTGAGE,6.0,DEBTCONSOLIDATION,C,7500,12.29,0,0.01,Y,9,2024-05-13
33,468000,MORTGAGE,14.0,DEBTCONSOLIDATION,D,3750,15.62,1,0.01,Y,10,2024-08-22
34,120000,RENT,17.0,VENTURE,B,35000,10.59,0,0.29,N,6,2024-07-29
34,156000,RENT,4.0,EDUCATION,A,35000,11.013786929274843,0,0.22,N,5,2024-11-28
29,160000,RENT,4.0,VENTURE,C,35000,14.27,0,0.22,Y,8,2024-08-25
33,400000,MORTGAGE,9.0,PERSONAL,A,15000,6.03,0,0.04,N,10,2024-07-30
31,400000,MORTGAGE,5.0,HOMEIMPROVEMENT,A,28000,7.49,0,0.07,N,6,2024-06-07
29,400000,MORTGAGE,10.0,EDUCATION,B,25000,11.12,0,0.06,N,8,2024-12-01
34,325550,MORTGAGE,3.0,MEDICAL,D,35000,16.77,1,0.09,Y,6,2024-10-26
33,390000,MORTGAGE,8.0,MEDICAL,B,35000,10.99,0,0.09,N,8,2024-11-26
27,390000,MORTGAGE,11.0,PERSONAL,B,10000,11.26,0,0.03,N,6,2024-11-11
28,165000,RENT,3.0,DEBTCONSOLIDATION,B,35000,11.49,0,0.21,N,9,2024-12-31
30,170000,RENT,4.0,EDUCATION,C,35000,13.06,0,0.21,Y,9,2024-06-29
30,81000,RENT,14.0,DEBTCONSOLIDATION,B,34000,10.59,1,0.42,N,8,2024-06-23
28,11029,MORTGAGE,12.0,MEDICAL,C,2150,10.78,1,0.19,Y,7,2024-05-30
30,350000,OWN,3.0,PERSONAL,A,32000,6.62,0,0.09,N,7,2024-11-15
28,350000,RENT,1.0,DEBTCONSOLIDATION,B,20000,11.013786929274843,0,0.06,N,9,2024-09-11
35,350000,MORTGAGE,10.0,VENTURE,D,35000,17.49,0,0.1,N,7,2024-05-16
29,338000,RENT,3.0,HOMEIMPROVEMENT,F,24000,17.8,1,0.07,N,8,2024-03-24
34,287300,RENT,1.0,MEDICAL,C,15000,12.41,1,0.04,Y,8,2024-12-02
32,348000,MORTGAGE,16.0,MEDICAL,B,25000,11.83,0,0.07,N,8,2024-11-23
30,340000,MORTGAGE,2.0,HOMEIMPROVEMENT,F,25000,18.3,0,0.07,N,8,2024-01-03
28,336000,RENT,1.0,VENTURE,C,2150,13.06,0,0.01,Y,5,2024-12-29
34,69996,RENT,13.0,MEDICAL,B,32000,10.99,1,0.46,N,8,2024-02-27
30,11440,OWN,3.0,MEDICAL,C,1750,12.73,0,0.15,Y,5,2024-06-01
28,105500,RENT,1.0,DEBTCONSOLIDATION,A,31000,8.49,0,0.29,N,9,2024-04-20
29,74000,RENT,2.0,DEBTCONSOLIDATION,D,30750,11.013786929274843,1,0.42,N,6,2024-03-13
32,307000,OWN,10.0,VENTURE,C,11000,14.26,0,0.04,Y,10,2024-07-17
27,300000,MORTGAGE,6.0,DEBTCONSOLIDATION,C,10000,14.27,0,0.03,Y,7,2024-09-14
30,300000,MORTGAGE,13.0,EDUCATION,B,4000,10.65,0,0.01,N,10,2024-11-17
27,75000,RENT,11.0,PERSONAL,B,30000,10.65,1,0.4,N,5,2024-02-23
29,80000,RENT,2.0,MEDICAL,B,30000,12.42,1,0.38,N,9,2024-04-09
29,244800,RENT,8.0,MEDICAL,D,8000,14.09,1,0.03,N,5,2024-01-17
31,300000,MORTGAGE,1.0,VENTURE,D,25000,14.83,0,0.08,N,9,2024-09-09
32,288000,MORTGAGE,8.0,DEBTCONSOLIDATION,D,25000,14.83,1,0.09,Y,10,2024-10-12
28,288000,RENT,5.0,DEBTCONSOLIDATION,E,25000,17.93,1,0.09,N,8,2024-05-27
29,105000,RENT,6.0,HOMEIMPROVEMENT,A,30000,5.99,0,0.29,N,8,2024-09-15
29,112260,RENT,5.0,EDUCATION,D,30000,17.49,0,0.27,N,10,2024-05-10
34,286000,MORTGAGE,11.0,VENTURE,A,30000,6.62,0,0.1,N,6,2024-12-19
34,285000,RENT,5.0,EDUCATION,B,21000,11.71,0,0.07,N,10,2024-05-29
30,232050,MORTGAGE,14.0,MEDICAL,E,25000,17.93,1,0.09,Y,9,2024-03-09
28,285000,MORTGAGE,4.0,PERSONAL,E,25000,16.32,0,0.09,N,6,2024-03-19
29,280000,MORTGAGE,6.0,VENTURE,C,15000,12.99,0,0.05,N,7,2024-11-26
28,280000,MORTGAGE,3.0,HOMEIMPROVEMENT,B,20000,11.36,0,0.07,N,5,2024-12-13
31,128000,RENT,2.0,VENTURE,D,30000,16.29,1,0.23,N,10,2024-05-28
31,275000,MORTGAGE,9.0,PERSONAL,C,25000,13.85,0,0.09,N,6,2024-03-09
31,273655,MORTGAGE,4.0,DEBTCONSOLIDATION,A,19600,7.51,0,0.07,N,5,2024-03-31
27,258000,RENT,11.0,EDUCATION,E,35000,18.64,1,0.14,Y,7,2024-11-24
30,270000,MORTGAGE,7.0,HOMEIMPROVEMENT,E,35000,19.69,0,0.13,N,8,2024-12-02
30,270000,MORTGAGE,14.0,DEBTCONSOLIDATION,B,21000,11.26,0,0.08,N,6,2024-06-05
30,267000,MORTGAGE,7.0,HOMEIMPROVEMENT,B,25000,10.36,0,0.09,N,9,2024-02-21
31,73000,RENT,15.0,HOMEIMPROVEMENT,B,29700,11.11,1,0.41,N,7,2024-08-22
29,148616,RENT,2.0,EDUCATION,A,29550,8.9,0,0.2,N,9,2024-05-26
27,81300,RENT,3.0,VENTURE,B,29000,12.69,1,0.36,N,6,2024-11-07
29,89000,RENT,1.0,EDUCATION,A,28800,7.49,1,0.32,N,6,2024-05-10
31,260000,MORTGAGE,14.0,VENTURE,A,18000,8.94,0,0.07,N,9,2024-05-11
31,260000,MORTGAGE,6.0,DEBTCONSOLIDATION,C,25000,13.57,0,0.1,Y,10,2024-12-19
31,258000,MORTGAGE,3.0,PERSONAL,A,28000,5.99,0,0.11,N,5,2024-02-13
28,250000,MORTGAGE,3.0,PERSONAL,B,35000,11.71,0,0.14,N,7,2024-09-20
27,238000,RENT,11.0,HOMEIMPROVEMENT,D,12000,17.27,1,0.05,N,7,2024-10-14
27,65000,RENT,4.0,EDUCATION,A,28000,7.9,1,0.43,N,6,2024-11-01
32,202300,MORTGAGE,9.0,MEDICAL,D,25000,14.59,1,0.11,N,7,2024-08-27
29,250000,MORTGAGE,12.0,VENTURE,A,8000,7.51,0,0.03,N,10,2024-02-14
31,250000,MORTGAGE,2.0,MEDICAL,C,4000,14.22,0,0.02,Y,10,2024-07-15
35,250000,OWN,8.0,VENTURE,B,15000,9.88,0,0.06,N,5,2024-08-07
28,96000,RENT,3.0,HOMEIMPROVEMENT,A,28000,7.9,0,0.29,N,10,2024-09-21
27,111000,RENT,11.0,PERSONAL,A,28000,7.9,0,0.25,N,8,2024-05-09
35,115000,RENT,1.0,VENTURE,B,28000,9.91,0,0.24,N,6,2024-01-18
35,87550,RENT,3.0,MEDICAL,F,28000,18.62,1,0.27,N,10,2024-02-29
27,240000,MORTGAGE,1.0,EDUCATION,A,35000,7.9,0,0.15,N,7,2024-03-05
32,240000,MORTGAGE,5.0,MEDICAL,A,8400,7.51,0,0.04,N,5,2024-12-07
31,240000,MORTGAGE,15.0,MEDICAL,A,5500,5.42,0,0.02,N,5,2024-07-09
29,240000,MORTGAGE,5.0,VENTURE,A,10000,8.49,0,0.04,N,8,2024-08-04
30,240000,MORTGAGE,8.0,VENTURE,D,28000,16.49,0,0.12,Y,7,2024-10-28
28,240000,MORTGAGE,3.0,VENTURE,D,8400,11.013786929274843,0,0.04,N,8,2024-02-29
29,228000,MORTGAGE,11.0,DEBTCONSOLIDATION,D,35000,14.91,1,0.15,N,8,2024-03-18
29,240000,MORTGAGE,10.0,EDUCATION,A,5000,7.88,0,0.02,N,8,2024-11-24
30,240000,RENT,7.0,PERSONAL,A,18000,7.88,0,0.07,N,10,2024-04-18
27,52000,RENT,5.0,MEDICAL,B,26000,10.99,1,0.5,N,10,2024-07-15
29,110000,RENT,9.0,DEBTCONSOLIDATION,B,25600,11.013786929274843,0,0.23,N,5,2024-02-25
31,122000,RENT,2.0,EDUCATION,C,25600,15.96,0,0.21,Y,7,2024-07-30
27,231252,MORTGAGE,1.0,DEBTCONSOLIDATION,B,2000,9.91,0,0.01,N,6,2024-02-23
32,230000,RENT,16.0,HOMEIMPROVEMENT,A,35000,11.013786929274843,0,0.15,N,9,2024-04-02
34,40000,RENT,3.0,MEDICAL,B,25000,10.25,1,0.63,N,8,2024-11-10
27,47000,RENT,3.0,VENTURE,D,25000,15.7,1,0.53,Y,10,2024-03-26
33,48000,RENT,11.0,DEBTCONSOLIDATION,B,25000,9.99,1,0.52,N,10,2024-03-13
30,225000,RENT,2.0,MEDICAL,B,25000,12.42,0,0.11,N,10,2024-04-24
28,225000,MORTGAGE,2.0,VENTURE,A,30000,8.49,0,0.13,N,6,2024-09-08
33,225000,MORTGAGE,12.0,PERSONAL,B,8000,9.99,0,0.04,N,10,2024-06-12
27,48000,RENT,2.0,PERSONAL,C,25000,10.59,1,0.52,N,7,2024-09-26
27,225000,MORTGAGE,11.0,VENTURE,D,25000,15.31,0,0.11,N,5,2024-06-28
29,225000,OWN,11.0,PERSONAL,B,24250,11.013786929274843,0,0.11,N,7,2024-04-08
28,225000,MORTGAGE,8.0,PERSONAL,C,16800,13.92,0,0.07,Y,5,2024-07-27
27,225000,MORTGAGE,1.0,VENTURE,B,14000,11.013786929274843,0,0.06,N,7,2024-12-29
32,225000,MORTGAGE,4.0,PERSONAL,C,20000,13.92,0,0.09,N,10,2024-07-22
28,225000,MORTGAGE,1.0,VENTURE,A,5000,7.75,0,0.02,N,5,2024-05-18
28,49861,RENT,2.0,MEDICAL,C,25000,13.11,1,0.5,Y,7,2024-10-07
29,220000,OWN,1.0,PERSONAL,F,14725,19.41,0,0.07,N,6,2024-11-23
31,219996,MORTGAGE,3.0,MEDICAL,A,20000,6.54,0,0.09,N,5,2024-02-26
29,218000,MORTGAGE,12.0,EDUCATION,A,14400,8.9,0,0.07,N,7,2024-06-10
28,216000,MORTGAGE,12.0,VENTURE,D,15000,16.02,0,0.07,Y,8,2024-03-12
28,215662,MORTGAGE,12.0,VENTURE,B,21000,11.99,0,0.1,N,7,2024-07-26
32,53196,RENT,9.0,VENTURE,B,25000,11.86,1,0.47,N,9,2024-06-10
30,54000,RENT,13.0,MEDICAL,B,25000,10.74,1,0.46,N,6,2024-12-27
29,48000,RENT,9.0,HOMEIMPROVEMENT,C,25000,13.61,1,0.52,Y,8,2024-11-04
30,210000,MORTGAGE,8.0,DEBTCONSOLIDATION,B,24000,11.49,0,0.11,N,6,2024-05-24
30,198000,MORTGAGE,5.0,DEBTCONSOLIDATION,E,15000,11.013786929274843,1,0.08,Y,9,2024-11-27
30,210000,MORTGAGE,2.0,HOMEIMPROVEMENT,C,24250,12.87,0,0.12,Y,6,2024-12-11
28,209000,OWN,4.0,PERSONAL,D,15000,14.84,0,0.07,Y,7,2024-10-20
27,207182,MORTGAGE,11.0,VENTURE,B,22000,10.62,0,0.11,N,5,2024-10-27
30,54383,RENT,5.0,HOMEIMPROVEMENT,D,25000,15.65,1,0.46,Y,7,2024-08-22
27,49000,RENT,11.0,DEBTCONSOLIDATION,B,25000,11.36,1,0.51,N,5,2024-05-01
27,204000,MORTGAGE,3.0,HOMEIMPROVEMENT,D,25000,15.31,0,0.12,Y,6,2024-04-16
29,162350,RENT,12.0,MEDICAL,G,25000,21.64,1,0.13,Y,9,2024-06-14
28,202040,MORTGAGE,12.0,PERSONAL,D,12000,14.46,0,0.06,Y,8,2024-09-11
32,202000,MORTGAGE,7.0,PERSONAL,B,28000,10.59,0,0.14,N,7,2024-10-13
31,201996,MORTGAGE,11.0,EDUCATION,C,20000,11.013786929274843,0,0.1,N,10,2024-12-26
30,56952,RENT,3.0,MEDICAL,B,25000,11.36,1,0.44,N,9,2024-04-27
31,60000,RENT,4.0,HOMEIMPROVEMENT,A,25000,8.9,1,0.42,N,10,2024-10-03
28,60000,RENT,3.0,MEDICAL,C,25000,13.49,1,0.42,N,10,2024-05-31
29,200000,MORTGAGE,13.0,VENTURE,B,10000,12.69,0,0.05,N,9,2024-10-13
28,200000,MORTGAGE,2.0,PERSONAL,A,15000,6.03,0,0.07,N,6,2024-12-23
32,200000,RENT,6.0,HOMEIMPROVEMENT,E,35000,19.03,0,0.17,Y,8,2024-03-20
28,200000,MORTGAGE,12.0,EDUCATION,A,25000,7.9,0,0.13,N,9,2024-08-15
31,200000,MORTGAGE,8.0,DEBTCONSOLIDATION,A,24000,8.9,0,0.12,N,9,2024-01-20
31,200000,MORTGAGE,3.0,MEDICAL,A,30000,8.9,0,0.15,N,5,2024-10-25
28,200000,MORTGAGE,2.0,MEDICAL,A,15000,8.9,0,0.07,N,10,2024-10-06
27,60000,RENT,11.0,VENTURE,B,25000,11.013786929274843,1,0.42,N,8,2024-08-15
28,61000,RENT,9.0,PERSONAL,B,25000,9.91,1,0.41,N,7,2024-05-11
28,200000,MORTGAGE,7.0,PERSONAL,A,10000,6.99,0,0.05,N,7,2024-11-15
35,188000,RENT,4.0,DEBTCONSOLIDATION,D,5000,16.49,1,0.03,N,9,2024-10-31
28,63000,RENT,4.0,MEDICAL,B,25000,11.36,1,0.4,N,8,2024-09-18
32,63235,RENT,3.0,HOMEIMPROVEMENT,B,25000,10.25,1,0.4,N,8,2024-09-10
30,65000,RENT,2.0,DEBTCONSOLIDATION,B,25000,10.38,1,0.38,N,8,2024-11-17
30,65000,RENT,15.0,HOMEIMPROVEMENT,B,25000,11.013786929274843,1,0.38,N,5,2024-07-07
31,65800,RENT,15.0,DEBTCONSOLIDATION,A,25000,7.51,1,0.38,N,9,2024-06-26
27,200000,MORTGAGE,7.0,PERSONAL,B,15000,9.88,0,0.07,N,9,2024-02-17
30,200000,RENT,5.0,DEBTCONSOLIDATION,B,10000,11.36,0,0.05,N,9,2024-09-22
28,200000,RENT,4.0,VENTURE,D,25000,15.33,0,0.13,Y,7,2024-11-30
27,200000,MORTGAGE,6.0,EDUCATION,A,10000,7.51,0,0.05,N,10,2024-08-10
32,188000,RENT,14.0,DEBTCONSOLIDATION,B,25000,10.62,1,0.13,N,5,2024-03-14
29,66000,RENT,4.0,EDUCATION,B,25000,11.48,1,0.38,N,10,2024-09-28
29,200000,MORTGAGE,7.0,PERSONAL,B,14400,11.14,0,0.07,N,7,2024-01-12
30,200000,MORTGAGE,4.0,MEDICAL,B,6000,11.83,0,0.03,N,5,2024-02-13
27,200000,MORTGAGE,6.0,EDUCATION,A,5000,7.74,0,0.03,N,7,2024-12-04
28,200000,RENT,1.0,MEDICAL,B,24250,12.53,0,0.12,N,5,2024-05-30
30,200000,MORTGAGE,5.0,PERSONAL,B,20000,11.48,0,0.1,N,7,2024-06-27
30,69000,RENT,6.0,EDUCATION,D,25000,14.09,1,0.36,Y,5,2024-08-06
32,69996,RENT,4.0,VENTURE,D,25000,15.95,1,0.36,Y,10,2024-11-09
27,70000,RENT,11.0,PERSONAL,B,25000,11.71,1,0.36,N,7,2024-03-06
32,64000,RENT,11.0,DEBTCONSOLIDATION,D,25000,15.2,1,0.39,N,5,2024-03-20
29,70000,RENT,3.0,PERSONAL,D,25000,14.83,1,0.36,N,6,2024-08-31
30,72000,RENT,5.0,VENTURE,D,25000,16.32,1,0.35,Y,5,2024-12-10
27,72000,RENT,9.0,EDUCATION,B,25000,10.75,1,0.35,N,8,2024-08-10
31,57800,RENT,2.0,MEDICAL,E,25000,17.19,1,0.37,N,8,2024-03-15
32,74400,RENT,16.0,MEDICAL,B,25000,10.38,1,0.34,N,8,2024-04-06
29,68872,RENT,2.0,PERSONAL,D,25000,15.95,1,0.36,Y,10,2024-05-01
30,75000,RENT,9.0,PERSONAL,D,25000,15.2,1,0.33,N,5,2024-03-16
34,75000,RENT,9.0,DEBTCONSOLIDATION,B,25000,10.38,1,0.33,N,8,2024-04-18
29,192000,MORTGAGE,6.0,VENTURE,C,15000,14.27,0,0.08,Y,6,2024-03-06
35,192000,MORTGAGE,11.0,HOMEIMPROVEMENT,B,10000,11.99,0,0.05,N,9,2024-07-31
28,192000,MORTGAGE,8.0,MEDICAL,B,20000,11.013786929274843,0,0.1,N,9,2024-05-02
29,190000,MORTGAGE,5.0,PERSONAL,A,4000,6.62,0,0.02,N,5,2024-08-19
31,190000,OWN,8.0,EDUCATION,A,15000,6.03,0,0.08,N,8,2024-06-14
31,190000,MORTGAGE,4.0,DEBTCONSOLIDATION,A,9000,6.03,0,0.05,N,7,2024-06-10
28,190000,MORTGAGE,1.0,HOMEIMPROVEMENT,D,35000,17.49,0,0.18,N,6,2024-10-24
29,190000,MORTGAGE,3.0,EDUCATION,B,14000,11.013786929274843,0,0.07,N,6,2024-01-09
35,14400,OWN,2.0,DEBTCONSOLIDATION,B,5550,10.37,1,0.39,N,8,2024-04-22
27,69000,RENT,5.0,VENTURE,E,25000,13.75,1,0.36,Y,6,2024-09-21
30,77000,RENT,7.0,PERSONAL,B,25000,10.75,1,0.32,N,8,2024-09-14
28,190000,MORTGAGE,7.0,EDUCATION,B,25000,11.013786929274843,0,0.13,N,8,2024-05-14
29,190000,RENT,1.0,HOMEIMPROVEMENT,B,7000,9.88,0,0.04,N,9,2024-07-11
31,190000,MORTGAGE,15.0,MEDICAL,C,24000,11.013786929274843,0,0.13,N,10,2024-06-04
27,190000,OWN,11.0,MEDICAL,B,23000,11.83,0,0.12,N,8,2024-07-08
34,178000,MORTGAGE,4.0,DEBTCONSOLIDATION,D,12000,15.65,1,0.07,Y,5,2024-12-02
30,190000,RENT,3.0,DEBTCONSOLIDATION,B,15000,11.48,0,0.08,N,8,2024-07-30
33,190000,MORTGAGE,10.0,HOMEIMPROVEMENT,D,20000,14.11,0,0.11,N,10,2024-03-14
32,190000,RENT,8.0,EDUCATION,A,15000,9.63,0,0.08,N,7,2024-03-12
32,189996,RENT,4.0,PERSONAL,A,8400,9.32,0,0.04,N,8,2024-03-26
33,189000,MORTGAGE,5.0,DEBTCONSOLIDATION,A,20000,6.17,0,0.11,N,7,2024-10-29
30,78000,RENT,4.0,HOMEIMPROVEMENT,D,25000,11.013786929274843,1,0.32,Y,9,2024-03-26
31,78000,RENT,10.0,MEDICAL,B,25000,10.75,1,0.32,N,8,2024-12-23
27,72000,RENT,3.0,DEBTCONSOLIDATION,D,25000,15.95,1,0.35,Y,6,2024-07-21
29,148410,MORTGAGE,5.0,MEDICAL,D,11200,16.89,1,0.06,Y,9,2024-08-12
28,186480,MORTGAGE,12.0,MEDICAL,C,10000,14.22,0,0.05,Y,9,2024-12-01
29,186063,MORTGAGE,14.0,EDUCATION,B,25000,10.46,0,0.13,N,6,2024-03-06
28,186000,OTHER,3.0,VENTURE,A,2500,7.4,0,0.01,N,9,2024-06-17
27,185232,MORTGAGE,10.0,PERSONAL,A,35000,11.013786929274843,0,0.19,N,8,2024-04-09
30,185000,MORTGAGE,8.0,VENTURE,B,15000,10.99,0,0.08,N,7,2024-03-02
29,173000,MORTGAGE,7.0,DEBTCONSOLIDATION,D,28000,17.49,1,0.16,Y,10,2024-01-10
32,80000,RENT,2.0,VENTURE,B,25000,11.013786929274843,1,0.31,N,8,2024-04-01
27,183000,RENT,12.0,EDUCATION,E,15000,19.03,0,0.08,Y,6,2024-03-29
32,80000,RENT,1.0,MEDICAL,C,25000,12.87,1,0.31,N,9,2024-12-18
30,14400,OWN,2.0,VENTURE,B,1000,10.62,0,0.07,N,10,2024-04-01
29,180396,MORTGAGE,8.0,PERSONAL,B,18000,12.69,0,0.1,N,9,2024-05-27
29,180000,MORTGAGE,2.0,PERSONAL,E,31000,19.42,0,0.17,Y,8,2024-12-06
30,180000,MORTGAGE,2.0,DEBTCONSOLIDATION,A,12500,6.03,0,0.07,N,6,2024-03-09
27,180000,RENT,2.0,MEDICAL,B,15000,12.42,0,0.08,N,10,2024-08-06
31,180000,MORTGAGE,5.0,VENTURE,C,9000,14.27,0,0.05,Y,6,2024-04-03
32,180000,MORTGAGE,12.0,PERSONAL,A,10000,7.9,0,0.06,N,10,2024-10-30
31,180000,OWN,15.0,EDUCATION,B,10000,11.71,0,0.06,N,7,2024-08-01
28,84000,RENT,7.0,PERSONAL,E,25000,15.95,0,0.3,Y,7,2024-12-16
31,85000,RENT,5.0,VENTURE,B,25000,10.75,0,0.29,N,7,2024-10-29
34,180000,MORTGAGE,9.0,EDUCATION,C,12900,12.99,0,0.07,Y,7,2024-04-07
33,180000,MORTGAGE,17.0,DEBTCONSOLIDATION,A,13000,7.29,0,0.07,N,7,2024-05-25
29,180000,MORTGAGE,9.0,PERSONAL,A,15000,5.79,0,0.08,N,6,2024-11-28
30,180000,MORTGAGE,11.0,VENTURE,D,28000,14.91,0,0.16,Y,5,2024-02-29
27,180000,RENT,4.0,PERSONAL,B,8000,10.37,0,0.04,N,5,2024-03-20
35,180000,MORTGAGE,6.0,DEBTCONSOLIDATION,A,8500,6.92,0,0.05,N,8,2024-01-11
28,180000,RENT,4.0,VENTURE,C,9000,13.8,0,0.05,N,10,2024-10-30
30,85000,RENT,3.0,HOMEIMPROVEMENT,B,25000,12.21,0,0.29,N,6,2024-09-21
28,15000,OWN,2.0,PERSONAL,B,4375,12.42,1,0.29,N,9,2024-10-10
30,180000,MORTGAGE,14.0,DEBTCONSOLIDATION,B,20000,11.48,0,0.11,N,8,2024-05-16
31,168000,RENT,1.0,VENTURE,E,20000,11.013786929274843,1,0.12,Y,7,2024-09-12
30,168000,MORTGAGE,8.0,EDUCATION,A,10000,8.94,1,0.06,N,5,2024-11-05
27,168000,MORTGAGE,5.0,DEBTCONSOLIDATION,F,24000,17.26,1,0.14,N,9,2024-04-13
32,90000,RENT,2.0,PERSONAL,B,25000,9.99,0,0.28,N,7,2024-11-26
32,90000,RENT,7.0,EDUCATION,D,25000,15.58,0,0.28,N,7,2024-09-19
29,15000,OWN,5.0,PERSONAL,A,5000,7.51,1,0.33,N,7,2024-03-18
34,91000,RENT,11.0,MEDICAL,B,25000,11.36,0,0.27,N,5,2024-05-30
31,15000,MORTGAGE,3.0,DEBTCONSOLIDATION,D,2000,16.89,1,0.13,Y,8,2024-11-06
29,92200,RENT,7.0,VENTURE,D,25000,14.96,0,0.27,N,5,2024-12-06
30,96000,RENT,3.0,PERSONAL,B,25000,11.013786929274843,0,0.26,N,6,2024-01-24
28,175000,RENT,7.0,HOMEIMPROVEMENT,A,6000,7.9,0,0.03,N,10,2024-09-23
29,175000,MORTGAGE,1.0,DEBTCONSOLIDATION,A,15000,8.49,0,0.09,N,8,2024-09-01
31,175000,MORTGAGE,3.0,EDUCATION,E,7500,19.69,0,0.04,N,9,2024-07-09
35,175000,MORTGAGE,12.0,VENTURE,A,2200,8.49,0,0.01,N,7,2024-01-05
27,96000,RENT,11.0,HOMEIMPROVEMENT,E,25000,11.013786929274843,0,0.26,N,6,2024-12-10
29,97000,RENT,4.0,PERSONAL,B,25000,10.37,0,0.26,N,10,2024-04-10
31,86000,RENT,1.0,DEBTCONSOLIDATION,D,25000,16.0,1,0.29,Y,5,2024-03-20
29,88000,RENT,9.0,PERSONAL,D,25000,14.46,1,0.28,Y,10,2024-01-14
33,100000,RENT,1.0,HOMEIMPROVEMENT,C,25000,11.66,0,0.25,N,9,2024-06-20
35,15000,OWN,3.0,HOMEIMPROVEMENT,A,3700,9.32,1,0.25,N,6,2024-11-09
30,75480,RENT,1.0,MEDICAL,C,25000,15.27,1,0.28,Y,9,2024-04-14
30,102000,RENT,2.0,VENTURE,B,25000,9.62,0,0.25,N,8,2024-03-30
27,103250,RENT,1.0,VENTURE,C,25000,12.73,0,0.24,N,10,2024-09-23
29,105996,RENT,13.0,HOMEIMPROVEMENT,D,25000,14.83,0,0.24,N,9,2024-03-23
28,175000,RENT,4.0,VENTURE,B,24500,11.013786929274843,0,0.14,N,8,2024-10-19
30,175000,MORTGAGE,2.0,HOMEIMPROVEMENT,A,6000,7.68,0,0.03,N,7,2024-01-23
29,174996,MORTGAGE,8.0,EDUCATION,D,25000,15.28,0,0.14,Y,10,2024-05-19
28,174000,MORTGAGE,2.0,PERSONAL,D,12000,11.013786929274843,0,0.07,N,10,2024-08-31
27,96000,RENT,1.0,VENTURE,D,25000,16.89,1,0.26,Y,10,2024-04-08
35,110000,RENT,9.0,DEBTCONSOLIDATION,C,25000,13.49,0,0.23,N,8,2024-05-29
34,171996,MORTGAGE,1.0,PERSONAL,D,15000,14.96,0,0.09,N,5,2024-06-06
31,159200,MORTGAGE,1.0,DEBTCONSOLIDATION,D,16000,15.65,1,0.1,Y,6,2024-12-31
28,159000,RENT,5.0,PERSONAL,D,6000,15.95,1,0.04,N,10,2024-08-25
33,170004,MORTGAGE,17.0,PERSONAL,A,12000,7.51,0,0.07,N,9,2024-02-07
31,15456,MORTGAGE,1.0,PERSONAL,A,4000,8.9,1,0.26,N,5,2024-11-14
34,158000,MORTGAGE,2.0,VENTURE,C,12000,11.013786929274843,1,0.08,N,8,2024-04-07
31,158000,RENT,8.0,DEBTCONSOLIDATION,D,10200,15.99,1,0.06,Y,7,2024-01-13
35,170000,MORTGAGE,6.0,EDUCATION,A,6500,7.49,0,0.04,N,10,2024-12-12
34,170000,MORTGAGE,9.0,VENTURE,D,7500,15.99,0,0.04,N,10,2024-01-05
29,170000,MORTGAGE,7.0,PERSONAL,C,35000,12.99,0,0.21,Y,5,2024-01-20
31,170000,MORTGAGE,15.0,PERSONAL,C,10000,13.49,0,0.06,Y,8,2024-05-21
34,15523,OWN,1.0,VENTURE,A,3800,7.49,1,0.24,N,9,2024-10-06
32,106000,RENT,14.0,DEBTCONSOLIDATION,E,25000,16.63,1,0.24,Y,7,2024-04-24
33,15600,OWN,1.0,VENTURE,A,5900,11.013786929274843,1,0.38,N,7,2024-08-12
33,120000,RENT,9.0,DEBTCONSOLIDATION,B,25000,11.36,0,0.21,N,8,2024-01-29
33,125000,RENT,5.0,DEBTCONSOLIDATION,B,25000,11.36,0,0.2,N,5,2024-04-29
29,113000,RENT,1.0,EDUCATION,D,25000,15.31,1,0.22,N,6,2024-10-28
32,170000,RENT,9.0,PERSONAL,B,10000,11.14,0,0.06,N,5,2024-02-10
32,168000,RENT,5.0,EDUCATION,C,25000,15.27,0,0.15,N,6,2024-01-12
30,102213,RENT,3.0,MEDICAL,D,25000,15.7,1,0.21,N,7,2024-07-12
30,135000,RENT,4.0,PERSONAL,D,25000,15.21,0,0.19,Y,6,2024-12-21
35,123000,RENT,2.0,PERSONAL,E,25000,17.19,1,0.2,Y,8,2024-02-05
28,140000,RENT,11.0,HOMEIMPROVEMENT,C,25000,13.11,0,0.18,Y,7,2024-12-22
33,140004,RENT,7.0,EDUCATION,D,25000,15.58,0,0.18,N,10,2024-09-19
31,143000,RENT,4.0,VENTURE,D,25000,16.07,0,0.17,Y,7,2024-07-09
32,150000,RENT,7.0,DEBTCONSOLIDATION,A,25000,8.49,0,0.17,N,7,2024-02-07
30,150000,RENT,3.0,PERSONAL,E,25000,17.56,0,0.17,N,5,2024-06-15
27,150000,RENT,1.0,EDUCATION,B,25000,11.36,0,0.17,N,6,2024-09-05
29,16000,OWN,3.0,VENTURE,A,3000,7.9,1,0.19,N,8,2024-06-08
30,165000,MORTGAGE,3.0,EDUCATION,D,5000,15.62,0,0.03,Y,10,2024-12-29
27,165000,MORTGAGE,6.0,HOMEIMPROVEMENT,C,35000,12.99,0,0.21,N,9,2024-06-19
31,165000,MORTGAGE,3.0,HOMEIMPROVEMENT,C,15000,12.61,0,0.09,N,7,2024-01-07
30,150000,RENT,5.0,DEBTCONSOLIDATION,C,25000,12.53,0,0.17,N,6,2024-06-19
30,16000,MORTGAGE,2.0,MEDICAL,A,7275,5.42,1,0.45,N,10,2024-01-23
31,139016,RENT,5.0,VENTURE,D,25000,15.37,1,0.18,Y,8,2024-01-04
30,156000,RENT,5.0,MEDICAL,B,25000,9.88,0,0.16,N,7,2024-09-11
29,163000,RENT,4.0,DEBTCONSOLIDATION,B,25000,9.91,0,0.15,N,5,2024-10-24
30,170000,RENT,14.0,EDUCATION,D,25000,15.2,0,0.15,N,8,2024-10-23
27,170000,RENT,11.0,PERSONAL,D,25000,16.32,0,0.15,N,10,2024-02-04
27,16000,OTHER,1.0,DEBTCONSOLIDATION,D,5750,11.013786929274843,1,0.36,Y,8,2024-09-28
30,170000,RENT,14.0,HOMEIMPROVEMENT,D,25000,15.21,0,0.15,N,5,2024-12-20
29,175000,RENT,1.0,PERSONAL,B,25000,10.74,0,0.14,N,5,2024-03-28
32,162000,RENT,5.0,VENTURE,A,20000,6.99,0,0.12,N,9,2024-05-16
28,127500,MORTGAGE,5.0,MEDICAL,E,20000,17.04,1,0.13,Y,8,2024-02-10
29,160800,RENT,3.0,VENTURE,B,4800,10.99,0,0.03,N,5,2024-11-03
27,160669,MORTGAGE,3.0,DEBTCONSOLIDATION,B,8000,11.36,0,0.05,N,9,2024-05-08
30,148000,RENT,2.0,EDUCATION,E,22200,19.42,1,0.15,N,8,2024-03-10
29,125800,RENT,11.0,MEDICAL,D,9000,16.77,1,0.06,N,8,2024-10-23
28,178000,RENT,5.0,EDUCATION,D,25000,14.46,1,0.14,Y,7,2024-02-05
32,227500,RENT,3.0,MEDICAL,C,25000,12.53,0,0.11,N,5,2024-08-23
27,223000,RENT,2.0,EDUCATION,F,25000,18.3,1,0.11,N,9,2024-05-18
32,235000,RENT,1.0,PERSONAL,C,25000,12.53,0,0.11,Y,7,2024-10-14
33,248735,RENT,4.0,DEBTCONSOLIDATION,D,25000,14.11,1,0.1,Y,6,2024-04-18
28,78000,RENT,12.0,HOMEIMPROVEMENT,G,24625,18.36,1,0.32,N,5,2024-01-08
30,32004,RENT,1.0,PERSONAL,B,24250,11.12,1,0.76,N,5,2024-10-09
30,36000,RENT,3.0,DEBTCONSOLIDATION,C,24250,12.61,1,0.67,Y,7,2024-03-10
27,160000,MORTGAGE,11.0,HOMEIMPROVEMENT,A,16000,8.49,0,0.1,N,5,2024-07-08
32,160000,MORTGAGE,2.0,MEDICAL,B,3200,11.013786929274843,0,0.02,N,5,2024-08-06
29,160000,MORTGAGE,9.0,PERSONAL,C,14700,13.43,0,0.09,Y,5,2024-09-10
29,160000,MORTGAGE,8.0,EDUCATION,A,7000,11.013786929274843,0,0.04,N,8,2024-06-02
27,160000,MORTGAGE,12.0,DEBTCONSOLIDATION,C,7000,12.23,0,0.04,Y,6,2024-08-24
27,74000,RENT,7.0,DEBTCONSOLIDATION,D,24250,15.31,1,0.33,Y,8,2024-12-13
28,16800,OWN,5.0,EDUCATION,B,5000,9.88,1,0.3,N,7,2024-12-20
27,160000,MORTGAGE,12.0,MEDICAL,C,1500,11.78,0,0.01,Y,6,2024-04-30
30,105000,RENT,4.0,VENTURE,D,24250,15.65,0,0.23,N,10,2024-03-12
31,118320,RENT,1.0,HOMEIMPROVEMENT,B,24250,12.53,0,0.2,N,5,2024-02-09
29,126000,RENT,10.0,HOMEIMPROVEMENT,E,24250,16.7,0,0.19,Y,7,2024-02-05
31,105400,RENT,2.0,MEDICAL,D,24250,15.31,1,0.2,N,5,2024-07-17
27,128000,RENT,11.0,DEBTCONSOLIDATION,D,24250,14.59,1,0.19,N,10,2024-12-28
30,144600,RENT,14.0,VENTURE,B,24250,11.013786929274843,0,0.17,N,6,2024-03-29
29,148716,RENT,4.0,PERSONAL,C,24250,13.23,0,0.16,Y,9,2024-01-30
35,49000,RENT,2.0,DEBTCONSOLIDATION,D,24000,15.2,1,0.49,N,10,2024-06-27
28,58000,RENT,12.0,EDUCATION,B,24000,10.75,1,0.41,N,10,2024-06-16
28,17544,MORTGAGE,2.0,EDUCATION,A,1500,8.63,0,0.09,N,10,2024-10-01
28,54000,RENT,1.0,VENTURE,E,24000,16.45,1,0.44,Y,8,2024-05-29
31,17676,OWN,1.0,EDUCATION,D,2500,14.74,0,0.14,N,10,2024-04-18
30,65000,RENT,4.0,HOMEIMPROVEMENT,A,24000,7.9,1,0.37,N,5,2024-03-22
27,17795,OWN,4.0,MEDICAL,A,2650,11.013786929274843,0,0.15,N,8,2024-09-21
28,67000,RENT,5.0,DEBTCONSOLIDATION,A,24000,7.49,1,0.36,N,10,2024-11-23
27,18000,OWN,4.0,EDUCATION,A,5000,7.9,1,0.28,N,9,2024-06-08
29,72000,RENT,4.0,EDUCATION,A,24000,7.66,1,0.33,N,6,2024-05-07
27,72000,RENT,3.0,VENTURE,D,24000,14.96,1,0.33,N,10,2024-04-12
30,18000,MORTGAGE,6.0,MEDICAL,B,2200,11.013786929274843,1,0.12,N,6,2024-10-26
27,75860,RENT,9.0,MEDICAL,B,24000,10.99,1,0.32,N,5,2024-09-21
27,78000,RENT,4.0,PERSONAL,B,24000,10.99,1,0.31,N,10,2024-11-07
35,80000,RENT,1.0,PERSONAL,C,24000,13.92,0,0.3,Y,5,2024-04-08
32,85000,RENT,4.0,PERSONAL,A,24000,7.9,0,0.28,N,6,2024-06-25
28,85000,RENT,7.0,MEDICAL,B,24000,11.013786929274843,0,0.28,N,10,2024-02-18
30,90000,RENT,3.0,MEDICAL,B,24000,11.49,0,0.27,N,6,2024-03-25
31,95000,RENT,3.0,HOMEIMPROVEMENT,D,24000,13.67,0,0.25,Y,10,2024-06-25
30,85000,RENT,1.0,PERSONAL,E,24000,16.82,1,0.28,N,8,2024-11-12
35,100450,RENT,1.0,PERSONAL,B,24000,12.69,0,0.24,N,7,2024-11-19
28,103832,RENT,12.0,EDUCATION,E,24000,16.69,0,0.23,N,5,2024-06-06
35,105000,RENT,6.0,VENTURE,B,24000,9.25,0,0.23,N,7,2024-06-10
30,105400,RENT,1.0,DEBTCONSOLIDATION,C,24000,13.11,0,0.23,Y,6,2024-07-03
29,110000,RENT,4.0,HOMEIMPROVEMENT,E,24000,18.39,0,0.22,Y,8,2024-08-22
29,125000,RENT,3.0,VENTURE,E,24000,11.013786929274843,0,0.19,Y,5,2024-02-17
31,125004,RENT,13.0,VENTURE,B,24000,9.25,0,0.19,N,8,2024-05-20
28,206000,RENT,2.0,EDUCATION,C,24000,11.013786929274843,0,0.12,Y,5,2024-10-26
28,75000,RENT,5.0,VENTURE,D,23850,16.29,1,0.32,N,10,2024-06-13
29,40000,RENT,2.0,DEBTCONSOLIDATION,B,23500,11.12,1,0.59,N,8,2024-02-25
28,58704,RENT,5.0,DEBTCONSOLIDATION,C,23500,14.72,1,0.4,N,7,2024-08-28
28,18000,OWN,2.0,MEDICAL,C,6350,13.57,1,0.35,N,5,2024-05-07
29,78200,RENT,5.0,MEDICAL,B,23500,11.36,0,0.3,N,8,2024-03-04
28,75000,RENT,3.0,EDUCATION,B,23000,10.51,1,0.31,N,9,2024-06-03
30,72000,RENT,2.0,EDUCATION,B,23000,12.18,1,0.32,N,6,2024-04-27
29,91440,RENT,13.0,HOMEIMPROVEMENT,A,23000,6.54,0,0.25,N,7,2024-04-25
31,112000,RENT,5.0,PERSONAL,B,23000,12.18,0,0.21,N,6,2024-03-22
29,46000,RENT,1.0,DEBTCONSOLIDATION,D,22750,14.46,1,0.49,N,9,2024-04-03
34,69600,RENT,10.0,VENTURE,A,22650,11.013786929274843,1,0.33,N,6,2024-12-18
28,46500,RENT,2.0,EDUCATION,D,22500,14.96,1,0.48,Y,9,2024-04-05
35,68231,RENT,3.0,EDUCATION,C,22400,12.99,1,0.33,Y,7,2024-04-30
29,58500,RENT,1.0,MEDICAL,D,22000,13.67,1,0.38,N,6,2024-10-05
30,75000,RENT,5.0,HOMEIMPROVEMENT,B,22000,10.62,0,0.29,N,10,2024-12-25
31,69000,RENT,1.0,DEBTCONSOLIDATION,D,22000,13.67,1,0.32,Y,7,2024-12-18
27,19000,OWN,2.0,HOMEIMPROVEMENT,D,7800,15.58,1,0.41,Y,5,2024-07-31
31,85000,RENT,6.0,MEDICAL,B,22000,11.58,0,0.26,N,5,2024-02-17
28,92000,RENT,6.0,EDUCATION,B,22000,12.69,0,0.24,N,9,2024-05-18
27,190000,RENT,5.0,VENTURE,A,22000,6.91,0,0.12,N,10,2024-05-14
27,19200,MORTGAGE,3.0,VENTURE,D,1400,16.77,0,0.07,N,6,2024-12-05
29,19200,OWN,7.0,VENTURE,A,6000,11.013786929274843,1,0.31,N,5,2024-03-20
28,83004,RENT,13.0,MEDICAL,A,21600,6.91,0,0.26,N,10,2024-07-29
33,80001,RENT,6.0,EDUCATION,E,21600,18.64,1,0.27,N,10,2024-10-14
31,120000,RENT,7.0,HOMEIMPROVEMENT,E,21600,19.03,0,0.18,Y,5,2024-04-12
30,132000,RENT,14.0,HOMEIMPROVEMENT,B,21500,10.62,0,0.16,N,8,2024-05-11
33,19200,OWN,2.0,PERSONAL,B,6000,11.99,1,0.31,N,7,2024-04-28
35,40000,RENT,3.0,VENTURE,F,21000,19.41,1,0.53,Y,10,2024-06-06
33,47580,RENT,12.0,PERSONAL,B,21000,11.013786929274843,1,0.44,N,8,2024-09-17
33,57500,RENT,2.0,HOMEIMPROVEMENT,D,21000,16.29,1,0.37,Y,5,2024-07-09
30,19200,MORTGAGE,2.0,HOMEIMPROVEMENT,C,4750,13.61,1,0.25,Y,8,2024-03-05
31,66000,RENT,3.0,PERSONAL,B,21000,10.37,1,0.32,N,10,2024-07-26
28,68666,RENT,7.0,DEBTCONSOLIDATION,B,21000,12.69,1,0.31,N,8,2024-06-14
28,71250,RENT,2.0,PERSONAL,F,21000,11.013786929274843,1,0.29,Y,9,2024-03-15
31,72000,RENT,6.0,DEBTCONSOLIDATION,B,21000,11.99,1,0.29,N,6,2024-10-02
29,80000,RENT,3.0,PERSONAL,B,21000,10.99,0,0.26,N,6,2024-08-12
28,90000,RENT,12.0,PERSONAL,D,21000,14.54,0,0.23,N,9,2024-02-07
29,93000,RENT,13.0,EDUCATION,B,21000,12.42,1,0.23,N,10,2024-06-26
28,100511,RENT,1.0,DEBTCONSOLIDATION,D,21000,11.013786929274843,1,0.21,Y,5,2024-03-13
29,117000,RENT,6.0,PERSONAL,B,21000,10.65,0,0.18,N,9,2024-07-30
30,150000,RENT,2.0,VENTURE,B,21000,12.62,0,0.14,N,9,2024-04-05
31,32400,RENT,2.0,DEBTCONSOLIDATION,C,20500,11.03,1,0.63,Y,6,2024-02-02
35,40934,RENT,5.0,EDUCATION,B,20500,12.53,1,0.5,N,6,2024-03-20
28,58200,RENT,11.0,EDUCATION,E,20500,16.82,1,0.35,Y,5,2024-06-22
29,72000,RENT,8.0,HOMEIMPROVEMENT,B,20400,11.49,0,0.28,N,7,2024-09-20
31,30372,RENT,2.0,PERSONAL,D,20200,14.74,1,0.67,Y,5,2024-08-06
27,52275,RENT,7.0,MEDICAL,D,20050,17.58,1,0.33,Y,10,2024-01-08
32,39500,RENT,12.0,DEBTCONSOLIDATION,C,20000,13.11,1,0.51,N,5,2024-04-20
27,40000,RENT,11.0,DEBTCONSOLIDATION,A,20000,6.91,1,0.5,N,8,2024-01-09
31,42000,RENT,1.0,VENTURE,C,20000,13.57,1,0.48,N,6,2024-03-14
32,36500,RENT,2.0,DEBTCONSOLIDATION,E,20000,11.013786929274843,1,0.55,Y,8,2024-11-20
30,45000,RENT,3.0,VENTURE,B,20000,11.86,1,0.44,N,7,2024-08-27
30,20000,OWN,14.0,HOMEIMPROVEMENT,A,3800,6.99,0,0.19,N,5,2024-08-17
35,20000,OWN,1.0,VENTURE,A,5500,7.66,0,0.28,N,8,2024-05-27
31,20000,OWN,3.0,VENTURE,A,6400,5.42,0,0.32,N,6,2024-10-16
29,20000,OWN,1.0,EDUCATION,A,5000,5.79,0,0.25,N,7,2024-10-24
30,50000,RENT,4.0,VENTURE,C,20000,13.49,1,0.4,N,10,2024-04-09
27,50004,RENT,5.0,DEBTCONSOLIDATION,B,20000,11.013786929274843,1,0.4,N,9,2024-12-24
31,20000,OWN,3.0,VENTURE,B,5000,11.83,0,0.25,N,7,2024-03-12
29,51996,RENT,13.0,VENTURE,D,20000,11.013786929274843,1,0.38,Y,5,2024-10-28
31,20000,OWN,5.0,VENTURE,B,5000,11.83,0,0.25,N,5,2024-02-29
30,52500,RENT,2.0,HOMEIMPROVEMENT,B,20000,10.37,1,0.38,N,7,2024-07-04
28,54000,RENT,2.0,MEDICAL,A,20000,7.9,1,0.37,N,8,2024-05-27
32,54000,RENT,8.0,VENTURE,B,20000,11.11,1,0.37,N,7,2024-05-22
27,54000,RENT,2.0,MEDICAL,B,20000,10.99,1,0.37,N,8,2024-11-26
35,54996,RENT,12.0,HOMEIMPROVEMENT,A,20000,6.62,1,0.36,N,9,2024-10-04
27,55000,RENT,3.0,DEBTCONSOLIDATION,C,20000,13.48,1,0.36,N,9,2024-04-29
32,55000,RENT,2.0,VENTURE,B,20000,11.83,1,0.36,N,7,2024-11-04
27,56000,RENT,5.0,HOMEIMPROVEMENT,B,20000,12.18,1,0.36,N,10,2024-03-10
28,57000,RENT,12.0,DEBTCONSOLIDATION,B,20000,11.71,1,0.35,N,6,2024-02-17
33,57492,RENT,1.0,MEDICAL,B,20000,12.53,1,0.35,N,10,2024-05-17
28,51500,RENT,2.0,DEBTCONSOLIDATION,D,20000,15.65,1,0.39,Y,8,2024-05-27
30,58000,RENT,3.0,PERSONAL,C,20000,14.72,1,0.34,N,5,2024-10-08
31,59000,RENT,14.0,DEBTCONSOLIDATION,A,20000,7.51,1,0.34,N,10,2024-05-27
28,60000,RENT,12.0,PERSONAL,B,20000,10.99,1,0.33,N,10,2024-11-21
30,54000,RENT,4.0,DEBTCONSOLIDATION,D,20000,14.84,1,0.37,Y,9,2024-07-29
27,60000,RENT,1.0,EDUCATION,B,20000,10.99,1,0.33,N,6,2024-10-22
27,54000,RENT,2.0,PERSONAL,D,20000,16.0,1,0.37,N,6,2024-07-18
27,60000,RENT,11.0,VENTURE,B,20000,10.51,1,0.33,N,7,2024-03-21
34,20400,MORTGAGE,6.0,MEDICAL,C,3300,13.06,0,0.16,Y,10,2024-09-02
28,20400,MORTGAGE,4.0,EDUCATION,A,2075,7.88,0,0.1,N,8,2024-12-02
28,56000,RENT,7.0,EDUCATION,F,20000,18.25,1,0.36,N,6,2024-07-06
31,20500,MORTGAGE,4.0,HOMEIMPROVEMENT,A,1000,6.76,0,0.05,N,6,2024-02-03
28,63000,RENT,4.0,VENTURE,D,20000,14.61,1,0.32,Y,9,2024-08-16
29,65000,RENT,3.0,HOMEIMPROVEMENT,A,20000,8.9,1,0.31,N,10,2024-03-19
31,65000,RENT,9.0,VENTURE,B,20000,10.65,1,0.31,N,8,2024-07-14
27,65000,RENT,11.0,VENTURE,B,20000,11.013786929274843,1,0.31,N,5,2024-07-13
30,65000,RENT,5.0,HOMEIMPROVEMENT,B,20000,11.99,1,0.31,N,8,2024-11-22
35,20800,OWN,2.0,MEDICAL,B,7000,10.62,0,0.34,N,8,2024-10-28
32,65000,RENT,4.0,VENTURE,C,20000,13.8,1,0.31,Y,6,2024-09-16
34,65000,RENT,3.0,HOMEIMPROVEMENT,A,20000,6.54,1,0.31,N,5,2024-08-24
29,59000,RENT,4.0,VENTURE,G,20000,20.17,1,0.34,Y,5,2024-10-28
32,66000,RENT,4.0,HOMEIMPROVEMENT,A,20000,8.9,0,0.3,N,9,2024-08-14
27,66000,RENT,3.0,DEBTCONSOLIDATION,B,20000,10.62,0,0.3,N,9,2024-05-05
34,67000,RENT,7.0,EDUCATION,B,20000,11.71,0,0.3,N,9,2024-03-09
27,67000,RENT,2.0,HOMEIMPROVEMENT,C,20000,14.26,0,0.3,Y,10,2024-02-02
34,67500,RENT,2.0,VENTURE,B,20000,11.013786929274843,0,0.3,N,5,2024-05-23
30,63000,RENT,9.0,PERSONAL,C,20000,13.92,1,0.32,Y,9,2024-11-15
34,70000,RENT,1.0,PERSONAL,B,20000,11.013786929274843,0,0.29,N,9,2024-11-02
27,70000,RENT,3.0,MEDICAL,C,20000,11.013786929274843,0,0.29,N,5,2024-04-26
29,70000,RENT,2.0,MEDICAL,C,20000,13.85,0,0.29,N,5,2024-05-19
27,70000,RENT,4.0,EDUCATION,B,20000,11.48,0,0.29,N,9,2024-02-25
28,71874,RENT,6.0,DEBTCONSOLIDATION,B,20000,11.48,0,0.28,N,6,2024-05-31
34,72000,RENT,6.0,DEBTCONSOLIDATION,B,20000,11.013786929274843,0,0.28,N,6,2024-03-04
27,72000,RENT,6.0,VENTURE,A,20000,8.9,0,0.28,N,5,2024-05-02
27,72000,RENT,4.0,HOMEIMPROVEMENT,B,20000,9.25,0,0.28,N,10,2024-02-15
28,56100,RENT,9.0,MEDICAL,D,20000,14.59,1,0.3,Y,5,2024-02-27
34,72000,RENT,2.0,VENTURE,B,20000,11.89,0,0.28,N,10,2024-09-01
27,66000,RENT,11.0,PERSONAL,B,20000,12.21,1,0.3,N,5,2024-07-30
30,72000,RENT,5.0,EDUCATION,C,20000,13.79,0,0.28,N,7,2024-07-15
28,73992,RENT,2.0,PERSONAL,B,20000,9.96,0,0.27,N,7,2024-03-27
28,75000,RENT,6.0,HOMEIMPROVEMENT,C,20000,13.49,0,0.27,N,5,2024-06-12
28,58650,RENT,13.0,MEDICAL,B,20000,10.59,1,0.29,N,8,2024-10-18
27,75000,RENT,1.0,HOMEIMPROVEMENT,B,20000,11.013786929274843,0,0.27,N,6,2024-08-13
35,69000,RENT,8.0,VENTURE,C,20000,13.49,1,0.29,Y,5,2024-08-29
30,69000,RENT,2.0,VENTURE,E,20000,17.14,1,0.29,Y,7,2024-06-25
29,75000,RENT,1.0,VENTURE,A,20000,6.54,0,0.27,N,9,2024-08-03
27,21403,MORTGAGE,2.0,HOMEIMPROVEMENT,B,2100,11.12,0,0.1,N,7,2024-01-22
29,21424,MORTGAGE,1.0,EDUCATION,A,7750,7.51,1,0.36,N,10,2024-07-21
27,75000,RENT,3.0,MEDICAL,B,20000,11.83,0,0.27,N,10,2024-03-29
30,75000,RENT,7.0,MEDICAL,B,20000,12.18,0,0.27,N,7,2024-12-30
28,75000,RENT,13.0,HOMEIMPROVEMENT,C,20000,13.16,0,0.27,N,9,2024-06-09
27,21600,OWN,1.0,PERSONAL,A,4200,7.49,0,0.19,N,6,2024-07-18
30,77000,RENT,7.0,VENTURE,B,20000,12.42,0,0.26,N,8,2024-08-29
29,77625,RENT,1.0,DEBTCONSOLIDATION,B,20000,11.11,0,0.26,N,9,2024-07-12
28,78000,RENT,5.0,HOMEIMPROVEMENT,B,20000,11.48,0,0.26,N,5,2024-08-05
27,72000,RENT,4.0,HOMEIMPROVEMENT,C,20000,13.22,1,0.28,N,9,2024-10-16
28,21600,OWN,11.0,HOMEIMPROVEMENT,B,8000,11.49,0,0.37,N,5,2024-12-16
31,73000,RENT,1.0,HOMEIMPROVEMENT,D,20000,15.05,1,0.27,Y,5,2024-03-19
28,79701,RENT,11.0,PERSONAL,C,20000,13.92,0,0.25,N,7,2024-01-25
27,80000,RENT,3.0,PERSONAL,A,20000,7.49,0,0.25,N,9,2024-07-27
35,80000,RENT,1.0,DEBTCONSOLIDATION,C,20000,13.98,0,0.25,Y,7,2024-08-22
32,83000,RENT,6.0,PERSONAL,E,20000,14.38,0,0.24,N,10,2024-05-16
27,21600,OWN,11.0,HOMEIMPROVEMENT,B,4000,10.62,0,0.19,N,9,2024-11-23
27,84000,RENT,1.0,HOMEIMPROVEMENT,C,20000,13.49,0,0.24,N,8,2024-07-29
28,84996,RENT,12.0,HOMEIMPROVEMENT,C,20000,13.92,0,0.24,N,9,2024-06-04
28,84996,RENT,8.0,HOMEIMPROVEMENT,C,20000,13.92,0,0.24,N,9,2024-06-30
33,85000,RENT,16.0,DEBTCONSOLIDATION,C,20000,15.27,0,0.24,N,10,2024-07-02
27,85000,RENT,11.0,PERSONAL,B,20000,10.59,0,0.24,N,8,2024-02-03
29,73000,RENT,1.0,HOMEIMPROVEMENT,B,20000,11.83,1,0.27,N,9,2024-07-15
29,85155,RENT,13.0,HOMEIMPROVEMENT,D,20000,14.61,0,0.23,N,6,2024-03-23
27,87000,RENT,3.0,HOMEIMPROVEMENT,A,20000,7.49,0,0.23,N,8,2024-12-05
29,21996,OWN,7.0,PERSONAL,A,8300,5.42,0,0.38,N,7,2024-05-18
27,88000,RENT,4.0,DEBTCONSOLIDATION,B,20000,10.38,0,0.23,N,7,2024-10-03
30,90000,RENT,2.0,DEBTCONSOLIDATION,B,20000,11.99,0,0.22,N,9,2024-05-20
32,90000,RENT,11.0,PERSONAL,C,20000,13.22,0,0.22,Y,6,2024-07-08
29,92000,RENT,2.0,DEBTCONSOLIDATION,C,20000,13.72,0,0.22,N,10,2024-09-05
32,81400,RENT,2.0,VENTURE,D,20000,14.84,1,0.25,Y,6,2024-12-25
27,81500,RENT,2.0,HOMEIMPROVEMENT,E,20000,17.51,1,0.25,Y,8,2024-02-10
28,22000,OWN,5.0,EDUCATION,A,8000,6.99,0,0.36,N,5,2024-01-24
34,93600,RENT,15.0,EDUCATION,D,20000,15.31,0,0.21,N,5,2024-12-26
27,22000,MORTGAGE,11.0,EDUCATION,A,2500,7.49,0,0.11,N,6,2024-10-04
28,94050,RENT,7.0,HOMEIMPROVEMENT,C,20000,14.26,0,0.21,Y,9,2024-10-24
31,96000,RENT,5.0,VENTURE,E,20000,17.19,0,0.21,Y,8,2024-05-19
33,96000,RENT,14.0,VENTURE,A,20000,7.88,0,0.21,N,10,2024-10-06
32,96000,RENT,7.0,PERSONAL,D,20000,14.42,0,0.21,N,9,2024-05-09
31,96588,RENT,2.0,HOMEIMPROVEMENT,B,20000,10.95,0,0.21,N,9,2024-03-27
34,97356,RENT,12.0,PERSONAL,C,20000,13.22,0,0.21,Y,7,2024-06-27
33,98000,RENT,2.0,EDUCATION,A,20000,6.91,0,0.2,N,5,2024-10-26
30,22000,OWN,4.0,VENTURE,C,2000,13.57,0,0.09,N,9,2024-06-24
28,86652,RENT,5.0,HOMEIMPROVEMENT,B,20000,11.58,1,0.23,N,5,2024-07-21
30,22000,OWN,4.0,VENTURE,B,6000,11.89,0,0.27,N,8,2024-07-08
30,22000,MORTGAGE,1.0,EDUCATION,B,5375,12.21,0,0.24,N,9,2024-02-26
31,100000,RENT,6.0,HOMEIMPROVEMENT,B,20000,12.42,0,0.2,N,9,2024-06-30
27,100000,RENT,9.0,MEDICAL,B,20000,12.69,0,0.2,N,5,2024-06-10
27,100000,RENT,4.0,MEDICAL,B,20000,11.12,0,0.2,N,9,2024-10-23
29,22080,OWN,3.0,EDUCATION,A,8000,8.59,0,0.36,N,9,2024-12-15
33,100000,RENT,4.0,PERSONAL,C,20000,11.013786929274843,0,0.2,N,7,2024-04-15
31,101000,RENT,3.0,DEBTCONSOLIDATION,A,20000,7.9,0,0.2,N,10,2024-01-16
32,101000,RENT,3.0,PERSONAL,B,20000,10.75,0,0.2,N,9,2024-04-02
33,89004,RENT,2.0,PERSONAL,F,20000,17.58,1,0.22,Y,6,2024-02-18
35,22300,OWN,1.0,PERSONAL,C,3775,15.27,0,0.17,N,6,2024-10-25
35,102000,RENT,3.0,HOMEIMPROVEMENT,C,20000,13.85,0,0.2,N,10,2024-09-01
28,22404,MORTGAGE,3.0,VENTURE,C,5725,14.79,1,0.26,N,9,2024-08-21
27,105000,RENT,4.0,VENTURE,B,20000,10.62,0,0.19,N,9,2024-10-26
30,106000,RENT,9.0,DEBTCONSOLIDATION,C,20000,13.22,0,0.19,Y,5,2024-12-29
27,98000,RENT,11.0,HOMEIMPROVEMENT,D,20000,16.0,1,0.2,N,8,2024-04-07
30,110000,RENT,5.0,VENTURE,D,20000,14.11,0,0.18,Y,5,2024-11-11
29,99855,RENT,2.0,VENTURE,E,20000,17.06,1,0.2,N,8,2024-10-24
30,115000,RENT,3.0,DEBTCONSOLIDATION,B,20000,11.11,0,0.17,N,7,2024-01-30
27,22800,MORTGAGE,11.0,MEDICAL,B,2500,10.99,0,0.11,N,10,2024-06-11
31,103000,RENT,2.0,VENTURE,F,20000,18.17,1,0.19,N,5,2024-09-27
29,115500,RENT,1.0,EDUCATION,B,20000,10.46,0,0.17,N,9,2024-12-24
34,120000,RENT,7.0,VENTURE,C,20000,13.8,0,0.17,N,7,2024-12-01
27,120000,RENT,1.0,DEBTCONSOLIDATION,A,20000,6.54,0,0.17,N,9,2024-06-30
28,108000,RENT,2.0,PERSONAL,D,20000,15.31,1,0.19,N,7,2024-03-01
28,120000,RENT,4.0,EDUCATION,C,20000,14.26,0,0.17,N,7,2024-03-28
27,125000,RENT,3.0,DEBTCONSOLIDATION,B,20000,9.25,0,0.16,N,8,2024-11-11
33,130000,RENT,1.0,EDUCATION,A,20000,6.62,0,0.15,N,10,2024-08-20
30,100815,RENT,7.0,MEDICAL,F,20000,18.3,1,0.17,Y,6,2024-06-18
27,132000,RENT,6.0,VENTURE,C,20000,12.73,0,0.15,N,8,2024-05-31
27,22896,OWN,1.0,MEDICAL,B,5000,11.48,0,0.22,N,8,2024-09-28
34,135000,RENT,6.0,HOMEIMPROVEMENT,E,20000,17.74,0,0.15,Y,8,2024-03-26
29,140000,RENT,5.0,DEBTCONSOLIDATION,C,20000,13.49,0,0.14,Y,8,2024-08-07
27,140000,RENT,4.0,EDUCATION,A,20000,7.9,0,0.14,N,6,2024-03-10
29,140000,RENT,3.0,PERSONAL,B,20000,10.0,0,0.14,N,9,2024-06-23
31,155000,RENT,3.0,HOMEIMPROVEMENT,B,20000,10.74,0,0.13,N,6,2024-08-07
31,23000,OWN,13.0,PERSONAL,A,4500,5.79,0,0.2,N,9,2024-01-26
32,175000,RENT,3.0,DEBTCONSOLIDATION,C,20000,13.49,0,0.11,Y,8,2024-03-21
30,180000,RENT,1.0,EDUCATION,C,20000,14.22,0,0.11,N,10,2024-07-17
28,113000,RENT,9.0,DEBTCONSOLIDATION,C,19975,13.92,1,0.18,N,9,2024-04-19
29,53313,RENT,13.0,MEDICAL,B,19850,11.013786929274843,1,0.37,N,7,2024-02-11
34,23000,OWN,2.0,PERSONAL,A,2500,11.013786929274843,0,0.11,N,7,2024-05-03
30,49110,RENT,2.0,EDUCATION,B,19775,12.42,1,0.4,N,10,2024-07-26
27,12000,RENT,1.0,DEBTCONSOLIDATION,A,725,7.37,0,0.06,N,6,2024-11-08
32,12000,RENT,3.0,MEDICAL,C,900,10.28,1,0.07,N,5,2024-07-01
30,23000,RENT,1.0,MEDICAL,B,950,11.013786929274843,0,0.04,N,6,2024-07-24
28,12000,RENT,1.0,HOMEIMPROVEMENT,D,1000,16.32,1,0.08,Y,9,2024-09-27
29,14400,RENT,3.0,EDUCATION,D,1000,16.32,1,0.07,Y,8,2024-09-15
27,17000,RENT,1.0,VENTURE,A,1000,7.29,0,0.06,N,5,2024-11-02
35,23400,OWN,12.0,EDUCATION,D,5000,15.33,0,0.21,N,9,2024-06-27
30,36432,RENT,1.0,EDUCATION,D,19000,15.21,1,0.52,Y,5,2024-04-06
28,44000,RENT,3.0,MEDICAL,E,19000,16.82,1,0.43,N,8,2024-09-21
31,51500,RENT,6.0,EDUCATION,D,19000,14.83,1,0.37,Y,10,2024-11-18
33,56136,RENT,12.0,VENTURE,E,19000,15.68,1,0.34,Y,5,2024-05-13
27,23652,MORTGAGE,9.0,PERSONAL,A,2000,7.49,0,0.08,N,8,2024-10-26
28,58000,RENT,5.0,HOMEIMPROVEMENT,D,19000,14.09,1,0.33,N,8,2024-11-17
32,65000,RENT,2.0,MEDICAL,C,19000,12.84,0,0.29,Y,5,2024-12-21
35,65412,RENT,12.0,HOMEIMPROVEMENT,B,19000,11.14,0,0.29,N,7,2024-04-22
29,83700,RENT,3.0,PERSONAL,C,19000,11.013786929274843,0,0.23,N,10,2024-10-04
30,60000,RENT,7.0,PERSONAL,C,18950,15.96,1,0.32,Y,6,2024-07-10
34,42000,RENT,5.0,PERSONAL,A,18825,7.9,1,0.45,N,10,2024-12-29
32,60000,RENT,5.0,VENTURE,B,18800,9.99,1,0.31,N,7,2024-07-19
34,95000,RENT,5.0,VENTURE,C,18600,13.57,0,0.2,Y,7,2024-09-08
28,99700,RENT,2.0,DEBTCONSOLIDATION,C,18600,14.26,0,0.19,Y,8,2024-04-17
27,24000,OWN,1.0,PERSONAL,A,6000,8.9,0,0.25,N,10,2024-03-07
32,24000,OWN,2.0,PERSONAL,D,5000,16.29,0,0.21,N,9,2024-03-26
28,50400,RENT,8.0,VENTURE,D,18500,16.02,1,0.37,N,6,2024-09-08
30,60000,RENT,14.0,MEDICAL,C,18500,12.99,1,0.31,N,5,2024-05-18
27,60000,RENT,4.0,DEBTCONSOLIDATION,B,18500,10.99,1,0.31,N,5,2024-03-22
33,62004,RENT,3.0,EDUCATION,C,18500,12.87,0,0.3,N,9,2024-09-08
27,24000,OWN,1.0,EDUCATION,C,6000,11.013786929274843,0,0.25,N,7,2024-09-12
31,112000,RENT,1.0,VENTURE,A,18500,7.51,0,0.17,N,7,2024-11-17
33,62500,RENT,3.0,DEBTCONSOLIDATION,B,18400,9.91,0,0.29,N,7,2024-09-02
31,121000,RENT,15.0,HOMEIMPROVEMENT,D,18400,11.013786929274843,0,0.15,Y,10,2024-11-25
29,45000,RENT,8.0,MEDICAL,C,18250,14.27,1,0.41,N,6,2024-06-30
35,24000,MORTGAGE,14.0,DEBTCONSOLIDATION,A,4000,7.49,0,0.17,N,7,2024-07-02
30,24000,OWN,11.0,VENTURE,A,6000,11.013786929274843,0,0.25,N,9,2024-07-20
29,42000,RENT,6.0,PERSONAL,C,18000,14.65,1,0.43,N,7,2024-04-17
31,24000,MORTGAGE,3.0,VENTURE,A,3000,7.49,0,0.13,N,10,2024-08-04
27,24000,OWN,4.0,EDUCATION,C,4000,12.99,0,0.17,N,6,2024-09-27
28,24000,MORTGAGE,2.0,HOMEIMPROVEMENT,B,9600,11.99,0,0.4,N,8,2024-10-15
27,45150,RENT,1.0,PERSONAL,C,18000,13.16,1,0.4,N,7,2024-05-16
34,45996,RENT,4.0,DEBTCONSOLIDATION,A,18000,11.013786929274843,1,0.39,N,9,2024-01-05
32,24000,OWN,1.0,MEDICAL,A,2000,7.29,0,0.08,N,6,2024-12-05
34,50000,RENT,4.0,PERSONAL,B,18000,8.88,1,0.36,N,9,2024-11-14
31,50000,RENT,2.0,MEDICAL,C,18000,13.48,1,0.36,Y,9,2024-04-18
27,24000,MORTGAGE,6.0,PERSONAL,A,6250,8.49,0,0.26,N,8,2024-11-02
27,51200,RENT,11.0,EDUCATION,D,18000,14.96,1,0.35,Y,8,2024-09-11
28,24000,OWN,3.0,PERSONAL,B,8000,10.37,0,0.33,N,5,2024-04-19
29,56964,RENT,12.0,DEBTCONSOLIDATION,A,18000,11.013786929274843,1,0.32,N,8,2024-05-14
33,60000,RENT,7.0,HOMEIMPROVEMENT,A,18000,8.49,0,0.3,N,5,2024-12-17
28,60372,RENT,4.0,DEBTCONSOLIDATION,C,18000,14.65,0,0.3,Y,5,2024-06-30
28,63000,RENT,12.0,HOMEIMPROVEMENT,B,18000,10.65,0,0.29,N,9,2024-07-22
27,64000,RENT,3.0,MEDICAL,B,18000,11.11,0,0.28,N,8,2024-03-09
30,64000,RENT,1.0,VENTURE,A,18000,8.38,0,0.28,N,7,2024-03-02
27,59000,RENT,3.0,PERSONAL,B,18000,12.18,1,0.31,N,9,2024-08-18
33,67800,RENT,3.0,HOMEIMPROVEMENT,B,18000,10.08,0,0.27,N,6,2024-11-26
29,68004,RENT,3.0,MEDICAL,B,18000,10.0,0,0.26,N,9,2024-09-14
27,69790,RENT,6.0,DEBTCONSOLIDATION,B,18000,10.25,0,0.26,N,9,2024-06-27
28,24000,MORTGAGE,2.0,EDUCATION,A,1500,7.14,0,0.06,N,10,2024-08-05
28,64000,RENT,1.0,DEBTCONSOLIDATION,B,18000,11.58,1,0.28,N,6,2024-10-03
34,72000,RENT,7.0,EDUCATION,D,18000,15.95,0,0.25,Y,8,2024-04-20
33,67000,RENT,8.0,HOMEIMPROVEMENT,C,18000,13.11,1,0.27,Y,7,2024-07-06
31,75000,RENT,4.0,HOMEIMPROVEMENT,A,18000,8.9,0,0.24,N,6,2024-08-01
34,24000,OWN,4.0,HOMEIMPROVEMENT,C,2400,13.98,0,0.1,N,9,2024-05-12
34,78000,RENT,5.0,EDUCATION,A,18000,8.9,0,0.23,N,9,2024-07-09
28,80000,RENT,8.0,HOMEIMPROVEMENT,B,18000,10.59,0,0.23,N,10,2024-11-28
28,80000,RENT,9.0,PERSONAL,B,18000,11.49,0,0.23,N,6,2024-03-24
27,80000,RENT,1.0,VENTURE,B,18000,10.39,0,0.23,N,8,2024-04-30
28,81972,RENT,4.0,DEBTCONSOLIDATION,B,18000,10.99,0,0.22,N,6,2024-11-15
27,24000,MORTGAGE,2.0,DEBTCONSOLIDATION,B,9200,11.013786929274843,0,0.38,N,9,2024-02-04
33,24000,MORTGAGE,2.0,DEBTCONSOLIDATION,B,6000,10.25,0,0.25,N,6,2024-08-31
29,24000,MORTGAGE,7.0,MEDICAL,A,10000,11.013786929274843,0,0.42,N,6,2024-07-16
28,89004,RENT,3.0,PERSONAL,A,18000,7.49,0,0.2,N,10,2024-07-03
31,90000,RENT,12.0,EDUCATION,B,18000,12.42,0,0.2,N,8,2024-09-23
30,90000,RENT,14.0,MEDICAL,A,18000,8.94,0,0.2,N,8,2024-11-13
34,100000,RENT,4.0,VENTURE,C,18000,13.49,0,0.18,Y,10,2024-10-28
32,100000,RENT,2.0,PERSONAL,A,18000,11.013786929274843,0,0.18,N,5,2024-04-07
30,101500,RENT,2.0,HOMEIMPROVEMENT,B,18000,12.18,0,0.18,N,7,2024-03-10
31,102000,RENT,11.0,MEDICAL,B,18000,10.0,0,0.18,N,10,2024-02-10
33,90000,RENT,15.0,PERSONAL,B,18000,11.58,1,0.2,N,10,2024-01-11
33,103000,RENT,17.0,PERSONAL,E,18000,16.82,0,0.17,Y,6,2024-11-05
27,110000,RENT,5.0,VENTURE,B,18000,9.91,0,0.16,N,5,2024-10-11
31,24000,OWN,1.0,HOMEIMPROVEMENT,A,1200,8.94,0,0.05,N,5,2024-09-20
30,24000,MORTGAGE,7.0,HOMEIMPROVEMENT,A,6000,8.94,0,0.25,N,7,2024-08-07
27,132000,RENT,4.0,DEBTCONSOLIDATION,A,18000,8.49,0,0.14,N,9,2024-07-03
27,102616,RENT,4.0,MEDICAL,C,18000,13.99,1,0.15,Y,7,2024-10-12
33,140000,RENT,2.0,DEBTCONSOLIDATION,C,18000,11.013786929274843,0,0.13,N,9,2024-08-22
30,175000,RENT,1.0,EDUCATION,A,18000,5.79,0,0.1,N,10,2024-06-27
30,168000,RENT,1.0,DEBTCONSOLIDATION,D,18000,14.46,1,0.11,Y,9,2024-12-24
33,30000,RENT,2.0,DEBTCONSOLIDATION,A,17975,8.49,1,0.6,N,8,2024-10-13
27,24000,MORTGAGE,1.0,VENTURE,C,11000,11.013786929274843,0,0.46,Y,6,2024-03-27
27,24000,OWN,2.0,VENTURE,C,6000,12.53,0,0.25,N,9,2024-11-07
28,24000,MORTGAGE,12.0,DEBTCONSOLIDATION,A,5000,9.32,0,0.21,N,10,2024-08-06
27,32220,RENT,11.0,MEDICAL,B,17725,11.49,1,0.55,N,8,2024-08-05
31,105600,RENT,5.0,DEBTCONSOLIDATION,B,17700,10.99,0,0.17,N,6,2024-08-08
27,37793,RENT,11.0,VENTURE,B,17625,12.69,1,0.47,N,7,2024-01-03
34,24000,MORTGAGE,5.0,MEDICAL,B,2000,9.2,0,0.08,N,7,2024-05-06
29,77000,RENT,3.0,MEDICAL,C,17600,13.48,0,0.23,N,8,2024-08-15
29,88000,RENT,8.0,DEBTCONSOLIDATION,C,17600,14.26,0,0.2,Y,6,2024-07-14
29,153000,RENT,1.0,VENTURE,B,17600,8.7,0,0.12,N,8,2024-07-26
28,205000,RENT,13.0,MEDICAL,C,17600,13.23,0,0.09,N,10,2024-07-22
28,44000,RENT,3.0,EDUCATION,E,17500,11.013786929274843,1,0.4,N,10,2024-12-07
28,44900,RENT,12.0,MEDICAL,C,17500,14.35,1,0.39,Y,10,2024-03-23
27,48500,RENT,1.0,VENTURE,B,17500,12.42,1,0.36,N,9,2024-05-02
35,50000,RENT,4.0,PERSONAL,C,17500,12.84,1,0.35,N,5,2024-03-27
27,24570,MORTGAGE,2.0,PERSONAL,C,8500,11.013786929274843,0,0.35,Y,8,2024-07-03
32,24600,MORTGAGE,6.0,MEDICAL,A,4800,8.9,1,0.2,N,7,2024-11-23
33,58100,RENT,1.0,DEBTCONSOLIDATION,C,17500,13.57,0,0.3,Y,10,2024-07-23
33,92500,RENT,4.0,VENTURE,D,17500,15.28,0,0.19,N,6,2024-07-27
31,114237,RENT,15.0,HOMEIMPROVEMENT,C,17500,14.72,0,0.15,Y,6,2024-09-27
29,120000,RENT,1.0,VENTURE,C,17500,12.87,0,0.15,Y,8,2024-02-04
31,636000,RENT,2.0,DEBTCONSOLIDATION,B,17500,11.48,0,0.03,N,10,2024-10-07
29,35000,RENT,1.0,MEDICAL,A,17475,7.66,1,0.5,N,5,2024-10-04
27,45000,RENT,1.0,DEBTCONSOLIDATION,B,17475,11.99,1,0.39,N,8,2024-11-26
32,58650,RENT,6.0,MEDICAL,D,17400,15.05,1,0.25,N,6,2024-05-23
28,24996,MORTGAGE,6.0,PERSONAL,A,6000,5.99,0,0.24,N,7,2024-04-10
33,24996,MORTGAGE,3.0,PERSONAL,C,6600,12.99,0,0.26,Y,6,2024-04-09
35,54000,RENT,4.0,DEBTCONSOLIDATION,E,17250,19.42,1,0.32,N,10,2024-12-22
27,78000,RENT,6.0,DEBTCONSOLIDATION,D,17200,17.49,1,0.22,Y,7,2024-04-10
33,33852,RENT,4.0,EDUCATION,B,17000,11.48,1,0.5,N,9,2024-07-23
31,24996,MORTGAGE,6.0,PERSONAL,B,6000,9.25,0,0.24,N,9,2024-09-04
35,37000,RENT,5.0,MEDICAL,C,17000,13.49,1,0.46,Y,10,2024-09-10
28,45300,RENT,3.0,DEBTCONSOLIDATION,C,17000,14.72,1,0.38,N,10,2024-06-01
35,48000,RENT,6.0,MEDICAL,A,17000,7.88,1,0.35,N,6,2024-11-27
27,55000,RENT,1.0,EDUCATION,A,17000,7.88,1,0.31,N,5,2024-09-15
30,55000,RENT,6.0,EDUCATION,B,17000,11.013786929274843,1,0.31,N,9,2024-04-22
27,60000,RENT,11.0,MEDICAL,C,17000,11.013786929274843,0,0.28,N,10,2024-04-01
29,60000,RENT,13.0,HOMEIMPROVEMENT,D,17000,14.96,0,0.28,N,8,2024-09-16
32,61000,RENT,4.0,DEBTCONSOLIDATION,B,17000,11.49,0,0.28,N,5,2024-06-21
34,65000,RENT,6.0,MEDICAL,A,17000,8.49,0,0.26,N,8,2024-06-26
28,25000,MORTGAGE,12.0,HOMEIMPROVEMENT,C,10625,14.27,0,0.42,Y,6,2024-10-22
28,80000,RENT,12.0,MEDICAL,A,17000,5.79,0,0.21,N,6,2024-12-14
28,80000,RENT,3.0,HOMEIMPROVEMENT,C,17000,13.85,0,0.21,Y,8,2024-03-30
35,84996,RENT,12.0,PERSONAL,A,17000,7.88,0,0.2,N,6,2024-09-15
31,92000,RENT,3.0,PERSONAL,D,17000,14.54,0,0.18,Y,10,2024-04-09
33,25000,MORTGAGE,8.0,DEBTCONSOLIDATION,A,6000,6.62,0,0.24,N,8,2024-01-25
32,115000,RENT,16.0,HOMEIMPROVEMENT,B,17000,11.12,0,0.15,N,6,2024-04-10
32,25000,OWN,15.0,MEDICAL,B,9175,10.99,0,0.37,N,10,2024-03-12
31,25000,OWN,3.0,MEDICAL,C,3500,13.49,0,0.14,N,9,2024-01-08
29,25000,MORTGAGE,5.0,DEBTCONSOLIDATION,A,7475,8.49,0,0.3,N,6,2024-12-06
29,91000,RENT,10.0,MEDICAL,B,16800,11.013786929274843,0,0.18,N,5,2024-12-18
30,83000,RENT,7.0,PERSONAL,C,16775,11.97,0,0.2,N,5,2024-09-01
28,24000,RENT,5.0,MEDICAL,D,16750,14.96,1,0.7,Y,10,2024-10-19
33,33000,RENT,4.0,PERSONAL,B,16750,12.53,1,0.51,N,5,2024-07-01
35,39996,RENT,4.0,MEDICAL,D,16750,14.09,1,0.42,N,6,2024-01-03
31,25000,OWN,5.0,VENTURE,C,4500,11.013786929274843,0,0.18,Y,8,2024-11-17
34,25000,MORTGAGE,1.0,DEBTCONSOLIDATION,B,1000,9.63,0,0.04,N,6,2024-02-11
28,82000,RENT,12.0,VENTURE,G,16750,20.11,1,0.2,Y,10,2024-04-21
30,96600,RENT,3.0,VENTURE,B,16750,10.62,0,0.17,N,5,2024-08-24
29,25000,OWN,9.0,HOMEIMPROVEMENT,B,2500,9.62,0,0.1,N,5,2024-02-15
27,25000,MORTGAGE,4.0,PERSONAL,D,4750,14.83,0,0.19,N,9,2024-01-25
27,25000,OWN,4.0,PERSONAL,A,4000,11.013786929274843,0,0.16,N,9,2024-01-29
35,57721,RENT,3.0,DEBTCONSOLIDATION,B,16500,11.013786929274843,0,0.29,N,6,2024-02-09
28,25000,MORTGAGE,5.0,HOMEIMPROVEMENT,C,6000,14.72,0,0.24,N,10,2024-05-03
32,25000,OWN,2.0,VENTURE,D,5000,16.32,0,0.2,Y,9,2024-04-19
27,68000,RENT,10.0,DEBTCONSOLIDATION,A,16500,7.88,0,0.24,N,7,2024-07-03
27,44544,RENT,4.0,MEDICAL,C,16425,14.27,1,0.37,Y,5,2024-04-06
34,43920,RENT,2.0,DEBTCONSOLIDATION,C,16400,11.03,1,0.37,Y,10,2024-08-15
30,42000,RENT,2.0,MEDICAL,B,16200,10.25,1,0.39,N,6,2024-05-03
28,50000,RENT,1.0,MEDICAL,C,16200,13.99,1,0.32,Y,5,2024-03-17
30,54000,RENT,2.0,DEBTCONSOLIDATION,D,16200,15.57,1,0.3,N,10,2024-12-31
30,25000,MORTGAGE,10.0,PERSONAL,A,6400,7.51,0,0.26,N,8,2024-11-26
33,25000,MORTGAGE,4.0,EDUCATION,B,1600,11.36,0,0.06,N,7,2024-02-28
32,25000,OTHER,3.0,DEBTCONSOLIDATION,A,11200,7.88,1,0.45,N,5,2024-07-03
27,30000,RENT,5.0,MEDICAL,A,16000,7.9,1,0.53,N,8,2024-06-20
27,30000,RENT,1.0,MEDICAL,B,16000,10.0,1,0.53,N,5,2024-05-02
27,36000,RENT,7.0,EDUCATION,D,16000,15.7,1,0.44,N,9,2024-10-23
27,30000,RENT,12.0,DEBTCONSOLIDATION,B,16000,10.99,1,0.53,N,6,2024-09-11
27,40000,RENT,11.0,MEDICAL,B,16000,9.91,1,0.4,N,9,2024-03-17
29,40000,RENT,12.0,DEBTCONSOLIDATION,B,16000,11.71,1,0.4,N,6,2024-05-19
30,40000,RENT,8.0,DEBTCONSOLIDATION,B,16000,11.48,1,0.4,N,8,2024-03-04
34,37000,RENT,2.0,MEDICAL,D,16000,12.99,1,0.43,Y,9,2024-04-07
29,44000,RENT,14.0,DEBTCONSOLIDATION,B,16000,11.013786929274843,1,0.36,N,9,2024-03-31
35,45000,RENT,2.0,VENTURE,B,16000,10.0,1,0.36,N,10,2024-05-28
30,25056,MORTGAGE,3.0,HOMEIMPROVEMENT,B,2000,12.42,0,0.08,N,7,2024-01-22
27,39000,RENT,3.0,DEBTCONSOLIDATION,C,16000,12.73,1,0.41,N,8,2024-08-04
29,47000,RENT,7.0,MEDICAL,B,16000,11.71,1,0.34,N,8,2024-05-30
28,47831,RENT,8.0,DEBTCONSOLIDATION,C,16000,13.85,1,0.33,N,7,2024-11-09
27,48000,RENT,2.0,VENTURE,C,16000,14.22,1,0.33,N,5,2024-09-12
35,50000,RENT,11.0,MEDICAL,B,16000,9.91,1,0.32,N,5,2024-08-31
27,25200,MORTGAGE,11.0,VENTURE,A,4500,5.42,0,0.18,N,6,2024-09-12
35,44000,RENT,3.0,PERSONAL,C,16000,13.99,1,0.36,Y,8,2024-04-13
30,50000,RENT,4.0,HOMEIMPROVEMENT,E,16000,16.77,1,0.32,N,5,2024-04-26
27,50000,RENT,3.0,MEDICAL,C,16000,11.013786929274843,1,0.32,Y,5,2024-06-12
32,25200,OWN,17.0,MEDICAL,A,4000,6.54,0,0.16,N,6,2024-12-28
28,44000,RENT,5.0,PERSONAL,C,16000,13.48,1,0.36,N,6,2024-10-16
30,51600,RENT,5.0,DEBTCONSOLIDATION,C,16000,13.49,1,0.31,N,8,2024-06-21
32,51648,RENT,7.0,VENTURE,E,16000,14.18,1,0.31,N,8,2024-12-24
27,48396,RENT,11.0,MEDICAL,D,16000,14.74,1,0.33,Y,7,2024-07-02
28,55000,RENT,5.0,PERSONAL,C,16000,13.98,0,0.29,Y,9,2024-11-21
28,51000,RENT,2.0,EDUCATION,E,16000,16.32,1,0.31,Y,9,2024-04-16
30,54000,RENT,1.0,EDUCATION,E,16000,17.99,1,0.3,Y,10,2024-01-01
35,25380,MORTGAGE,3.0,DEBTCONSOLIDATION,D,5000,11.013786929274843,1,0.2,N,10,2024-12-26
27,62000,RENT,4.0,DEBTCONSOLIDATION,A,16000,7.88,0,0.26,N,10,2024-02-26
27,25440,MORTGAGE,5.0,EDUCATION,D,1200,11.013786929274843,0,0.05,N,10,2024-01-11
33,62800,RENT,3.0,PERSONAL,C,16000,13.11,0,0.25,Y,5,2024-11-23
28,63564,RENT,4.0,MEDICAL,C,16000,13.47,0,0.25,Y,5,2024-12-30
29,65000,RENT,13.0,PERSONAL,D,16000,17.27,0,0.25,N,6,2024-09-30
27,25740,OWN,3.0,DEBTCONSOLIDATION,D,5000,14.11,0,0.19,Y,5,2024-02-11
30,25800,MORTGAGE,7.0,DEBTCONSOLIDATION,A,6000,5.99,0,0.23,N,6,2024-02-23
28,60000,RENT,4.0,MEDICAL,D,16000,16.07,1,0.27,Y,8,2024-02-13
28,66500,RENT,4.0,VENTURE,B,16000,12.18,0,0.24,N,6,2024-03-11
35,67600,RENT,7.0,PERSONAL,B,16000,11.58,0,0.24,N,5,2024-12-25
30,68000,RENT,5.0,EDUCATION,D,16000,14.09,0,0.24,N,5,2024-02-12
31,69000,RENT,12.0,HOMEIMPROVEMENT,A,16000,5.99,0,0.23,N,6,2024-05-23
31,26000,MORTGAGE,1.0,HOMEIMPROVEMENT,C,2400,14.27,0,0.09,N,9,2024-10-01
30,64000,RENT,8.0,DEBTCONSOLIDATION,D,16000,15.7,1,0.25,Y,5,2024-02-05
29,70000,RENT,13.0,PERSONAL,D,16000,14.42,0,0.23,Y,6,2024-04-14
28,21000,RENT,3.0,PERSONAL,A,1000,7.49,0,0.05,N,9,2024-09-03
27,22296,RENT,5.0,PERSONAL,D,1000,14.84,0,0.04,N,5,2024-06-29
30,22800,RENT,5.0,PERSONAL,B,1000,11.49,0,0.04,N,5,2024-02-15
28,26000,MORTGAGE,7.0,DEBTCONSOLIDATION,B,12000,11.36,1,0.46,N,7,2024-02-15
32,26000,OWN,4.0,VENTURE,C,13750,13.11,0,0.53,Y,10,2024-09-12
30,26000,OWN,4.0,PERSONAL,B,1200,10.99,0,0.05,N,6,2024-08-24
29,25200,RENT,3.0,MEDICAL,B,1000,10.25,0,0.04,N,5,2024-04-06
27,26000,MORTGAGE,11.0,MEDICAL,A,5000,8.94,0,0.19,N,9,2024-04-21
33,26400,RENT,3.0,MEDICAL,B,1000,10.99,0,0.04,N,7,2024-02-19
35,26000,OWN,1.0,PERSONAL,A,6000,9.63,0,0.23,N,6,2024-07-02
27,30000,RENT,1.0,EDUCATION,A,1000,5.79,0,0.03,N,10,2024-02-20
33,26000,MORTGAGE,1.0,DEBTCONSOLIDATION,B,15000,9.76,1,0.58,N,6,2024-12-08
31,30000,RENT,5.0,MEDICAL,B,1000,9.25,0,0.03,N,6,2024-05-31
30,33000,RENT,4.0,MEDICAL,C,1000,14.79,0,0.03,N,10,2024-10-15
29,26004,MORTGAGE,13.0,DEBTCONSOLIDATION,D,4000,14.74,1,0.15,Y,9,2024-12-28
31,26010,MORTGAGE,2.0,HOMEIMPROVEMENT,B,6500,9.99,0,0.25,N,9,2024-08-24
30,35000,RENT,5.0,PERSONAL,B,1000,10.36,0,0.03,N,6,2024-10-16
30,30000,RENT,11.0,MEDICAL,B,1000,11.013786929274843,1,0.03,N,10,2024-04-11
29,38000,RENT,5.0,EDUCATION,A,1000,7.88,0,0.03,N,9,2024-06-10
28,40000,RENT,12.0,PERSONAL,B,1000,9.88,0,0.03,N,9,2024-03-01
35,42000,RENT,7.0,MEDICAL,B,1000,11.12,0,0.02,N,5,2024-10-16
29,26400,MORTGAGE,7.0,MEDICAL,A,4800,7.66,0,0.18,N,9,2024-11-29
27,26400,MORTGAGE,6.0,MEDICAL,A,6000,6.91,1,0.23,N,9,2024-05-29
28,26400,MORTGAGE,4.0,MEDICAL,A,3000,6.17,0,0.11,N,6,2024-03-05
33,48000,RENT,4.0,MEDICAL,B,1000,9.99,0,0.02,N,10,2024-08-18
28,44000,RENT,9.0,VENTURE,C,1000,14.17,1,0.02,N,9,2024-08-20
27,51298,RENT,11.0,DEBTCONSOLIDATION,B,1000,10.37,0,0.02,N,7,2024-12-13
30,26400,MORTGAGE,4.0,MEDICAL,A,5000,7.14,0,0.19,N,6,2024-06-08
31,54000,RENT,15.0,MEDICAL,C,1000,11.013786929274843,0,0.02,Y,7,2024-11-05
29,64548,RENT,1.0,PERSONAL,C,1000,14.27,0,0.02,Y,5,2024-04-05
33,65000,RENT,4.0,VENTURE,A,1000,11.013786929274843,0,0.02,N,9,2024-07-18
28,73000,RENT,3.0,HOMEIMPROVEMENT,C,1000,11.013786929274843,0,0.01,N,7,2024-12-05
29,74000,RENT,11.0,DEBTCONSOLIDATION,B,1000,9.91,0,0.01,N,5,2024-04-09
27,75000,RENT,4.0,VENTURE,C,1000,13.49,0,0.01,Y,9,2024-07-16
34,26496,OWN,7.0,MEDICAL,B,4400,10.59,0,0.17,N,8,2024-10-24
35,76000,RENT,2.0,VENTURE,C,1000,13.49,0,0.01,N,8,2024-10-22
30,100000,RENT,1.0,MEDICAL,B,1000,11.71,0,0.01,N,7,2024-09-02
33,26688,MORTGAGE,6.0,EDUCATION,B,5000,10.59,0,0.19,N,10,2024-05-05
27,10000,RENT,2.0,VENTURE,D,1200,14.11,1,0.12,Y,6,2024-05-19
30,14800,RENT,5.0,DEBTCONSOLIDATION,A,1200,8.0,0,0.08,N,9,2024-01-23
35,19200,RENT,4.0,PERSONAL,A,1200,7.29,1,0.06,N,10,2024-12-14
29,20000,RENT,3.0,DEBTCONSOLIDATION,B,1200,11.71,1,0.06,N,7,2024-07-20
32,22884,RENT,2.0,MEDICAL,C,1200,13.22,0,0.05,N,7,2024-12-12
28,27000,OWN,5.0,EDUCATION,A,5600,5.42,0,0.21,N,8,2024-03-23
27,24000,RENT,5.0,MEDICAL,F,1200,18.99,0,0.05,N,7,2024-04-30
27,27000,MORTGAGE,4.0,VENTURE,A,4300,5.99,0,0.16,N,6,2024-12-15
33,30000,RENT,3.0,MEDICAL,A,1200,6.76,0,0.04,N,10,2024-06-02
34,39996,RENT,6.0,DEBTCONSOLIDATION,A,1200,7.88,0,0.03,N,8,2024-10-17
31,42000,RENT,6.0,EDUCATION,D,1200,16.29,0,0.03,Y,5,2024-07-31
28,27000,OWN,7.0,PERSONAL,B,2400,10.99,0,0.09,N,5,2024-02-07
27,44000,RENT,3.0,MEDICAL,C,1200,15.23,0,0.03,N,5,2024-02-29
27,27000,MORTGAGE,5.0,MEDICAL,B,3000,11.14,0,0.11,N,9,2024-11-26
28,53000,RENT,12.0,MEDICAL,C,1200,11.013786929274843,0,0.02,Y,8,2024-02-14
28,48096,RENT,4.0,DEBTCONSOLIDATION,E,1200,17.56,1,0.02,Y,5,2024-07-10
29,55000,RENT,3.0,PERSONAL,B,1200,9.99,0,0.02,N,6,2024-10-30
33,53326,RENT,8.0,MEDICAL,D,1200,16.29,1,0.02,N,7,2024-08-11
31,75000,RENT,1.0,PERSONAL,A,1200,6.54,0,0.02,N,5,2024-01-25
31,26000,RENT,15.0,VENTURE,B,1250,11.49,0,0.05,N,10,2024-03-19
32,195000,RENT,4.0,DEBTCONSOLIDATION,C,1250,13.23,0,0.01,N,7,2024-01-08
31,27036,MORTGAGE,2.0,EDUCATION,B,6500,11.11,0,0.24,N,7,2024-03-05
27,47000,RENT,11.0,MEDICAL,B,1300,10.46,0,0.03,N,8,2024-12-18
27,51000,RENT,3.0,VENTURE,A,1300,7.68,0,0.03,N,7,2024-12-01
34,65000,RENT,4.0,HOMEIMPROVEMENT,A,1300,6.54,0,0.02,N,7,2024-06-24
35,27204,MORTGAGE,16.0,PERSONAL,A,1800,7.74,0,0.07,N,7,2024-06-18
29,14400,RENT,2.0,VENTURE,B,1400,11.49,0,0.1,N,6,2024-07-17
27,18576,RENT,4.0,MEDICAL,B,1400,9.99,0,0.08,N,6,2024-01-28
31,22000,RENT,5.0,VENTURE,F,1400,22.06,0,0.06,Y,7,2024-11-24
35,24960,RENT,6.0,EDUCATION,A,1400,8.49,0,0.06,N,10,2024-07-29
32,27385,MORTGAGE,3.0,HOMEIMPROVEMENT,C,2000,12.99,1,0.07,Y,9,2024-01-21
29,28800,RENT,1.0,VENTURE,A,1400,7.9,0,0.05,N,5,2024-09-06
28,27500,MORTGAGE,13.0,VENTURE,A,15000,6.54,0,0.55,N,10,2024-10-04
31,54000,RENT,2.0,DEBTCONSOLIDATION,A,1400,11.013786929274843,0,0.03,N,8,2024-01-12
31,27600,OWN,1.0,EDUCATION,B,3000,11.49,0,0.11,N,9,2024-08-27
27,58000,RENT,3.0,MEDICAL,C,1400,15.27,0,0.02,Y,7,2024-04-20
31,78411,RENT,9.0,DEBTCONSOLIDATION,A,1400,11.013786929274843,0,0.02,N,6,2024-01-07
30,27600,MORTGAGE,3.0,EDUCATION,D,2250,15.62,1,0.08,N,9,2024-07-10
27,24000,RENT,2.0,MEDICAL,A,1450,11.013786929274843,0,0.06,N,9,2024-06-28
27,27600,MORTGAGE,2.0,EDUCATION,A,3500,6.99,0,0.13,N,9,2024-04-14
31,36000,RENT,12.0,VENTURE,B,1450,11.013786929274843,0,0.04,N,7,2024-11-14
27,27000,RENT,11.0,EDUCATION,B,1500,10.36,0,0.06,N,5,2024-11-07
30,27996,RENT,9.0,MEDICAL,C,1500,11.013786929274843,0,0.05,Y,8,2024-05-14
31,28452,RENT,4.0,PERSONAL,B,1500,11.11,0,0.05,N,5,2024-02-13
35,30000,RENT,5.0,MEDICAL,A,1500,7.29,1,0.05,N,8,2024-03-25
27,27840,MORTGAGE,2.0,MEDICAL,A,2400,5.42,0,0.09,N,7,2024-11-08
29,30000,RENT,12.0,DEBTCONSOLIDATION,B,1500,11.49,1,0.05,N,8,2024-10-22
29,27852,OWN,7.0,EDUCATION,A,11000,8.49,0,0.39,N,8,2024-03-07
35,32004,RENT,2.0,MEDICAL,A,1500,8.49,0,0.05,N,7,2024-11-09
29,27996,OWN,5.0,HOMEIMPROVEMENT,A,1800,5.42,0,0.06,N,6,2024-01-01
29,29780,RENT,2.0,PERSONAL,D,1500,12.86,1,0.05,Y,10,2024-04-03
35,28000,OWN,3.0,VENTURE,A,7600,6.62,0,0.27,N,10,2024-04-06
34,28000,OWN,1.0,VENTURE,B,3000,9.99,0,0.11,N,10,2024-08-23
29,38004,RENT,3.0,MEDICAL,C,1500,14.35,0,0.04,Y,10,2024-05-29
32,28000,MORTGAGE,5.0,HOMEIMPROVEMENT,B,7500,10.99,0,0.27,N,6,2024-04-17
28,39600,RENT,11.0,EDUCATION,B,1500,12.69,0,0.04,N,5,2024-04-10
30,28000,OWN,5.0,PERSONAL,B,6300,11.99,0,0.23,N,9,2024-01-07
30,34000,RENT,2.0,DEBTCONSOLIDATION,D,1500,14.61,1,0.04,Y,5,2024-03-12
33,28000,OWN,3.0,VENTURE,A,4800,7.49,0,0.17,N,10,2024-02-12
28,41000,RENT,10.0,DEBTCONSOLIDATION,C,1500,14.79,0,0.04,Y,6,2024-09-03
32,43625,RENT,2.0,EDUCATION,B,1500,11.013786929274843,0,0.03,N,6,2024-07-23
29,38004,RENT,2.0,PERSONAL,C,1500,12.53,1,0.04,Y,7,2024-03-20
28,44604,RENT,11.0,PERSONAL,B,1500,11.12,0,0.03,N,7,2024-08-24
34,45000,RENT,7.0,MEDICAL,A,1500,5.99,0,0.03,N,10,2024-01-22
32,28000,MORTGAGE,7.0,MEDICAL,D,6000,15.21,1,0.21,N,9,2024-10-01
35,48000,RENT,13.0,MEDICAL,B,1500,9.91,0,0.03,N,9,2024-12-03
33,48000,RENT,2.0,MEDICAL,B,1500,11.71,0,0.03,N,8,2024-07-09
33,48000,RENT,2.0,VENTURE,B,1500,11.89,0,0.03,N,6,2024-01-17
34,50000,RENT,5.0,VENTURE,C,1500,13.92,0,0.03,N,5,2024-09-26
27,54600,RENT,2.0,EDUCATION,C,1500,13.23,0,0.03,Y,8,2024-06-30
28,55000,RENT,7.0,EDUCATION,A,1500,7.37,0,0.03,N,8,2024-08-23
28,60000,RENT,12.0,HOMEIMPROVEMENT,D,1500,16.77,0,0.03,Y,8,2024-10-17
29,60000,RENT,3.0,EDUCATION,C,1500,12.87,0,0.03,N,9,2024-10-15
32,54000,RENT,7.0,DEBTCONSOLIDATION,D,1500,14.42,1,0.03,N,9,2024-05-20
32,61900,RENT,4.0,HOMEIMPROVEMENT,C,1500,13.23,0,0.02,Y,7,2024-05-24
32,80000,RENT,6.0,HOMEIMPROVEMENT,B,1500,10.74,0,0.02,N,10,2024-06-07
27,28500,MORTGAGE,3.0,VENTURE,C,1600,13.49,1,0.06,N,8,2024-09-05
33,18000,RENT,1.0,HOMEIMPROVEMENT,B,1600,9.88,1,0.09,N,5,2024-10-30
27,28500,MORTGAGE,6.0,VENTURE,A,2600,7.74,0,0.09,N,7,2024-08-06
30,28500,MORTGAGE,9.0,EDUCATION,A,4000,7.74,0,0.14,N,7,2024-06-14
27,28560,MORTGAGE,7.0,PERSONAL,A,2400,6.39,0,0.08,N,8,2024-07-13
29,18000,RENT,3.0,MEDICAL,B,1700,11.12,0,0.09,N,10,2024-06-08
29,33000,RENT,2.0,PERSONAL,C,1700,15.23,0,0.05,Y,9,2024-02-05
32,28672,OWN,5.0,EDUCATION,C,4650,13.22,0,0.16,Y,5,2024-06-03
28,40000,RENT,1.0,MEDICAL,C,1700,11.013786929274843,0,0.04,N,9,2024-09-27
28,53040,RENT,6.0,DEBTCONSOLIDATION,A,1700,8.49,0,0.03,N,8,2024-08-09
31,12996,RENT,4.0,MEDICAL,A,1750,6.76,0,0.13,N,10,2024-10-11
30,28800,MORTGAGE,6.0,PERSONAL,C,6250,11.013786929274843,0,0.22,N,9,2024-06-28
33,15000,RENT,3.0,VENTURE,D,1800,17.54,0,0.12,Y,9,2024-06-13
28,28800,MORTGAGE,2.0,HOMEIMPROVEMENT,B,2000,10.59,0,0.07,N,7,2024-10-30
32,21360,RENT,1.0,VENTURE,C,1800,12.99,0,0.08,N,8,2024-08-10
31,23766,RENT,1.0,MEDICAL,C,1800,13.06,0,0.08,N,7,2024-02-06
31,24000,RENT,2.0,MEDICAL,A,1800,8.59,0,0.07,N,6,2024-01-30
27,25200,RENT,2.0,VENTURE,A,1800,6.76,0,0.07,N,10,2024-07-24
32,28800,MORTGAGE,7.0,VENTURE,C,7500,13.43,0,0.26,Y,7,2024-01-23
32,45996,RENT,2.0,MEDICAL,B,1800,11.58,0,0.04,N,9,2024-03-31
30,49000,RENT,14.0,MEDICAL,B,1800,11.71,0,0.04,N,5,2024-06-05
28,53544,RENT,12.0,HOMEIMPROVEMENT,C,1800,11.013786929274843,0,0.03,Y,7,2024-08-28
27,60000,RENT,11.0,DEBTCONSOLIDATION,B,1800,11.46,0,0.03,N,8,2024-08-14
33,80000,RENT,5.0,PERSONAL,B,1800,10.75,0,0.02,N,7,2024-09-19
27,117000,RENT,7.0,PERSONAL,B,1800,12.42,0,0.02,N,10,2024-05-15
33,145000,RENT,5.0,MEDICAL,C,1800,12.99,0,0.01,N,6,2024-04-23
35,510000,RENT,1.0,PERSONAL,C,1800,13.48,0,0.0,N,6,2024-08-15
27,18600,RENT,4.0,MEDICAL,B,1850,11.013786929274843,0,0.1,N,8,2024-12-02
30,31200,RENT,4.0,MEDICAL,A,1900,5.79,0,0.06,N,10,2024-01-16
30,45000,RENT,14.0,PERSONAL,A,1900,5.79,0,0.04,N,7,2024-12-22
32,60000,RENT,5.0,MEDICAL,C,1925,12.29,0,0.03,Y,9,2024-03-18
33,72000,RENT,6.0,VENTURE,C,1925,14.35,1,0.03,Y,10,2024-02-28
31,10800,RENT,4.0,VENTURE,C,2000,14.72,1,0.19,Y,5,2024-12-30
30,12996,RENT,1.0,PERSONAL,E,2000,17.19,1,0.15,N,6,2024-06-16
31,29000,MORTGAGE,6.0,PERSONAL,D,5000,15.99,0,0.17,N,7,2024-07-16
28,29000,OWN,1.0,VENTURE,C,6250,12.87,0,0.22,Y,9,2024-08-10
31,29000,MORTGAGE,3.0,EDUCATION,B,3500,12.53,0,0.12,N,5,2024-10-25
29,19200,RENT,1.0,PERSONAL,A,2000,5.99,1,0.1,N,7,2024-07-26
31,29000,MORTGAGE,5.0,PERSONAL,C,1500,12.29,0,0.05,N,6,2024-08-11
29,20400,RENT,2.0,MEDICAL,C,2000,13.49,0,0.1,N,8,2024-07-18
29,20400,RENT,4.0,HOMEIMPROVEMENT,A,2000,7.9,1,0.1,N,9,2024-05-02
27,20400,RENT,3.0,PERSONAL,B,2000,12.53,0,0.1,N,6,2024-03-04
30,29004,OWN,6.0,HOMEIMPROVEMENT,C,6250,11.013786929274843,0,0.22,N,8,2024-05-09
28,29112,OWN,1.0,VENTURE,A,7000,6.99,0,0.24,N,5,2024-02-26
27,29160,MORTGAGE,2.0,VENTURE,A,8000,7.51,0,0.27,N,7,2024-05-14
31,24600,RENT,5.0,EDUCATION,C,2000,13.61,0,0.08,Y,5,2024-02-19
27,25000,RENT,9.0,VENTURE,C,2000,13.11,0,0.08,Y,6,2024-07-21
32,25000,RENT,3.0,HOMEIMPROVEMENT,C,2000,13.16,1,0.08,Y,8,2024-08-21
32,29500,MORTGAGE,4.0,DEBTCONSOLIDATION,B,7000,10.0,1,0.24,N,9,2024-02-14
35,29568,MORTGAGE,6.0,PERSONAL,C,6000,13.23,0,0.2,Y,10,2024-10-10
27,26400,RENT,2.0,MEDICAL,A,2000,6.54,0,0.08,N,10,2024-07-27
27,26400,RENT,1.0,MEDICAL,C,2000,13.61,0,0.08,N,10,2024-12-08
29,27000,RENT,4.0,MEDICAL,A,2000,7.88,0,0.07,N,6,2024-09-04
31,29766,MORTGAGE,15.0,HOMEIMPROVEMENT,A,13900,8.94,0,0.47,N,8,2024-01-08
30,28800,RENT,9.0,MEDICAL,B,2000,11.48,0,0.07,N,10,2024-12-19
28,30000,RENT,12.0,EDUCATION,A,2000,5.42,0,0.07,N,5,2024-04-24
33,30000,RENT,11.0,MEDICAL,A,2000,7.29,0,0.07,N,5,2024-04-14
30,92700,RENT,1.0,VENTURE,B,15000,11.99,0,0.16,N,5,2024-07-03
31,81000,RENT,1.0,PERSONAL,D,15000,14.42,1,0.19,N,6,2024-01-28
32,30000,OWN,2.0,EDUCATION,B,10000,9.91,0,0.33,N,8,2024-01-23
28,30000,MORTGAGE,5.0,VENTURE,A,15000,11.013786929274843,0,0.5,N,9,2024-04-09
29,70553,RENT,8.0,MEDICAL,C,15000,13.47,1,0.18,Y,10,2024-03-15
33,84000,RENT,2.0,VENTURE,E,15000,16.7,1,0.18,N,9,2024-06-14
33,30000,OWN,8.0,MEDICAL,A,5000,7.51,0,0.17,N,9,2024-04-14
29,100000,RENT,1.0,MEDICAL,B,15000,9.88,0,0.15,N,9,2024-03-08
29,100000,RENT,3.0,HOMEIMPROVEMENT,C,15000,12.04,0,0.15,N,10,2024-02-18
28,102000,RENT,12.0,DEBTCONSOLIDATION,B,15000,11.46,0,0.15,N,7,2024-09-24
27,104371,RENT,4.0,HOMEIMPROVEMENT,D,15000,16.77,0,0.14,N,5,2024-10-25
31,105000,RENT,9.0,HOMEIMPROVEMENT,B,15000,10.59,0,0.14,N,8,2024-12-11
27,106000,RENT,5.0,DEBTCONSOLIDATION,B,15000,10.75,0,0.14,N,6,2024-01-03
32,108000,RENT,8.0,PERSONAL,B,15000,10.0,0,0.14,N,9,2024-07-27
30,30000,MORTGAGE,6.0,EDUCATION,B,10000,9.91,0,0.33,N,10,2024-09-26
34,110000,RENT,6.0,PERSONAL,C,15000,12.68,0,0.14,Y,10,2024-09-09
35,30000,MORTGAGE,13.0,PERSONAL,A,6625,6.62,0,0.22,N,6,2024-07-09
33,110000,RENT,3.0,EDUCATION,D,15000,14.42,0,0.14,Y,9,2024-06-04
33,30000,MORTGAGE,1.0,DEBTCONSOLIDATION,C,4000,11.013786929274843,0,0.13,Y,7,2024-09-27
35,117000,RENT,8.0,PERSONAL,A,15000,9.63,0,0.13,N,8,2024-05-06
29,120000,RENT,3.0,EDUCATION,A,15000,6.91,0,0.13,N,7,2024-05-31
30,120000,RENT,14.0,MEDICAL,A,15000,6.17,0,0.13,N,8,2024-09-12
29,120000,RENT,3.0,DEBTCONSOLIDATION,A,15000,9.63,0,0.13,N,6,2024-03-27
32,120000,RENT,5.0,VENTURE,E,15000,15.68,0,0.13,N,7,2024-05-11
31,30000,MORTGAGE,2.0,PERSONAL,A,2000,7.9,0,0.07,N,10,2024-06-11
27,122000,RENT,3.0,PERSONAL,C,15000,12.73,0,0.12,N,5,2024-02-08
27,132000,RENT,2.0,HOMEIMPROVEMENT,B,15000,11.12,0,0.11,N,5,2024-05-13
28,143000,RENT,5.0,HOMEIMPROVEMENT,C,15000,12.53,0,0.1,N,6,2024-07-11
35,30000,MORTGAGE,11.0,MEDICAL,B,11000,10.65,0,0.37,N,10,2024-02-10
34,147000,RENT,1.0,EDUCATION,A,15000,8.94,0,0.1,N,5,2024-03-22
29,150000,RENT,9.0,PERSONAL,E,15000,16.32,0,0.1,N,9,2024-04-28
31,150000,RENT,1.0,HOMEIMPROVEMENT,B,15000,11.013786929274843,0,0.1,N,10,2024-05-14
30,165000,RENT,3.0,VENTURE,C,15000,13.92,0,0.09,Y,9,2024-05-07
30,175000,RENT,3.0,DEBTCONSOLIDATION,B,15000,11.26,0,0.09,N,8,2024-08-20
29,200000,RENT,2.0,DEBTCONSOLIDATION,B,15000,10.37,0,0.07,N,5,2024-05-27
31,200000,RENT,5.0,HOMEIMPROVEMENT,B,15000,11.36,0,0.07,N,8,2024-10-10
28,200000,RENT,2.0,VENTURE,C,15000,11.72,0,0.07,Y,10,2024-04-05
33,30000,MORTGAGE,1.0,MEDICAL,A,5000,11.013786929274843,0,0.17,N,9,2024-06-05
34,30000,RENT,2.0,HOMEIMPROVEMENT,B,14975,12.53,1,0.5,N,10,2024-08-27
30,30000,MORTGAGE,3.0,EDUCATION,A,5100,7.9,0,0.17,N,8,2024-02-13
28,30000,RENT,13.0,PERSONAL,B,14800,11.14,1,0.49,N,5,2024-06-03
32,50000,RENT,1.0,MEDICAL,B,14800,10.83,0,0.3,N,5,2024-09-13
28,68000,RENT,2.0,EDUCATION,B,14800,9.99,0,0.22,N,9,2024-09-26
30,42000,RENT,4.0,DEBTCONSOLIDATION,B,14750,11.013786929274843,1,0.35,N,7,2024-05-20
32,30000,MORTGAGE,6.0,VENTURE,A,10000,7.51,0,0.33,N,9,2024-01-31
34,30000,MORTGAGE,4.0,DEBTCONSOLIDATION,A,4300,7.9,0,0.14,N,5,2024-10-07
27,37000,RENT,11.0,MEDICAL,A,14700,5.99,1,0.4,N,9,2024-06-25
27,30000,RENT,2.0,EDUCATION,B,2000,11.49,0,0.07,N,8,2024-03-29
28,30225,RENT,7.0,PERSONAL,B,2000,12.42,0,0.07,N,6,2024-08-09
35,30000,MORTGAGE,2.0,EDUCATION,A,3300,5.99,0,0.11,N,6,2024-07-08
31,33000,RENT,1.0,DEBTCONSOLIDATION,A,2000,5.79,0,0.06,N,5,2024-11-04
30,33000,RENT,2.0,VENTURE,B,2000,11.013786929274843,0,0.06,N,8,2024-11-27
31,40000,RENT,3.0,MEDICAL,B,2000,10.37,0,0.05,N,7,2024-08-04
27,40000,RENT,9.0,DEBTCONSOLIDATION,B,2000,10.75,0,0.05,N,6,2024-10-09
27,51000,RENT,1.0,HOMEIMPROVEMENT,A,2000,7.74,0,0.04,N,6,2024-06-09
30,51600,RENT,12.0,DEBTCONSOLIDATION,B,2000,9.99,0,0.04,N,5,2024-09-18
29,51996,RENT,2.0,DEBTCONSOLIDATION,C,2000,13.72,0,0.04,Y,6,2024-10-14
29,54000,RENT,1.0,HOMEIMPROVEMENT,B,2000,10.01,0,0.04,N,7,2024-06-24
31,50000,RENT,15.0,PERSONAL,A,2000,5.42,1,0.04,N,8,2024-06-14
28,50000,RENT,2.0,MEDICAL,D,2000,16.89,1,0.04,N,7,2024-04-18
33,57500,RENT,2.0,DEBTCONSOLIDATION,B,2000,11.013786929274843,0,0.03,N,5,2024-07-18
35,59000,RENT,11.0,DEBTCONSOLIDATION,C,2000,13.48,0,0.03,Y,7,2024-06-24
27,60000,RENT,2.0,HOMEIMPROVEMENT,B,2000,9.91,0,0.03,N,9,2024-11-01
28,60000,RENT,3.0,EDUCATION,B,2000,11.013786929274843,0,0.03,N,6,2024-05-19
28,54000,RENT,1.0,MEDICAL,D,2000,14.42,1,0.04,N,7,2024-11-14
29,30000,MORTGAGE,3.0,EDUCATION,B,4000,11.013786929274843,0,0.13,N,6,2024-04-28
30,30000,MORTGAGE,1.0,VENTURE,A,10000,6.99,0,0.33,N,5,2024-12-29
29,68500,RENT,4.0,DEBTCONSOLIDATION,A,2000,11.013786929274843,0,0.03,N,9,2024-07-15
30,68803,RENT,3.0,MEDICAL,A,2000,6.17,0,0.03,N,10,2024-08-02
32,30000,MORTGAGE,16.0,EDUCATION,A,7000,6.99,0,0.23,N,6,2024-10-03
27,69000,RENT,1.0,MEDICAL,A,2000,6.99,0,0.03,N,5,2024-08-19
35,30000,MORTGAGE,3.0,DEBTCONSOLIDATION,A,2975,5.99,0,0.1,N,5,2024-09-21
35,70000,RENT,2.0,EDUCATION,C,2000,13.72,0,0.03,N,7,2024-09-02
31,30000,MORTGAGE,3.0,PERSONAL,A,9450,8.49,0,0.32,N,8,2024-07-12
29,72000,RENT,13.0,DEBTCONSOLIDATION,D,2000,14.59,1,0.03,Y,8,2024-02-27
35,80000,RENT,7.0,VENTURE,C,2000,12.99,0,0.03,Y,9,2024-10-26
31,30000,MORTGAGE,5.0,MEDICAL,D,4000,15.62,1,0.13,Y,7,2024-04-02
34,80000,RENT,2.0,PERSONAL,B,2000,10.36,0,0.03,N,7,2024-07-08
29,80004,RENT,12.0,PERSONAL,B,2000,9.76,0,0.02,N,10,2024-05-20
29,102400,RENT,2.0,HOMEIMPROVEMENT,B,2000,8.88,0,0.02,N,7,2024-03-03
33,132444,RENT,4.0,EDUCATION,B,2000,11.36,0,0.02,N,9,2024-04-28
35,30000,MORTGAGE,3.0,HOMEIMPROVEMENT,C,10000,13.43,1,0.33,N,7,2024-09-18
31,30000,RENT,1.0,HOMEIMPROVEMENT,B,2050,8.88,1,0.07,N,7,2024-08-29
29,60000,RENT,13.0,PERSONAL,C,2075,15.23,0,0.03,N,7,2024-06-04
33,30000,OWN,1.0,VENTURE,C,5000,12.68,0,0.17,Y,10,2024-02-18
34,21000,RENT,2.0,MEDICAL,A,2100,7.88,0,0.1,N,8,2024-09-03
29,31632,RENT,2.0,PERSONAL,B,2100,11.013786929274843,0,0.07,N,6,2024-08-27
29,30000,MORTGAGE,3.0,VENTURE,A,6000,5.79,0,0.2,N,8,2024-05-21
27,39000,RENT,3.0,DEBTCONSOLIDATION,B,2100,11.013786929274843,0,0.05,N,6,2024-08-07
32,51996,RENT,6.0,MEDICAL,C,2100,11.013786929274843,0,0.04,Y,7,2024-04-03
28,30000,MORTGAGE,8.0,DEBTCONSOLIDATION,A,3000,7.29,0,0.1,N,5,2024-08-13
33,30000,MORTGAGE,17.0,HOMEIMPROVEMENT,A,10000,5.79,0,0.33,N,6,2024-01-18
28,35000,RENT,6.0,VENTURE,C,2125,15.27,0,0.06,N,6,2024-09-25
27,24000,RENT,1.0,MEDICAL,C,2150,14.72,0,0.09,N,7,2024-07-10
34,30000,RENT,3.0,PERSONAL,A,14000,8.9,1,0.47,N,7,2024-05-16
30,33200,RENT,4.0,VENTURE,A,14000,7.29,1,0.42,N,10,2024-12-25
28,33600,RENT,9.0,EDUCATION,C,14000,11.013786929274843,1,0.42,Y,5,2024-02-19
28,29000,RENT,8.0,HOMEIMPROVEMENT,B,14000,11.99,1,0.48,N,9,2024-07-02
34,36000,RENT,5.0,DEBTCONSOLIDATION,A,14000,7.51,1,0.39,N,6,2024-11-11
35,37000,RENT,5.0,DEBTCONSOLIDATION,A,14000,7.88,1,0.38,N,8,2024-04-12
30,40000,RENT,2.0,MEDICAL,C,14000,12.73,1,0.35,N,8,2024-05-30
27,34000,RENT,4.0,MEDICAL,G,14000,19.82,1,0.41,N,10,2024-10-22
28,40000,RENT,2.0,PERSONAL,B,14000,11.89,1,0.35,N,5,2024-01-13
29,40404,RENT,4.0,VENTURE,A,14000,8.49,1,0.35,N,10,2024-02-27
28,30000,OWN,1.0,HOMEIMPROVEMENT,C,7500,12.98,0,0.25,N,8,2024-12-28
29,14400,RENT,4.0,DEBTCONSOLIDATION,A,2200,5.99,0,0.15,N,10,2024-12-08
34,30000,MORTGAGE,5.0,VENTURE,A,14000,7.51,0,0.47,N,8,2024-06-01
29,17004,RENT,8.0,HOMEIMPROVEMENT,A,2200,9.32,1,0.13,N,5,2024-10-15
28,30000,MORTGAGE,4.0,EDUCATION,A,3000,6.76,0,0.1,N,9,2024-03-11
31,30000,RENT,4.0,MEDICAL,A,2200,7.49,0,0.07,N,10,2024-07-07
31,38400,RENT,3.0,EDUCATION,C,2200,13.06,0,0.06,Y,10,2024-03-09
35,40000,RENT,2.0,MEDICAL,B,2200,11.013786929274843,0,0.06,N,10,2024-11-05
31,42000,RENT,2.0,DEBTCONSOLIDATION,A,2200,9.63,0,0.05,N,8,2024-09-06
32,44004,RENT,5.0,MEDICAL,D,2200,15.65,1,0.05,N,5,2024-11-25
30,52416,RENT,13.0,MEDICAL,B,2200,10.99,0,0.04,N,8,2024-06-06
27,70000,RENT,8.0,HOMEIMPROVEMENT,B,2200,10.74,0,0.03,N,8,2024-11-13
30,30000,OWN,14.0,PERSONAL,A,5000,7.14,0,0.17,N,7,2024-09-14
28,80000,RENT,5.0,DEBTCONSOLIDATION,B,2200,9.99,0,0.03,N,6,2024-02-05
28,30000,MORTGAGE,3.0,MEDICAL,C,6000,13.98,0,0.2,Y,8,2024-01-24
27,15600,RENT,1.0,HOMEIMPROVEMENT,D,2250,18.25,1,0.14,N,6,2024-01-17
27,48000,RENT,5.0,DEBTCONSOLIDATION,B,2250,11.013786929274843,0,0.05,N,7,2024-09-05
28,42000,RENT,7.0,MEDICAL,A,2250,6.99,1,0.05,N,8,2024-07-17
33,30000,MORTGAGE,8.0,VENTURE,A,12000,7.14,0,0.4,N,5,2024-08-25
28,37152,RENT,12.0,EDUCATION,D,2300,13.17,0,0.06,N,7,2024-12-16
30,39000,RENT,1.0,MEDICAL,A,2300,8.59,0,0.06,N,8,2024-04-29
29,62000,RENT,4.0,DEBTCONSOLIDATION,C,2300,13.43,1,0.04,Y,6,2024-10-23
32,60000,RENT,3.0,MEDICAL,B,2375,11.83,0,0.04,N,7,2024-12-31
34,30000,MORTGAGE,6.0,MEDICAL,B,4650,11.013786929274843,0,0.15,N,8,2024-05-11
31,12000,RENT,2.0,EDUCATION,B,2400,11.71,1,0.2,N,10,2024-07-04
31,12252,RENT,15.0,PERSONAL,C,2400,11.013786929274843,1,0.2,Y,10,2024-11-14
27,18000,RENT,2.0,MEDICAL,B,2400,10.65,0,0.13,N,6,2024-04-26
34,18000,RENT,4.0,MEDICAL,C,2400,14.79,0,0.13,N,10,2024-01-13
29,30000,MORTGAGE,2.0,DEBTCONSOLIDATION,B,1600,10.25,0,0.05,N,9,2024-04-04
30,21360,RENT,1.0,VENTURE,B,2400,10.25,0,0.11,N,9,2024-12-28
31,22800,RENT,3.0,HOMEIMPROVEMENT,A,2400,8.49,1,0.11,N,8,2024-02-14
33,30000,MORTGAGE,1.0,EDUCATION,B,12250,11.36,0,0.41,N,8,2024-11-05
30,30000,MORTGAGE,3.0,VENTURE,A,5000,11.013786929274843,0,0.17,N,10,2024-07-19
34,24000,RENT,3.0,PERSONAL,C,2400,13.11,0,0.1,Y,5,2024-11-16
32,30000,MORTGAGE,2.0,EDUCATION,D,6000,15.31,0,0.2,Y,8,2024-05-09
33,30000,RENT,2.0,VENTURE,B,2400,9.91,0,0.08,N,5,2024-08-17
29,30000,MORTGAGE,2.0,MEDICAL,A,6500,8.59,0,0.22,N,10,2024-01-03
28,30000,RENT,5.0,PERSONAL,B,2400,9.25,0,0.08,N,6,2024-03-27
27,30000,OWN,4.0,VENTURE,B,5000,11.013786929274843,0,0.17,N,5,2024-05-10
28,31000,RENT,6.0,PERSONAL,B,2400,11.49,0,0.08,N,6,2024-08-15
30,31200,RENT,7.0,MEDICAL,D,2400,16.49,0,0.08,Y,6,2024-03-02
33,34000,RENT,5.0,VENTURE,B,2400,11.99,0,0.07,N,9,2024-09-12
31,34000,RENT,2.0,MEDICAL,B,2400,12.21,0,0.07,N,5,2024-10-27
27,35000,RENT,2.0,VENTURE,B,2400,11.013786929274843,0,0.07,N,9,2024-12-28
30,29004,RENT,13.0,MEDICAL,E,2400,17.93,1,0.08,Y,7,2024-11-16
32,30000,OWN,4.0,MEDICAL,D,3000,15.65,0,0.1,Y,6,2024-07-12
27,30000,RENT,4.0,MEDICAL,D,2400,17.49,1,0.08,Y,10,2024-05-24
28,37500,RENT,10.0,PERSONAL,A,2400,7.66,0,0.06,N,5,2024-06-07
27,38400,RENT,6.0,MEDICAL,B,2400,10.65,0,0.06,N,6,2024-03-08
30,39000,RENT,1.0,DEBTCONSOLIDATION,B,2400,10.99,0,0.06,N,7,2024-12-27
35,39800,RENT,5.0,DEBTCONSOLIDATION,B,2400,11.71,0,0.06,N,10,2024-08-29
31,39996,RENT,4.0,MEDICAL,B,2400,11.013786929274843,0,0.06,N,9,2024-06-21
30,40000,RENT,6.0,MEDICAL,A,2400,8.49,0,0.06,N,10,2024-03-11
34,40000,RENT,1.0,DEBTCONSOLIDATION,A,2400,9.32,0,0.06,N,7,2024-06-20
28,35000,RENT,4.0,DEBTCONSOLIDATION,A,2400,7.29,1,0.07,N,9,2024-06-10
28,30000,MORTGAGE,2.0,MEDICAL,A,10500,8.94,0,0.35,N,8,2024-06-06
34,30000,MORTGAGE,4.0,EDUCATION,A,7300,9.32,0,0.24,N,9,2024-10-28
29,30000,MORTGAGE,2.0,HOMEIMPROVEMENT,C,8000,12.84,0,0.27,N,8,2024-11-18
32,42000,RENT,3.0,PERSONAL,B,2400,9.62,0,0.06,N,7,2024-08-07
27,42000,RENT,3.0,VENTURE,A,2400,6.54,0,0.06,N,10,2024-11-04
31,43812,RENT,2.0,MEDICAL,C,2400,14.35,0,0.05,N,5,2024-05-12
32,45000,RENT,3.0,PERSONAL,B,2400,12.42,0,0.05,N,6,2024-05-28
29,45000,RENT,5.0,MEDICAL,C,2400,11.013786929274843,0,0.05,N,6,2024-05-13
30,40800,RENT,7.0,PERSONAL,B,2400,11.49,1,0.06,N,9,2024-02-27
34,47652,RENT,6.0,VENTURE,C,2400,13.22,0,0.05,Y,5,2024-04-08
29,30000,MORTGAGE,7.0,DEBTCONSOLIDATION,C,1500,13.16,0,0.05,N,8,2024-12-10
34,42000,RENT,3.0,DEBTCONSOLIDATION,D,2400,13.8,1,0.06,Y,10,2024-02-11
34,50000,RENT,1.0,EDUCATION,C,2400,13.49,0,0.05,Y,9,2024-03-05
30,52800,RENT,4.0,PERSONAL,B,2400,9.62,0,0.05,N,7,2024-12-23
27,60000,RENT,3.0,VENTURE,A,2400,7.49,0,0.04,N,6,2024-06-01
27,60500,RENT,6.0,MEDICAL,B,2400,12.69,0,0.04,N,8,2024-05-02
28,30000,MORTGAGE,4.0,DEBTCONSOLIDATION,C,7500,11.78,0,0.25,N,7,2024-09-15
28,70000,RENT,4.0,HOMEIMPROVEMENT,B,2400,10.65,0,0.03,N,7,2024-04-20
34,72000,RENT,17.0,MEDICAL,C,2400,13.16,0,0.03,N,8,2024-08-17
27,77700,RENT,5.0,MEDICAL,C,2400,11.013786929274843,0,0.03,Y,5,2024-06-08
30,82500,RENT,5.0,VENTURE,A,2400,8.9,0,0.03,N,5,2024-10-31
29,90050,RENT,3.0,HOMEIMPROVEMENT,C,2400,13.49,0,0.03,Y,9,2024-12-23
31,78100,RENT,4.0,MEDICAL,A,2425,5.42,0,0.03,N,10,2024-01-29
28,86400,RENT,1.0,HOMEIMPROVEMENT,B,2425,11.49,0,0.03,N,8,2024-07-03
31,30000,MORTGAGE,15.0,DEBTCONSOLIDATION,D,11225,13.62,1,0.37,Y,6,2024-05-13
28,66000,RENT,12.0,PERSONAL,D,2475,15.05,1,0.04,Y,8,2024-04-30
30,30000,MORTGAGE,1.0,EDUCATION,C,12000,10.59,0,0.4,Y,6,2024-03-16
31,30016,OWN,3.0,HOMEIMPROVEMENT,A,11000,8.94,0,0.37,N,10,2024-12-16
29,54000,RENT,2.0,HOMEIMPROVEMENT,B,13575,11.71,1,0.25,N,10,2024-05-12
34,30144,MORTGAGE,3.0,EDUCATION,C,18000,12.84,0,0.6,Y,10,2024-09-17
28,30422,OWN,12.0,PERSONAL,A,5000,8.49,0,0.16,N,9,2024-08-01
29,64402,RENT,1.0,DEBTCONSOLIDATION,A,13500,7.49,0,0.21,N,8,2024-02-07
35,74984,RENT,2.0,VENTURE,A,13500,7.29,0,0.18,N,9,2024-03-04
27,75805,RENT,1.0,DEBTCONSOLIDATION,E,13450,16.32,1,0.18,N,8,2024-10-24
35,30720,MORTGAGE,4.0,VENTURE,A,6000,7.49,0,0.2,N,7,2024-08-03
27,118000,RENT,1.0,PERSONAL,D,13425,15.99,1,0.11,Y,10,2024-12-18
31,43000,RENT,15.0,MEDICAL,B,13350,12.42,1,0.31,N,6,2024-12-18
31,30792,MORTGAGE,15.0,HOMEIMPROVEMENT,A,5000,8.32,0,0.16,N,9,2024-09-11
33,25200,RENT,1.0,VENTURE,A,13250,7.66,1,0.53,N,6,2024-01-22
33,30929,MORTGAGE,12.0,EDUCATION,A,5300,7.68,0,0.17,N,7,2024-10-07
28,35000,RENT,4.0,EDUCATION,B,13250,10.65,1,0.38,N,7,2024-04-24
31,29000,RENT,7.0,HOMEIMPROVEMENT,D,13250,17.58,1,0.46,N,6,2024-05-01
29,30992,MORTGAGE,3.0,EDUCATION,B,8000,11.58,1,0.26,N,9,2024-03-29
30,45000,RENT,2.0,VENTURE,A,13250,7.9,0,0.29,N,10,2024-05-26
29,46000,RENT,11.0,MEDICAL,D,13250,17.27,1,0.29,Y,6,2024-07-05
29,30996,MORTGAGE,8.0,MEDICAL,A,8875,7.66,0,0.29,N,9,2024-06-23
32,30996,MORTGAGE,1.0,EDUCATION,C,2400,13.8,0,0.08,Y,7,2024-10-21
31,88000,RENT,1.0,DEBTCONSOLIDATION,B,13225,12.42,0,0.15,N,7,2024-11-16
29,28000,RENT,9.0,MEDICAL,A,13200,6.17,1,0.47,N,10,2024-12-06
34,40000,RENT,2.0,PERSONAL,B,13200,12.42,1,0.33,N,8,2024-03-11
34,40000,RENT,2.0,VENTURE,C,13200,11.013786929274843,1,0.33,Y,6,2024-09-07
27,31000,OWN,3.0,HOMEIMPROVEMENT,B,5500,10.65,0,0.18,N,7,2024-01-27
32,70000,RENT,6.0,MEDICAL,C,13200,13.49,0,0.19,N,6,2024-12-21
29,31000,MORTGAGE,1.0,DEBTCONSOLIDATION,A,9950,7.9,0,0.32,N,6,2024-11-24
30,31000,MORTGAGE,14.0,HOMEIMPROVEMENT,B,2400,10.65,1,0.08,N,5,2024-03-29
31,31692,RENT,2.0,VENTURE,D,13150,13.24,1,0.41,Y,5,2024-12-31
32,31000,MORTGAGE,4.0,VENTURE,A,12000,5.42,0,0.39,N,6,2024-10-25
33,51200,RENT,1.0,VENTURE,E,13075,16.7,1,0.26,Y,8,2024-12-30
32,31000,MORTGAGE,5.0,DEBTCONSOLIDATION,B,13000,11.013786929274843,1,0.42,N,8,2024-01-16
34,92500,RENT,4.0,DEBTCONSOLIDATION,A,13050,7.66,0,0.14,N,5,2024-02-01
31,27600,RENT,16.0,DEBTCONSOLIDATION,A,13000,6.54,1,0.47,N,9,2024-12-24
28,29000,RENT,6.0,EDUCATION,C,13000,14.26,1,0.45,Y,8,2024-05-24
27,30000,RENT,3.0,PERSONAL,A,13000,7.88,1,0.43,N,10,2024-09-06
28,33000,RENT,3.0,DEBTCONSOLIDATION,A,13000,7.9,1,0.39,N,6,2024-04-22
35,31000,MORTGAGE,9.0,EDUCATION,C,15000,13.16,0,0.48,N,9,2024-12-18
34,31075,MORTGAGE,3.0,EDUCATION,A,7400,7.51,0,0.24,N,6,2024-07-15
29,30288,RENT,13.0,PERSONAL,C,13000,14.35,1,0.43,N,8,2024-04-01
27,37000,RENT,1.0,EDUCATION,B,13000,9.91,1,0.35,N,10,2024-07-07
31,37000,RENT,3.0,PERSONAL,A,13000,6.92,1,0.35,N,6,2024-05-29
27,37800,RENT,1.0,DEBTCONSOLIDATION,B,13000,11.83,1,0.34,N,5,2024-09-12
27,31200,MORTGAGE,4.0,EDUCATION,C,15000,14.27,0,0.48,Y,10,2024-07-13
27,40000,RENT,1.0,VENTURE,C,13000,13.48,1,0.33,N,7,2024-10-08
31,36000,RENT,5.0,HOMEIMPROVEMENT,E,13000,20.3,1,0.36,Y,5,2024-05-20
27,45000,RENT,11.0,DEBTCONSOLIDATION,A,13000,8.94,0,0.29,N,6,2024-12-23
27,46000,RENT,5.0,EDUCATION,D,13000,14.59,0,0.28,Y,10,2024-06-29
30,47000,RENT,2.0,DEBTCONSOLIDATION,B,13000,9.63,0,0.28,N,5,2024-08-03
27,47000,RENT,1.0,MEDICAL,B,13000,10.99,0,0.28,N,5,2024-06-11
33,44000,RENT,10.0,HOMEIMPROVEMENT,B,13000,9.91,1,0.3,N,6,2024-02-16
35,21600,RENT,1.0,EDUCATION,C,2500,14.35,0,0.12,Y,8,2024-04-22
29,21996,RENT,4.0,DEBTCONSOLIDATION,C,2500,13.11,1,0.11,Y,8,2024-08-01
27,22708,RENT,6.0,VENTURE,D,2500,14.84,1,0.11,Y,8,2024-03-31
27,24000,RENT,2.0,MEDICAL,B,2500,10.65,0,0.1,N,9,2024-05-25
32,24000,RENT,2.0,MEDICAL,B,2500,10.37,0,0.1,N,5,2024-06-04
27,31200,MORTGAGE,3.0,PERSONAL,B,3600,11.48,0,0.12,N,7,2024-03-07
27,31200,OWN,1.0,DEBTCONSOLIDATION,E,7000,16.35,1,0.22,Y,10,2024-07-31
32,24000,RENT,2.0,MEDICAL,A,2500,7.74,0,0.1,N,9,2024-06-14
27,31200,MORTGAGE,1.0,DEBTCONSOLIDATION,B,12300,12.53,0,0.39,N,10,2024-02-20
27,31200,MORTGAGE,1.0,HOMEIMPROVEMENT,A,7500,7.74,0,0.24,N,8,2024-12-06
27,25800,RENT,11.0,EDUCATION,C,2500,11.013786929274843,0,0.1,Y,5,2024-01-28
27,26400,RENT,3.0,VENTURE,C,2500,13.23,0,0.09,Y,10,2024-05-17
31,31323,MORTGAGE,6.0,DEBTCONSOLIDATION,C,2500,13.22,1,0.08,N,5,2024-08-24
27,26592,RENT,1.0,PERSONAL,A,2500,7.14,1,0.09,N,6,2024-06-30
29,28080,RENT,1.0,MEDICAL,B,2500,10.99,0,0.09,N,8,2024-03-14
34,31500,MORTGAGE,16.0,PERSONAL,B,6000,11.013786929274843,0,0.19,N,8,2024-02-01
27,30000,RENT,3.0,MEDICAL,B,2500,11.14,0,0.08,N,5,2024-10-18
31,31600,MORTGAGE,4.0,MEDICAL,B,7500,11.36,0,0.24,N,10,2024-01-14
29,32108,RENT,4.0,VENTURE,E,2500,15.68,1,0.08,Y,5,2024-04-22
32,31776,OWN,4.0,MEDICAL,C,3400,13.16,0,0.11,N,8,2024-02-09
32,36000,RENT,1.0,PERSONAL,B,2500,10.0,0,0.07,N,6,2024-11-29
27,31850,MORTGAGE,8.0,VENTURE,B,14125,10.65,0,0.44,N,8,2024-05-25
31,30000,RENT,1.0,HOMEIMPROVEMENT,C,2500,13.57,1,0.08,Y,8,2024-11-27
33,32400,RENT,6.0,MEDICAL,D,2500,15.33,1,0.08,Y,10,2024-08-26
35,33000,RENT,3.0,MEDICAL,D,2500,15.62,1,0.08,Y,7,2024-10-31
32,39400,RENT,2.0,MEDICAL,A,2500,7.14,0,0.06,N,9,2024-04-20
27,40000,RENT,4.0,EDUCATION,A,2500,6.99,0,0.06,N,5,2024-03-26
30,40000,RENT,8.0,VENTURE,A,2500,5.79,0,0.06,N,10,2024-02-15
31,40000,RENT,5.0,MEDICAL,C,2500,13.23,0,0.06,Y,5,2024-01-01
34,42000,RENT,2.0,MEDICAL,B,2500,10.59,0,0.06,N,6,2024-01-11
28,42000,RENT,9.0,EDUCATION,A,2500,8.49,0,0.06,N,8,2024-10-04
28,32000,MORTGAGE,4.0,EDUCATION,B,12000,12.69,1,0.38,N,10,2024-08-05
29,32000,MORTGAGE,5.0,MEDICAL,A,3100,7.51,1,0.1,N,5,2024-02-14
27,32000,MORTGAGE,11.0,DEBTCONSOLIDATION,D,1000,16.29,1,0.03,Y,10,2024-02-01
27,44500,RENT,5.0,PERSONAL,B,2500,11.99,0,0.06,N,10,2024-11-30
30,39300,RENT,5.0,DEBTCONSOLIDATION,D,2500,16.29,1,0.06,Y,10,2024-02-10
27,39996,RENT,7.0,DEBTCONSOLIDATION,D,2500,15.65,1,0.06,N,8,2024-10-23
29,46500,RENT,5.0,VENTURE,C,2500,13.92,0,0.05,Y,9,2024-02-23
27,47544,RENT,11.0,DEBTCONSOLIDATION,A,2500,7.88,0,0.05,N,5,2024-09-08
28,48000,RENT,1.0,EDUCATION,A,2500,8.49,0,0.05,N,5,2024-03-18
32,50000,RENT,3.0,PERSONAL,C,2500,13.49,0,0.05,N,7,2024-11-08
29,32000,MORTGAGE,13.0,HOMEIMPROVEMENT,A,8000,5.99,0,0.25,N,7,2024-12-30
31,50000,RENT,5.0,HOMEIMPROVEMENT,E,2500,17.04,0,0.05,Y,10,2024-02-13
30,32000,MORTGAGE,4.0,HOMEIMPROVEMENT,C,6625,14.79,0,0.21,N,10,2024-06-03
33,53000,RENT,6.0,HOMEIMPROVEMENT,B,2500,9.99,0,0.05,N,7,2024-02-23
34,54600,RENT,2.0,MEDICAL,A,2500,7.88,0,0.05,N,8,2024-01-04
28,54924,RENT,6.0,DEBTCONSOLIDATION,B,2500,11.14,0,0.05,N,6,2024-07-16
30,57000,RENT,1.0,MEDICAL,C,2500,11.013786929274843,0,0.04,N,9,2024-02-07
34,32000,MORTGAGE,12.0,HOMEIMPROVEMENT,A,2275,6.17,0,0.07,N,6,2024-12-28
27,56000,RENT,1.0,DEBTCONSOLIDATION,C,2500,11.72,1,0.04,N,5,2024-09-18
31,32000,MORTGAGE,3.0,DEBTCONSOLIDATION,B,6000,11.86,0,0.19,N,8,2024-08-25
29,68004,RENT,2.0,EDUCATION,C,2500,12.99,0,0.04,Y,9,2024-07-01
27,69000,RENT,11.0,VENTURE,A,2500,7.14,0,0.04,N,8,2024-10-03
30,70000,RENT,4.0,VENTURE,B,2500,10.36,0,0.04,N,7,2024-11-30
27,72000,RENT,11.0,VENTURE,C,2500,14.35,0,0.03,N,6,2024-03-14
29,73000,RENT,7.0,DEBTCONSOLIDATION,C,2500,14.35,0,0.03,Y,9,2024-04-11
28,75000,RENT,12.0,MEDICAL,B,2500,11.99,0,0.03,N,9,2024-01-21
29,76320,RENT,8.0,EDUCATION,C,2500,12.61,0,0.03,Y,10,2024-06-10
28,32000,MORTGAGE,5.0,PERSONAL,A,8500,7.51,0,0.27,N,6,2024-03-11
29,32000,MORTGAGE,2.0,VENTURE,A,12000,7.88,0,0.38,N,6,2024-06-08
31,95000,RENT,2.0,MEDICAL,C,2500,13.72,0,0.03,N,5,2024-02-07
27,95800,RENT,1.0,DEBTCONSOLIDATION,B,2500,11.58,0,0.03,N,9,2024-11-20
32,115000,RENT,1.0,HOMEIMPROVEMENT,B,2500,11.89,0,0.02,N,6,2024-12-20
29,120000,RENT,5.0,DEBTCONSOLIDATION,C,2500,14.22,0,0.02,Y,6,2024-08-07
27,15600,RENT,11.0,HOMEIMPROVEMENT,B,2800,10.65,1,0.18,N,5,2024-07-17
27,32000,MORTGAGE,2.0,HOMEIMPROVEMENT,B,14000,11.89,0,0.44,N,7,2024-05-07
32,24000,RENT,7.0,DEBTCONSOLIDATION,B,2800,10.99,0,0.12,N,9,2024-07-13
33,25000,RENT,6.0,PERSONAL,A,2800,9.32,0,0.11,N,7,2024-07-19
27,32000,OTHER,10.0,EDUCATION,C,15000,11.013786929274843,1,0.47,N,7,2024-07-05
32,32000,OWN,2.0,VENTURE,C,4000,10.78,0,0.13,Y,5,2024-12-04
30,30000,RENT,6.0,MEDICAL,C,2800,12.68,0,0.09,Y,7,2024-02-12
27,12000,RENT,2.0,PERSONAL,C,2850,13.61,1,0.24,Y,5,2024-04-26
33,32004,MORTGAGE,4.0,PERSONAL,B,6000,10.74,0,0.19,N,7,2024-03-17
27,17000,RENT,6.0,PERSONAL,B,2875,11.71,1,0.17,N,10,2024-06-08
30,32004,OWN,4.0,VENTURE,A,5500,8.0,0,0.17,N,9,2024-08-20
28,10000,RENT,12.0,EDUCATION,B,3000,11.013786929274843,1,0.3,N,8,2024-08-08
35,14400,RENT,1.0,HOMEIMPROVEMENT,B,3000,11.013786929274843,1,0.21,N,7,2024-08-14
32,14400,RENT,7.0,PERSONAL,C,3000,13.98,1,0.21,Y,8,2024-02-08
33,14400,RENT,2.0,MEDICAL,B,3000,11.83,1,0.21,N,5,2024-05-17
31,32400,MORTGAGE,14.0,HOMEIMPROVEMENT,A,3000,7.49,0,0.09,N,10,2024-12-13
27,15000,RENT,2.0,EDUCATION,C,3000,13.23,1,0.2,N,7,2024-06-22
33,15500,RENT,1.0,MEDICAL,A,3000,7.51,1,0.19,N,5,2024-09-21
29,32400,MORTGAGE,2.0,MEDICAL,B,10625,11.013786929274843,0,0.33,N,5,2024-01-11
30,32400,MORTGAGE,13.0,VENTURE,B,6500,11.013786929274843,0,0.2,N,5,2024-10-02
31,16000,RENT,1.0,EDUCATION,C,3000,13.85,1,0.19,Y,6,2024-10-31
31,32400,MORTGAGE,4.0,VENTURE,C,7500,13.48,0,0.23,N,5,2024-09-13
28,17573,RENT,1.0,MEDICAL,A,3000,7.37,1,0.17,N,8,2024-05-25
29,18000,RENT,2.0,HOMEIMPROVEMENT,B,3000,12.69,1,0.17,N,8,2024-10-22
28,32468,MORTGAGE,12.0,VENTURE,A,6000,7.51,0,0.18,N,5,2024-11-04
31,32496,MORTGAGE,2.0,PERSONAL,B,1800,9.63,0,0.06,N,10,2024-05-14
31,32500,MORTGAGE,4.0,MEDICAL,A,8975,6.62,0,0.28,N,10,2024-09-08
28,32500,MORTGAGE,12.0,EDUCATION,A,5000,7.14,0,0.15,N,7,2024-04-23
35,19200,RENT,4.0,MEDICAL,E,3000,16.4,1,0.16,Y,7,2024-12-08
28,19992,RENT,12.0,EDUCATION,A,3000,7.14,1,0.15,N,9,2024-03-12
30,20000,RENT,1.0,PERSONAL,B,3000,11.49,1,0.15,N,8,2024-12-23
28,20000,RENT,3.0,VENTURE,C,3000,11.013786929274843,0,0.15,Y,6,2024-07-30
32,32678,MORTGAGE,10.0,DEBTCONSOLIDATION,C,3075,15.23,0,0.09,N,6,2024-11-19
31,21000,RENT,13.0,EDUCATION,D,3000,15.28,0,0.14,Y,8,2024-11-10
31,32904,MORTGAGE,15.0,VENTURE,C,3000,11.013786929274843,0,0.09,N,5,2024-09-10
34,23000,RENT,4.0,MEDICAL,B,3000,11.49,0,0.13,N,6,2024-02-10
29,33000,MORTGAGE,1.0,VENTURE,D,7100,16.77,0,0.22,N,7,2024-04-23
33,23004,RENT,6.0,PERSONAL,C,3000,13.43,0,0.13,Y,5,2024-12-11
27,23004,RENT,6.0,EDUCATION,F,3000,17.8,0,0.13,Y,10,2024-04-27
32,30000,RENT,4.0,PERSONAL,C,3000,13.49,0,0.1,Y,6,2024-03-13
33,33000,MORTGAGE,3.0,EDUCATION,B,4000,12.69,0,0.12,N,8,2024-09-25
33,33000,MORTGAGE,6.0,HOMEIMPROVEMENT,A,6000,6.03,0,0.18,N,5,2024-04-03
27,33000,MORTGAGE,7.0,VENTURE,B,4800,10.65,0,0.15,N,10,2024-03-26
31,30000,RENT,2.0,PERSONAL,B,3000,10.95,0,0.1,N,8,2024-04-07
35,30000,RENT,2.0,EDUCATION,C,3000,12.53,0,0.1,Y,5,2024-03-23
28,30500,RENT,4.0,MEDICAL,A,3000,9.63,0,0.1,N,8,2024-06-03
34,30857,RENT,6.0,VENTURE,C,3000,13.06,1,0.1,N,9,2024-07-10
28,31000,RENT,2.0,PERSONAL,B,3000,10.0,0,0.1,N,7,2024-01-01
27,31200,RENT,2.0,PERSONAL,B,3000,10.99,0,0.1,N,6,2024-12-24
31,31400,RENT,7.0,PERSONAL,C,3000,11.013786929274843,1,0.1,N,10,2024-04-30
34,31704,RENT,2.0,VENTURE,B,3000,11.49,0,0.09,N,8,2024-01-01
30,33000,MORTGAGE,2.0,DEBTCONSOLIDATION,A,6000,8.49,0,0.18,N,8,2024-11-27
34,32000,RENT,9.0,MEDICAL,D,3000,14.59,0,0.09,Y,7,2024-03-17
30,33000,MORTGAGE,3.0,EDUCATION,B,5600,10.59,0,0.17,N,9,2024-02-13
30,32796,RENT,8.0,MEDICAL,B,3000,11.49,0,0.09,N,7,2024-01-20
27,33600,RENT,1.0,MEDICAL,C,3000,13.49,0,0.09,Y,9,2024-05-02
29,33600,RENT,2.0,VENTURE,D,3000,15.99,1,0.09,N,8,2024-06-20
33,34320,RENT,1.0,DEBTCONSOLIDATION,D,3000,14.11,1,0.09,N,5,2024-04-10
31,34580,RENT,3.0,PERSONAL,B,3000,11.49,1,0.09,N,6,2024-10-16
29,35500,RENT,3.0,MEDICAL,B,3000,11.86,0,0.08,N,9,2024-04-26
29,30000,RENT,3.0,DEBTCONSOLIDATION,C,3000,11.013786929274843,1,0.1,Y,6,2024-05-09
32,33000,MORTGAGE,2.0,MEDICAL,A,5000,6.17,0,0.15,N,7,2024-03-26
31,36000,RENT,5.0,DEBTCONSOLIDATION,B,3000,9.91,0,0.08,N,7,2024-09-08
27,33000,MORTGAGE,6.0,VENTURE,A,12000,7.51,0,0.36,N,7,2024-03-05
29,36000,RENT,7.0,DEBTCONSOLIDATION,B,3000,10.99,0,0.08,N,10,2024-08-02
35,36000,RENT,1.0,EDUCATION,A,3000,5.42,0,0.08,N,5,2024-04-19
27,36000,RENT,11.0,MEDICAL,A,3000,8.0,0,0.08,N,9,2024-08-07
28,37090,RENT,2.0,MEDICAL,B,3000,11.12,0,0.08,N,8,2024-04-28
29,37440,RENT,2.0,MEDICAL,A,3000,5.42,0,0.08,N,8,2024-11-17
31,31800,RENT,6.0,DEBTCONSOLIDATION,D,3000,15.62,1,0.09,Y,9,2024-07-27
33,38000,RENT,3.0,PERSONAL,C,3000,15.23,0,0.08,Y,10,2024-12-20
29,33000,MORTGAGE,5.0,VENTURE,B,4200,11.36,0,0.13,N,9,2024-08-10
27,38000,RENT,5.0,MEDICAL,A,3000,7.49,0,0.08,N,8,2024-08-25
32,38052,RENT,16.0,VENTURE,B,3000,11.49,0,0.08,N,6,2024-12-26
27,38500,RENT,1.0,VENTURE,B,3000,11.48,0,0.08,N,10,2024-12-12
28,38688,RENT,2.0,EDUCATION,C,3000,12.73,0,0.08,Y,8,2024-03-19
29,33000,MORTGAGE,2.0,PERSONAL,A,16000,8.63,0,0.48,N,7,2024-02-07
28,34000,RENT,4.0,PERSONAL,B,3000,10.65,1,0.09,N,10,2024-01-02
33,40000,RENT,6.0,VENTURE,A,3000,5.42,0,0.07,N,10,2024-09-29
28,34000,RENT,3.0,MEDICAL,B,3000,10.37,1,0.09,N,10,2024-11-23
30,40000,RENT,5.0,MEDICAL,A,3000,7.14,0,0.07,N,7,2024-05-16
28,34000,RENT,1.0,PERSONAL,D,3000,15.7,1,0.09,Y,10,2024-05-08
27,40000,RENT,3.0,PERSONAL,A,3000,7.05,0,0.07,N,8,2024-10-30
31,33225,MORTGAGE,13.0,PERSONAL,B,13500,10.59,0,0.41,N,6,2024-02-03
27,33267,MORTGAGE,5.0,HOMEIMPROVEMENT,B,3200,12.18,0,0.1,N,6,2024-03-27
27,43000,RENT,11.0,PERSONAL,B,3000,10.99,0,0.07,N,7,2024-07-19
28,43200,RENT,1.0,MEDICAL,A,3000,7.49,0,0.07,N,9,2024-06-20
29,37200,RENT,3.0,DEBTCONSOLIDATION,E,3000,19.29,1,0.08,Y,5,2024-06-02
32,33280,MORTGAGE,6.0,HOMEIMPROVEMENT,B,2400,10.59,0,0.07,N,10,2024-11-20
27,44000,RENT,11.0,VENTURE,E,3000,18.39,0,0.07,Y,7,2024-12-23
30,33300,MORTGAGE,2.0,MEDICAL,A,1600,7.4,0,0.05,N,5,2024-07-20
28,33400,MORTGAGE,12.0,HOMEIMPROVEMENT,A,16700,7.66,0,0.5,N,9,2024-05-25
34,45000,RENT,2.0,MEDICAL,B,3000,11.11,0,0.07,N,7,2024-12-05
32,45000,RENT,3.0,PERSONAL,C,3000,12.61,0,0.07,N,7,2024-10-11
29,39000,RENT,2.0,PERSONAL,E,3000,16.7,1,0.08,Y,7,2024-03-22
32,39314,RENT,16.0,DEBTCONSOLIDATION,C,3000,15.23,1,0.08,N,7,2024-05-24
29,45996,RENT,6.0,EDUCATION,B,3000,9.76,0,0.07,N,7,2024-08-30
34,33600,MORTGAGE,4.0,EDUCATION,B,6000,10.99,0,0.18,N,6,2024-04-19
30,40750,RENT,2.0,DEBTCONSOLIDATION,D,3000,15.28,1,0.07,N,10,2024-05-11
27,47000,RENT,6.0,PERSONAL,B,3000,10.74,0,0.06,N,5,2024-02-24
33,41277,RENT,3.0,EDUCATION,B,3000,10.0,1,0.07,N,8,2024-05-26
33,33600,OWN,3.0,VENTURE,C,9500,12.99,0,0.28,N,8,2024-04-15
28,33600,MORTGAGE,12.0,MEDICAL,A,3000,5.42,0,0.09,N,5,2024-11-15
27,33600,OWN,5.0,EDUCATION,A,5400,5.42,0,0.16,N,6,2024-06-23
29,48000,RENT,11.0,VENTURE,A,3000,5.42,0,0.06,N,5,2024-07-06
34,48000,RENT,4.0,VENTURE,B,3000,11.83,0,0.06,N,10,2024-08-27
32,48750,RENT,5.0,DEBTCONSOLIDATION,C,3000,13.49,0,0.06,N,7,2024-05-12
28,48876,RENT,5.0,PERSONAL,D,3000,14.59,0,0.06,N,8,2024-09-04
30,48996,RENT,2.0,EDUCATION,B,3000,10.36,0,0.06,N,10,2024-04-23
30,33600,MORTGAGE,5.0,EDUCATION,A,9000,6.91,0,0.27,N,6,2024-04-19
27,49000,RENT,3.0,PERSONAL,D,3000,14.96,0,0.06,Y,8,2024-05-14
29,50000,RENT,6.0,MEDICAL,A,3000,7.29,0,0.06,N,6,2024-10-09
31,33600,MORTGAGE,3.0,VENTURE,A,7000,7.14,0,0.21,N,9,2024-11-08
28,50000,RENT,2.0,DEBTCONSOLIDATION,B,3000,10.37,0,0.06,N,9,2024-07-03
31,33600,MORTGAGE,15.0,PERSONAL,A,6500,7.14,0,0.19,N,8,2024-12-04
30,33600,MORTGAGE,12.0,HOMEIMPROVEMENT,C,3000,13.48,0,0.09,N,9,2024-09-19
35,50000,RENT,1.0,EDUCATION,A,3000,7.88,0,0.06,N,8,2024-12-13
29,33600,MORTGAGE,3.0,MEDICAL,B,12000,11.83,0,0.36,N,6,2024-06-12
31,33600,MORTGAGE,1.0,HOMEIMPROVEMENT,B,15250,12.53,0,0.45,N,6,2024-03-26
28,48715,RENT,2.0,VENTURE,C,12000,12.87,0,0.25,N,10,2024-01-19
27,48996,RENT,3.0,VENTURE,B,12000,12.53,0,0.24,N,6,2024-07-03
32,49268,RENT,11.0,VENTURE,A,12000,5.79,0,0.24,N,6,2024-05-22
29,44000,RENT,4.0,DEBTCONSOLIDATION,C,12000,15.96,1,0.27,Y,7,2024-09-15
33,33996,MORTGAGE,4.0,PERSONAL,A,10000,11.013786929274843,0,0.29,N,10,2024-08-10
31,44000,RENT,4.0,DEBTCONSOLIDATION,D,12000,17.27,1,0.27,N,7,2024-03-09
31,50000,RENT,9.0,DEBTCONSOLIDATION,A,12000,6.03,0,0.24,N,6,2024-11-08
27,50000,RENT,5.0,VENTURE,B,12000,10.37,0,0.24,N,9,2024-02-11
28,50000,RENT,5.0,PERSONAL,C,12000,13.11,0,0.24,N,10,2024-03-03
32,50000,RENT,16.0,DEBTCONSOLIDATION,B,12000,12.53,0,0.24,N,10,2024-08-28
29,50000,RENT,13.0,VENTURE,A,12000,8.94,0,0.24,N,5,2024-03-12
35,50004,RENT,2.0,MEDICAL,C,12000,13.47,0,0.24,Y,7,2024-03-17
29,44400,RENT,2.0,HOMEIMPROVEMENT,D,12000,15.99,1,0.27,N,5,2024-05-14
27,50600,RENT,9.0,VENTURE,B,12000,9.91,0,0.24,N,7,2024-12-02
30,50600,RENT,1.0,DEBTCONSOLIDATION,C,12000,13.48,0,0.24,N,6,2024-10-29
29,50700,RENT,5.0,HOMEIMPROVEMENT,B,12000,12.42,0,0.24,N,6,2024-01-30
32,34000,MORTGAGE,5.0,DEBTCONSOLIDATION,A,4000,7.49,0,0.12,N,9,2024-03-28
31,34000,MORTGAGE,15.0,PERSONAL,B,13000,10.99,0,0.38,N,8,2024-02-04
27,34000,OWN,1.0,PERSONAL,B,16750,10.59,0,0.49,N,6,2024-03-02
27,51600,RENT,4.0,VENTURE,A,12000,6.99,0,0.23,N,9,2024-09-16
29,52000,RENT,2.0,EDUCATION,A,12000,7.9,0,0.23,N,7,2024-08-01
30,52000,RENT,3.0,DEBTCONSOLIDATION,A,12000,7.91,0,0.23,N,9,2024-10-05
31,34000,MORTGAGE,3.0,EDUCATION,A,13500,7.66,0,0.4,N,10,2024-01-23
32,52000,RENT,3.0,EDUCATION,A,12000,7.29,0,0.23,N,6,2024-01-26
28,52000,RENT,12.0,EDUCATION,B,12000,11.013786929274843,0,0.23,N,8,2024-07-01
28,34000,OWN,5.0,MEDICAL,C,7000,13.35,0,0.21,Y,8,2024-11-16
35,52500,RENT,3.0,HOMEIMPROVEMENT,B,12000,10.36,0,0.23,N,8,2024-04-28
30,53000,RENT,4.0,DEBTCONSOLIDATION,A,12000,6.03,0,0.23,N,7,2024-09-13
29,53000,RENT,6.0,DEBTCONSOLIDATION,C,12000,11.013786929274843,0,0.23,N,8,2024-08-20
33,53000,RENT,1.0,HOMEIMPROVEMENT,C,12000,12.84,0,0.23,N,5,2024-12-29
32,47004,RENT,7.0,HOMEIMPROVEMENT,C,12000,12.53,1,0.26,N,5,2024-11-24
31,34000,MORTGAGE,3.0,EDUCATION,C,10000,13.85,1,0.29,Y,6,2024-03-08
29,54000,RENT,13.0,PERSONAL,D,12000,14.74,0,0.22,Y,10,2024-04-12
31,54050,RENT,8.0,PERSONAL,B,12000,10.99,0,0.22,N,9,2024-06-22
35,34000,MORTGAGE,4.0,DEBTCONSOLIDATION,A,12800,8.94,0,0.38,N,7,2024-08-04
28,55000,RENT,6.0,MEDICAL,C,12000,14.27,0,0.22,Y,10,2024-07-09
27,34000,OWN,7.0,EDUCATION,C,8000,12.53,0,0.24,N,10,2024-09-16
33,55000,RENT,3.0,VENTURE,C,12000,12.99,0,0.22,N,7,2024-03-24
32,49000,RENT,2.0,HOMEIMPROVEMENT,B,12000,11.11,1,0.24,N,9,2024-09-24
28,55000,RENT,4.0,HOMEIMPROVEMENT,B,12000,10.36,0,0.22,N,7,2024-04-30
29,34000,OWN,2.0,VENTURE,E,14400,16.0,0,0.42,Y,7,2024-09-09
31,55000,RENT,3.0,HOMEIMPROVEMENT,C,12000,13.23,0,0.22,N,10,2024-02-16
27,34000,MORTGAGE,12.0,VENTURE,C,10625,13.47,0,0.31,Y,10,2024-05-27
27,55000,RENT,4.0,PERSONAL,C,12000,11.013786929274843,0,0.22,N,6,2024-12-03
32,34000,MORTGAGE,5.0,DEBTCONSOLIDATION,A,2800,9.32,0,0.08,N,7,2024-04-05
29,49000,RENT,2.0,DEBTCONSOLIDATION,D,12000,15.37,1,0.24,N,7,2024-12-08
34,55000,RENT,3.0,DEBTCONSOLIDATION,C,12000,13.16,0,0.22,N,8,2024-10-13
29,55500,RENT,13.0,DEBTCONSOLIDATION,A,12000,7.88,0,0.22,N,8,2024-07-16
27,56000,RENT,3.0,MEDICAL,A,12000,11.013786929274843,0,0.21,N,8,2024-05-22
28,34320,MORTGAGE,5.0,DEBTCONSOLIDATION,B,16000,12.69,0,0.47,N,7,2024-03-15
30,57000,RENT,14.0,DEBTCONSOLIDATION,A,12000,5.42,0,0.21,N,7,2024-09-25
27,57000,RENT,2.0,EDUCATION,B,12000,11.49,0,0.21,N,9,2024-06-05
28,51200,RENT,12.0,DEBTCONSOLIDATION,B,12000,11.013786929274843,1,0.23,N,7,2024-11-19
32,58000,RENT,4.0,PERSONAL,B,12000,11.26,0,0.21,N,10,2024-04-24
29,34500,MORTGAGE,4.0,MEDICAL,D,4500,14.42,1,0.13,N,7,2024-01-14
27,34500,MORTGAGE,2.0,DEBTCONSOLIDATION,B,5000,9.76,0,0.14,N,7,2024-08-21
27,34560,MORTGAGE,8.0,HOMEIMPROVEMENT,E,10625,16.4,0,0.31,N,7,2024-03-19
35,52000,RENT,2.0,MEDICAL,B,3000,11.48,0,0.06,N,6,2024-11-23
27,34800,MORTGAGE,5.0,PERSONAL,B,3000,9.91,0,0.09,N,6,2024-09-07
30,53196,RENT,14.0,PERSONAL,A,3000,7.66,0,0.06,N,5,2024-05-29
35,54084,RENT,2.0,DEBTCONSOLIDATION,C,3000,12.61,0,0.06,N,6,2024-04-29
35,54996,RENT,1.0,VENTURE,B,3000,12.21,0,0.05,N,5,2024-05-05
27,49000,RENT,3.0,EDUCATION,B,3000,11.71,1,0.06,N,8,2024-06-22
33,49000,RENT,2.0,HOMEIMPROVEMENT,D,3000,16.49,1,0.06,N,7,2024-09-21
31,34800,MORTGAGE,3.0,VENTURE,D,2000,15.65,0,0.06,N,6,2024-02-15
27,55000,RENT,11.0,VENTURE,A,3000,7.68,0,0.05,N,7,2024-05-25
31,56000,RENT,15.0,HOMEIMPROVEMENT,C,3000,14.27,0,0.05,Y,5,2024-11-06
33,56312,RENT,2.0,HOMEIMPROVEMENT,B,3000,11.71,0,0.05,N,9,2024-03-06
27,56400,RENT,9.0,EDUCATION,B,3000,11.83,0,0.05,N,9,2024-02-22
35,35000,MORTGAGE,5.0,EDUCATION,B,8000,12.69,0,0.23,N,6,2024-08-02
33,58800,RENT,10.0,MEDICAL,B,3000,11.49,0,0.05,N,9,2024-10-28
28,53100,RENT,4.0,MEDICAL,D,3000,11.013786929274843,1,0.06,N,9,2024-06-20
27,60000,RENT,9.0,VENTURE,B,3000,11.71,0,0.05,N,6,2024-09-03
29,35000,MORTGAGE,11.0,VENTURE,B,5000,10.65,0,0.14,N,9,2024-11-06
27,60000,RENT,11.0,VENTURE,C,3000,13.49,0,0.05,N,8,2024-08-26
28,60000,RENT,2.0,DEBTCONSOLIDATION,B,3000,11.49,0,0.05,N,5,2024-02-17
28,35000,OWN,2.0,VENTURE,B,15000,11.013786929274843,0,0.43,N,7,2024-10-14
28,35000,OWN,3.0,VENTURE,B,10400,11.71,0,0.3,N,8,2024-03-29
34,54000,RENT,5.0,MEDICAL,D,3000,15.37,1,0.06,Y,6,2024-04-14
29,60500,RENT,13.0,VENTURE,C,3000,13.61,0,0.05,N,9,2024-08-05
30,35000,OWN,8.0,MEDICAL,B,10000,10.65,0,0.29,N,6,2024-07-11
28,35000,OWN,5.0,EDUCATION,A,10000,7.51,0,0.29,N,7,2024-07-07
33,62000,RENT,1.0,PERSONAL,A,3000,6.99,0,0.05,N,9,2024-02-25
27,62000,RENT,5.0,HOMEIMPROVEMENT,B,3000,9.7,0,0.05,N,9,2024-06-02
28,62000,RENT,2.0,PERSONAL,B,3000,9.96,0,0.05,N,9,2024-04-01
29,56400,RENT,1.0,DEBTCONSOLIDATION,A,3000,7.9,1,0.05,N,6,2024-10-09
35,35000,MORTGAGE,4.0,PERSONAL,B,8000,9.91,0,0.23,N,5,2024-01-29
31,63372,RENT,7.0,PERSONAL,B,3000,11.013786929274843,0,0.05,N,7,2024-11-24
28,35000,OWN,6.0,VENTURE,C,5000,14.27,0,0.14,Y,10,2024-04-28
31,64800,RENT,3.0,VENTURE,C,3000,13.98,0,0.05,N,8,2024-05-24
31,65000,RENT,2.0,HOMEIMPROVEMENT,A,3000,5.42,0,0.05,N,5,2024-02-17
31,67000,RENT,2.0,VENTURE,A,3000,7.51,0,0.04,N,10,2024-02-21
32,67000,RENT,11.0,DEBTCONSOLIDATION,A,3000,7.14,0,0.04,N,9,2024-04-01
27,51850,RENT,2.0,MEDICAL,D,3000,14.96,1,0.05,Y,7,2024-09-30
30,68000,RENT,1.0,VENTURE,A,3000,5.42,0,0.04,N,9,2024-04-21
32,35000,MORTGAGE,4.0,EDUCATION,A,10000,6.03,0,0.29,N,6,2024-09-26
30,35000,MORTGAGE,14.0,MEDICAL,A,2000,5.42,0,0.06,N,9,2024-01-17
27,70000,RENT,3.0,EDUCATION,A,3000,7.68,0,0.04,N,10,2024-07-05
35,35000,MORTGAGE,4.0,MEDICAL,C,5200,15.23,0,0.15,N,6,2024-12-08
27,35000,MORTGAGE,11.0,MEDICAL,B,9000,11.49,0,0.26,N,5,2024-04-08
33,35000,MORTGAGE,3.0,HOMEIMPROVEMENT,B,10000,10.99,0,0.29,N,5,2024-02-14
31,35000,MORTGAGE,2.0,DEBTCONSOLIDATION,B,10225,9.99,0,0.29,N,6,2024-10-17
30,72000,RENT,2.0,HOMEIMPROVEMENT,B,3000,11.83,0,0.04,N,5,2024-05-11
28,35000,MORTGAGE,12.0,EDUCATION,A,12000,5.99,0,0.34,N,8,2024-09-04
32,35000,MORTGAGE,2.0,PERSONAL,C,6075,13.49,0,0.17,N,9,2024-06-14
28,75000,RENT,7.0,DEBTCONSOLIDATION,A,3000,7.68,0,0.04,N,7,2024-06-27
33,75500,RENT,5.0,VENTURE,B,3000,12.42,0,0.04,N,5,2024-04-30
32,70000,RENT,2.0,DEBTCONSOLIDATION,B,3000,11.11,1,0.04,N,6,2024-09-04
29,76000,RENT,2.0,DEBTCONSOLIDATION,A,3000,11.013786929274843,0,0.04,N,5,2024-11-23
28,78000,RENT,12.0,MEDICAL,B,3000,12.42,0,0.04,N,7,2024-06-23
27,35000,OWN,2.0,EDUCATION,A,14000,7.49,0,0.4,N,8,2024-04-01
30,78000,RENT,14.0,VENTURE,C,3000,11.97,0,0.04,N,6,2024-05-02
30,80000,RENT,13.0,DEBTCONSOLIDATION,A,3000,5.79,0,0.04,N,6,2024-09-27
33,74400,RENT,7.0,EDUCATION,B,3000,11.83,1,0.04,N,5,2024-08-09
28,35000,OWN,2.0,PERSONAL,D,13250,16.89,0,0.38,N,7,2024-10-04
35,35000,MORTGAGE,5.0,EDUCATION,B,5600,11.49,0,0.16,N,6,2024-11-27
34,90000,RENT,4.0,VENTURE,C,3000,13.99,0,0.03,Y,9,2024-02-12
33,93000,RENT,1.0,DEBTCONSOLIDATION,A,3000,11.013786929274843,0,0.03,N,7,2024-11-12
27,93600,RENT,1.0,DEBTCONSOLIDATION,B,3000,10.36,0,0.03,N,9,2024-05-29
28,70910,RENT,8.0,MEDICAL,E,3000,17.44,1,0.04,Y,5,2024-05-12
33,35000,OWN,4.0,VENTURE,A,10000,8.49,0,0.29,N,5,2024-04-26
28,35000,MORTGAGE,1.0,VENTURE,B,4000,10.99,0,0.11,N,6,2024-05-31
33,35000,MORTGAGE,4.0,DEBTCONSOLIDATION,A,6000,11.013786929274843,0,0.17,N,9,2024-03-10
32,105000,RENT,3.0,HOMEIMPROVEMENT,C,3000,11.013786929274843,0,0.03,N,10,2024-02-13
32,105000,RENT,15.0,DEBTCONSOLIDATION,B,3000,11.013786929274843,0,0.03,N,5,2024-06-12
34,106000,RENT,3.0,EDUCATION,B,3000,11.12,0,0.03,N,7,2024-12-19
33,108000,RENT,11.0,VENTURE,B,3000,11.36,0,0.03,N,5,2024-11-26
31,35000,MORTGAGE,15.0,PERSONAL,A,8000,5.42,0,0.23,N,9,2024-10-22
29,121000,RENT,3.0,VENTURE,B,3000,10.25,0,0.02,N,9,2024-08-02
30,125000,RENT,2.0,EDUCATION,C,3000,14.65,0,0.02,Y,10,2024-11-11
28,150000,RENT,13.0,PERSONAL,B,3000,10.75,0,0.02,N,5,2024-10-15
33,35000,MORTGAGE,2.0,PERSONAL,A,6000,5.42,0,0.17,N,6,2024-11-11
28,80000,RENT,7.0,VENTURE,B,3025,9.99,0,0.04,N,8,2024-02-11
27,15120,RENT,6.0,PERSONAL,B,3050,10.38,1,0.2,N,5,2024-02-23
29,35000,MORTGAGE,14.0,EDUCATION,C,8000,12.68,0,0.23,Y,9,2024-08-18
32,36000,RENT,2.0,VENTURE,A,3050,6.99,0,0.08,N,5,2024-02-18
27,35000,MORTGAGE,6.0,HOMEIMPROVEMENT,C,5000,12.68,0,0.14,N,5,2024-05-18
29,36000,RENT,5.0,MEDICAL,A,3075,5.42,0,0.09,N,5,2024-06-02
31,30892,RENT,3.0,MEDICAL,B,3100,10.59,1,0.1,N,9,2024-07-17
35,32000,RENT,1.0,EDUCATION,A,3125,7.14,0,0.1,N,9,2024-04-17
34,35000,MORTGAGE,12.0,HOMEIMPROVEMENT,C,5000,13.35,0,0.14,N,9,2024-05-16
31,35000,MORTGAGE,13.0,MEDICAL,A,2000,11.013786929274843,0,0.06,N,6,2024-09-01
32,12000,RENT,2.0,MEDICAL,B,3200,11.013786929274843,1,0.27,N,7,2024-09-28
32,35000,MORTGAGE,11.0,DEBTCONSOLIDATION,C,4000,13.61,0,0.11,Y,5,2024-11-20
27,33600,RENT,4.0,PERSONAL,B,3200,11.99,0,0.1,N,9,2024-07-28
35,33600,RENT,8.0,VENTURE,D,3200,16.49,0,0.1,Y,5,2024-02-16
28,35000,RENT,12.0,EDUCATION,D,3200,15.21,0,0.09,N,6,2024-01-07
30,35000,MORTGAGE,2.0,HOMEIMPROVEMENT,B,5200,9.88,0,0.15,N,6,2024-06-11
27,35496,RENT,2.0,EDUCATION,A,3200,7.88,0,0.09,N,6,2024-09-26
30,36000,RENT,2.0,DEBTCONSOLIDATION,A,3200,7.88,0,0.09,N,10,2024-09-16
27,38000,RENT,11.0,EDUCATION,B,3200,12.42,0,0.08,N,5,2024-11-27
28,38000,RENT,12.0,PERSONAL,A,3200,9.63,0,0.08,N,6,2024-03-17
33,35000,MORTGAGE,15.0,MEDICAL,C,12000,13.11,0,0.34,Y,7,2024-03-17
35,34000,RENT,15.0,HOMEIMPROVEMENT,B,3200,9.99,1,0.09,N,7,2024-06-19
34,40800,RENT,2.0,DEBTCONSOLIDATION,C,3200,12.61,0,0.08,Y,8,2024-12-20
35,42000,RENT,3.0,PERSONAL,D,3200,15.62,0,0.08,N,5,2024-12-06
30,43000,RENT,2.0,MEDICAL,B,3200,11.48,0,0.07,N,9,2024-02-22
30,43000,RENT,1.0,MEDICAL,A,3200,8.0,0,0.07,N,5,2024-05-20
28,47515,RENT,5.0,EDUCATION,D,3200,15.7,0,0.07,Y,7,2024-05-31
27,35000,MORTGAGE,11.0,PERSONAL,B,15000,12.53,0,0.43,N,5,2024-08-04
28,42000,RENT,1.0,PERSONAL,E,3200,16.32,1,0.08,Y,8,2024-07-30
27,50004,RENT,12.0,DEBTCONSOLIDATION,B,3200,11.49,0,0.06,N,7,2024-07-29
27,54000,RENT,5.0,MEDICAL,B,3200,12.69,0,0.06,N,10,2024-07-17
27,54000,RENT,5.0,VENTURE,B,3200,9.88,0,0.06,N,7,2024-05-30
28,55000,RENT,2.0,DEBTCONSOLIDATION,C,3200,12.98,0,0.06,N,7,2024-06-28
29,51500,RENT,2.0,EDUCATION,D,3200,14.96,1,0.06,Y,7,2024-03-21
32,35000,MORTGAGE,9.0,VENTURE,A,12000,9.63,0,0.34,N,8,2024-01-24
29,57504,RENT,2.0,VENTURE,A,3200,7.68,0,0.06,N,9,2024-07-08
33,63996,RENT,4.0,EDUCATION,B,3200,10.74,0,0.05,N,9,2024-05-16
28,35000,MORTGAGE,5.0,PERSONAL,C,9600,13.16,0,0.27,N,8,2024-08-14
28,29000,MORTGAGE,6.0,DEBTCONSOLIDATION,C,5600,11.013786929274843,1,0.19,N,5,2024-08-26
29,35000,MORTGAGE,1.0,PERSONAL,A,3600,8.0,0,0.1,N,9,2024-01-17
33,95000,RENT,6.0,HOMEIMPROVEMENT,A,3200,7.51,0,0.03,N,5,2024-03-10
30,110000,RENT,2.0,PERSONAL,A,3200,7.49,0,0.03,N,8,2024-01-26
27,35000,OWN,4.0,VENTURE,C,7500,11.34,0,0.21,N,9,2024-05-08
35,110000,RENT,1.0,PERSONAL,B,3200,11.48,0,0.03,N,9,2024-03-16
31,10000,RENT,2.0,EDUCATION,A,3250,7.88,1,0.33,N,10,2024-05-05
33,18996,RENT,5.0,DEBTCONSOLIDATION,D,3250,16.32,1,0.17,N,7,2024-09-14
27,20000,RENT,4.0,VENTURE,C,3250,11.013786929274843,1,0.16,N,5,2024-08-30
30,23000,RENT,5.0,VENTURE,D,3250,14.11,0,0.14,Y,7,2024-11-04
30,35004,MORTGAGE,3.0,HOMEIMPROVEMENT,B,9500,11.99,0,0.27,N,8,2024-11-16
30,26400,RENT,14.0,DEBTCONSOLIDATION,C,3250,14.35,1,0.12,N,9,2024-08-10
31,26400,RENT,2.0,VENTURE,C,3250,13.48,0,0.12,N,8,2024-03-29
28,35004,OWN,7.0,EDUCATION,B,4000,11.49,0,0.11,N,10,2024-09-10
28,35004,MORTGAGE,3.0,HOMEIMPROVEMENT,C,16000,13.23,0,0.46,Y,9,2024-11-13
33,18000,RENT,3.0,EDUCATION,C,3300,11.97,1,0.18,N,8,2024-08-12
35,19000,RENT,2.0,HOMEIMPROVEMENT,C,3300,13.85,1,0.17,N,6,2024-02-26
29,37500,RENT,7.0,EDUCATION,B,3300,10.37,0,0.09,N,8,2024-04-21
30,44760,RENT,1.0,EDUCATION,B,3300,11.71,0,0.07,N,8,2024-11-30
28,57600,RENT,1.0,PERSONAL,B,3300,11.013786929274843,0,0.06,N,8,2024-07-25
35,75000,RENT,1.0,EDUCATION,B,3300,11.71,0,0.04,N,9,2024-05-23
34,30000,RENT,4.0,VENTURE,B,3350,10.99,0,0.11,N,10,2024-10-30
31,47756,RENT,3.0,MEDICAL,C,3350,13.98,0,0.07,N,5,2024-02-21
27,35088,MORTGAGE,7.0,VENTURE,A,12000,8.94,0,0.34,N,8,2024-05-30
32,35100,MORTGAGE,3.0,VENTURE,D,10000,15.95,0,0.28,Y,5,2024-11-15
32,32004,RENT,1.0,VENTURE,D,3400,11.013786929274843,1,0.11,Y,5,2024-05-17
34,35100,MORTGAGE,16.0,PERSONAL,C,9000,13.47,0,0.26,N,10,2024-09-13
32,37500,RENT,4.0,MEDICAL,B,3400,9.88,0,0.09,N,9,2024-11-16
28,76000,RENT,4.0,DEBTCONSOLIDATION,A,3400,8.49,0,0.04,N,5,2024-03-14
28,35328,MORTGAGE,12.0,DEBTCONSOLIDATION,A,13000,11.013786929274843,0,0.37,N,9,2024-08-10
31,35352,MORTGAGE,15.0,MEDICAL,A,9000,6.03,0,0.25,N,9,2024-10-02
33,35360,MORTGAGE,7.0,MEDICAL,A,6350,7.51,0,0.18,N,5,2024-02-25
31,35000,RENT,4.0,VENTURE,C,3425,13.43,0,0.1,Y,7,2024-05-30
28,35380,MORTGAGE,9.0,EDUCATION,C,2050,15.96,0,0.06,Y,8,2024-10-20
28,17004,RENT,4.0,HOMEIMPROVEMENT,A,3500,7.68,1,0.21,N,8,2024-12-22
28,35496,MORTGAGE,5.0,DEBTCONSOLIDATION,B,5500,11.49,0,0.15,N,5,2024-05-06
32,20004,RENT,16.0,PERSONAL,A,3500,6.39,0,0.17,N,5,2024-02-16
28,35500,MORTGAGE,12.0,VENTURE,A,9600,5.42,0,0.27,N,8,2024-11-22
29,35500,MORTGAGE,3.0,DEBTCONSOLIDATION,A,4000,7.88,0,0.11,N,6,2024-06-03
29,35568,MORTGAGE,5.0,DEBTCONSOLIDATION,B,3975,10.99,0,0.11,N,7,2024-06-20
35,22608,RENT,1.0,EDUCATION,C,3500,14.22,0,0.15,N,9,2024-07-03
27,22800,RENT,5.0,PERSONAL,C,3500,13.99,1,0.15,Y,10,2024-05-04
35,24000,RENT,3.0,VENTURE,C,3500,12.99,0,0.15,N,6,2024-01-02
28,24000,RENT,2.0,HOMEIMPROVEMENT,C,3500,14.72,1,0.15,Y,6,2024-09-11
28,25000,RENT,11.0,MEDICAL,A,3500,7.14,0,0.14,N,10,2024-09-19
30,36000,MORTGAGE,2.0,DEBTCONSOLIDATION,B,13500,9.91,0,0.38,N,5,2024-03-27
29,27048,RENT,5.0,DEBTCONSOLIDATION,B,3500,11.99,0,0.13,N,7,2024-10-24
30,36000,MORTGAGE,14.0,HOMEIMPROVEMENT,B,7000,10.65,0,0.19,N,5,2024-12-07
30,36000,MORTGAGE,3.0,HOMEIMPROVEMENT,B,2400,10.65,0,0.07,N,10,2024-07-22
29,30000,RENT,1.0,PERSONAL,B,3500,11.86,0,0.12,N,8,2024-07-07
29,30720,RENT,2.0,MEDICAL,A,3500,5.99,0,0.11,N,8,2024-04-22
27,31400,RENT,1.0,MEDICAL,B,3500,11.71,0,0.11,N,8,2024-05-12
31,31500,RENT,2.0,VENTURE,B,3500,11.49,0,0.11,N,6,2024-07-10
30,30000,MORTGAGE,5.0,PERSONAL,C,1100,14.65,1,0.04,N,10,2024-09-09
30,36000,MORTGAGE,13.0,MEDICAL,B,5000,10.65,0,0.14,N,9,2024-02-27
30,36000,MORTGAGE,1.0,DEBTCONSOLIDATION,A,15000,6.62,0,0.42,N,9,2024-02-29
27,35000,RENT,1.0,VENTURE,A,3500,8.59,0,0.1,N,6,2024-08-15
30,36000,MORTGAGE,11.0,HOMEIMPROVEMENT,B,6000,11.013786929274843,0,0.17,N,6,2024-04-05
33,36000,MORTGAGE,17.0,PERSONAL,B,6250,12.69,0,0.17,N,6,2024-12-05
31,36000,RENT,2.0,MEDICAL,C,3500,12.53,0,0.1,Y,10,2024-03-25
31,36000,MORTGAGE,2.0,HOMEIMPROVEMENT,A,4800,7.51,0,0.13,N,5,2024-02-07
29,40800,RENT,2.0,DEBTCONSOLIDATION,C,3500,11.97,0,0.09,Y,9,2024-12-16
32,42000,RENT,5.0,VENTURE,C,3500,14.35,0,0.08,Y,7,2024-06-28
27,44000,RENT,3.0,MEDICAL,C,3500,12.98,0,0.08,N,10,2024-10-24
28,48000,RENT,4.0,MEDICAL,D,3500,15.21,0,0.07,Y,10,2024-01-15
33,48000,RENT,17.0,DEBTCONSOLIDATION,B,3500,11.86,0,0.07,N,10,2024-01-02
30,30000,MORTGAGE,3.0,HOMEIMPROVEMENT,B,4400,11.99,1,0.15,N,5,2024-09-13
29,42000,RENT,6.0,DEBTCONSOLIDATION,D,3500,12.67,1,0.08,N,5,2024-02-13
27,36000,MORTGAGE,2.0,VENTURE,A,4800,8.49,0,0.13,N,8,2024-06-14
32,50000,RENT,3.0,PERSONAL,A,3500,11.013786929274843,0,0.07,N,6,2024-12-01
32,36000,MORTGAGE,7.0,HOMEIMPROVEMENT,A,2600,7.49,0,0.07,N,8,2024-01-11
33,36000,MORTGAGE,10.0,PERSONAL,A,5000,8.49,0,0.14,N,8,2024-10-28
27,36000,MORTGAGE,6.0,VENTURE,B,4000,11.49,0,0.11,N,9,2024-02-05
28,53000,RENT,6.0,DEBTCONSOLIDATION,B,3500,11.49,0,0.07,N,6,2024-08-26
35,36000,OWN,1.0,VENTURE,B,3925,9.99,0,0.11,N,5,2024-08-07
29,36000,OWN,2.0,VENTURE,B,2500,10.99,0,0.07,N,7,2024-07-12
28,36000,MORTGAGE,12.0,MEDICAL,C,1925,15.23,0,0.05,Y,8,2024-12-05
32,49000,RENT,13.0,HOMEIMPROVEMENT,B,3500,10.65,1,0.07,N,6,2024-03-28
29,56000,RENT,7.0,DEBTCONSOLIDATION,B,3500,10.37,0,0.06,N,7,2024-05-12
31,36000,MORTGAGE,8.0,EDUCATION,B,1600,10.59,0,0.04,N,7,2024-01-17
27,63945,RENT,6.0,VENTURE,A,3500,7.9,0,0.05,N,5,2024-05-07
27,65000,RENT,9.0,EDUCATION,C,3500,13.49,0,0.05,N,9,2024-02-04
32,59000,RENT,6.0,EDUCATION,B,3500,11.013786929274843,1,0.06,N,9,2024-11-02
31,36000,MORTGAGE,5.0,VENTURE,A,6000,6.99,0,0.17,N,9,2024-11-18
27,65000,RENT,9.0,VENTURE,A,3500,7.37,0,0.05,N,9,2024-11-01
32,66504,RENT,11.0,HOMEIMPROVEMENT,B,3500,11.99,0,0.05,N,8,2024-03-13
35,67500,RENT,5.0,HOMEIMPROVEMENT,B,3500,10.62,0,0.05,N,9,2024-11-30
31,68000,RENT,2.0,HOMEIMPROVEMENT,C,3500,13.22,0,0.05,Y,5,2024-05-13
27,30000,MORTGAGE,3.0,PERSONAL,C,5350,13.06,1,0.18,N,6,2024-11-14
28,69996,RENT,8.0,DEBTCONSOLIDATION,A,3500,6.62,0,0.05,N,9,2024-04-11
28,70000,RENT,3.0,PERSONAL,E,3500,18.39,0,0.05,Y,8,2024-05-31
33,36000,MORTGAGE,2.0,EDUCATION,E,6625,16.4,0,0.18,N,5,2024-05-04
31,79500,RENT,4.0,EDUCATION,C,3500,13.49,0,0.04,Y,6,2024-02-29
31,80000,RENT,4.0,PERSONAL,C,3500,12.99,0,0.04,Y,7,2024-10-03
30,36000,MORTGAGE,9.0,EDUCATION,B,1750,11.11,0,0.05,N,8,2024-09-11
29,38400,RENT,4.0,VENTURE,B,3550,11.49,0,0.09,N,7,2024-03-24
29,14500,RENT,1.0,EDUCATION,C,3600,13.61,1,0.25,Y,7,2024-07-24
29,18000,RENT,2.0,EDUCATION,C,3600,15.27,1,0.2,N,6,2024-01-30
27,20000,RENT,2.0,MEDICAL,B,3600,9.25,0,0.18,N,7,2024-11-05
27,36000,MORTGAGE,6.0,HOMEIMPROVEMENT,B,13500,10.0,0,0.38,N,7,2024-01-19
31,28000,RENT,1.0,HOMEIMPROVEMENT,D,3600,16.49,1,0.13,N,7,2024-08-08
27,36000,MORTGAGE,5.0,PERSONAL,A,5000,11.013786929274843,0,0.14,N,10,2024-12-20
34,30000,RENT,5.0,HOMEIMPROVEMENT,A,3600,6.92,1,0.12,N,6,2024-05-22
29,30000,MORTGAGE,13.0,PERSONAL,B,9000,10.36,1,0.3,N,10,2024-04-01
32,30000,RENT,3.0,MEDICAL,D,3600,14.11,1,0.12,Y,9,2024-04-04
30,36000,MORTGAGE,8.0,PERSONAL,B,5000,8.88,0,0.14,N,5,2024-09-30
30,30000,RENT,1.0,VENTURE,C,3600,10.28,0,0.12,Y,10,2024-02-05
27,36000,MORTGAGE,5.0,HOMEIMPROVEMENT,B,5500,10.36,0,0.15,N,5,2024-05-08
28,36000,MORTGAGE,4.0,MEDICAL,A,4000,6.91,0,0.11,N,8,2024-05-13
28,31200,RENT,3.0,DEBTCONSOLIDATION,A,3600,6.39,0,0.12,N,7,2024-04-07
27,36000,MORTGAGE,6.0,HOMEIMPROVEMENT,C,7000,12.98,0,0.19,Y,7,2024-05-18
29,35000,RENT,2.0,EDUCATION,A,3600,8.94,0,0.1,N,10,2024-11-21
30,35004,RENT,3.0,PERSONAL,C,3600,12.73,0,0.1,Y,6,2024-09-03
27,36000,OWN,4.0,MEDICAL,C,1050,14.72,0,0.03,Y,5,2024-11-22
34,36000,RENT,3.0,VENTURE,C,3600,13.49,0,0.1,Y,7,2024-12-27
30,36000,MORTGAGE,2.0,VENTURE,A,3000,6.39,0,0.08,N,10,2024-08-22
29,36000,MORTGAGE,2.0,PERSONAL,D,20000,11.013786929274843,0,0.56,N,6,2024-03-30
35,36000,MORTGAGE,3.0,EDUCATION,B,5000,11.12,0,0.14,N,6,2024-02-19
27,36200,RENT,2.0,DEBTCONSOLIDATION,B,3600,11.013786929274843,0,0.1,N,10,2024-03-22
28,37000,RENT,7.0,EDUCATION,D,3600,14.11,0,0.1,N,7,2024-08-21
28,38700,RENT,8.0,VENTURE,B,3600,11.12,0,0.09,N,7,2024-11-06
28,39500,RENT,4.0,MEDICAL,B,3600,11.99,0,0.09,N,9,2024-04-08
35,33996,RENT,2.0,MEDICAL,D,3600,16.32,1,0.11,N,5,2024-03-04
27,36000,MORTGAGE,3.0,HOMEIMPROVEMENT,A,10000,7.88,0,0.28,N,6,2024-08-31
29,36000,OWN,4.0,HOMEIMPROVEMENT,A,5300,7.14,0,0.15,N,6,2024-08-17
29,40000,RENT,1.0,EDUCATION,A,3600,8.59,0,0.09,N,8,2024-07-12
27,40050,RENT,3.0,MEDICAL,D,3600,14.84,0,0.09,Y,7,2024-01-04
33,42000,RENT,4.0,MEDICAL,C,3600,12.68,0,0.09,Y,5,2024-12-06
30,36000,MORTGAGE,4.0,VENTURE,C,5000,13.85,0,0.14,N,5,2024-04-28
30,38126,RENT,1.0,VENTURE,A,11000,7.51,0,0.29,N,8,2024-02-05
29,38400,RENT,14.0,EDUCATION,A,11000,7.49,0,0.29,N,7,2024-06-27
27,39000,RENT,3.0,PERSONAL,B,11000,11.013786929274843,0,0.28,N,7,2024-10-21
33,36000,MORTGAGE,3.0,PERSONAL,A,7800,7.14,0,0.22,N,10,2024-12-11
30,42000,RENT,5.0,MEDICAL,B,11000,10.36,0,0.26,N,10,2024-11-21
30,42000,RENT,2.0,EDUCATION,B,11000,12.53,0,0.26,N,9,2024-11-08
27,36000,MORTGAGE,7.0,PERSONAL,B,6000,10.25,0,0.17,N,10,2024-09-21
27,36000,OWN,5.0,EDUCATION,B,14400,10.62,0,0.4,N,9,2024-11-17
29,44000,RENT,8.0,VENTURE,A,11000,7.29,0,0.25,N,6,2024-11-19
35,36000,OWN,3.0,VENTURE,B,8000,12.53,0,0.22,N,10,2024-12-24
34,44000,RENT,1.0,EDUCATION,C,11000,13.79,0,0.25,Y,6,2024-07-21
30,36000,MORTGAGE,4.0,PERSONAL,C,11500,13.57,0,0.32,N,8,2024-05-14
28,45000,RENT,6.0,MEDICAL,B,11000,11.99,0,0.24,N,7,2024-09-21
31,46992,RENT,1.0,MEDICAL,B,11000,11.14,0,0.23,N,9,2024-08-03
27,41000,RENT,11.0,DEBTCONSOLIDATION,D,11000,15.33,1,0.27,Y,7,2024-07-05
28,41500,RENT,3.0,MEDICAL,D,11000,15.33,1,0.27,Y,5,2024-07-13
32,47900,RENT,2.0,MEDICAL,A,11000,7.51,0,0.23,N,10,2024-10-14
30,36000,MORTGAGE,7.0,MEDICAL,B,15000,11.83,0,0.42,N,5,2024-07-14
32,51250,RENT,2.0,MEDICAL,A,11000,7.29,0,0.21,N,5,2024-06-30
27,52000,RENT,2.0,PERSONAL,C,11000,11.34,0,0.21,N,9,2024-05-19
30,53000,RENT,1.0,MEDICAL,A,11000,6.62,0,0.21,N,9,2024-03-01
27,36000,MORTGAGE,3.0,HOMEIMPROVEMENT,A,2500,9.63,0,0.07,N,7,2024-09-17
34,36000,MORTGAGE,5.0,PERSONAL,E,12000,16.0,0,0.33,Y,10,2024-07-26
28,36000,MORTGAGE,1.0,PERSONAL,D,1400,15.37,0,0.04,Y,9,2024-08-25
28,55000,RENT,3.0,MEDICAL,A,11000,7.49,0,0.2,N,5,2024-01-28
31,55000,RENT,6.0,VENTURE,D,11000,11.013786929274843,0,0.2,Y,9,2024-03-22
29,52000,RENT,2.0,HOMEIMPROVEMENT,D,11000,15.62,1,0.21,Y,10,2024-12-31
28,36000,MORTGAGE,4.0,VENTURE,B,2400,10.71,0,0.07,N,7,2024-09-07
30,62304,RENT,3.0,EDUCATION,D,11000,11.013786929274843,0,0.18,N,9,2024-12-29
35,65867,RENT,3.0,PERSONAL,A,11000,9.32,0,0.17,N,10,2024-11-21
28,68000,RENT,4.0,VENTURE,B,11000,11.49,0,0.16,N,5,2024-11-07
29,69000,RENT,5.0,PERSONAL,D,11000,14.61,0,0.16,Y,5,2024-12-09
28,69996,RENT,1.0,VENTURE,C,11000,13.79,0,0.16,N,8,2024-08-08
33,64000,RENT,14.0,VENTURE,E,11000,15.68,1,0.17,Y,5,2024-12-08
28,75000,RENT,5.0,PERSONAL,A,11000,7.51,0,0.15,N,9,2024-08-08
29,36100,MORTGAGE,2.0,PERSONAL,C,14000,14.27,0,0.39,N,5,2024-06-24
28,65025,RENT,4.0,MEDICAL,E,11000,16.35,1,0.14,Y,8,2024-02-14
35,82863,RENT,14.0,VENTURE,A,11000,11.013786929274843,0,0.13,N,6,2024-12-06
27,83604,RENT,2.0,MEDICAL,B,11000,9.76,0,0.13,N,7,2024-01-17
27,36120,MORTGAGE,2.0,VENTURE,D,2000,15.58,0,0.06,Y,5,2024-04-01
35,90000,RENT,3.0,PERSONAL,B,11000,11.99,0,0.12,N,10,2024-12-16
34,93000,RENT,11.0,HOMEIMPROVEMENT,C,11000,12.53,0,0.12,Y,10,2024-05-13
31,94527,RENT,7.0,HOMEIMPROVEMENT,A,11000,7.49,0,0.12,N,9,2024-06-22
35,36153,MORTGAGE,2.0,PERSONAL,D,3000,11.86,0,0.08,N,8,2024-11-07
27,85500,RENT,1.0,EDUCATION,D,11000,15.99,1,0.13,N,6,2024-03-19
27,104000,RENT,8.0,DEBTCONSOLIDATION,B,11000,11.013786929274843,0,0.11,N,8,2024-08-22
32,24000,RENT,3.0,DEBTCONSOLIDATION,A,10800,7.75,1,0.45,N,8,2024-01-05
29,32000,RENT,6.0,DEBTCONSOLIDATION,C,10800,13.57,1,0.34,N,6,2024-03-02
28,33288,RENT,2.0,EDUCATION,C,10800,12.09,1,0.32,N,6,2024-07-19
33,36500,MORTGAGE,4.0,HOMEIMPROVEMENT,A,8500,11.013786929274843,0,0.23,N,6,2024-02-05
30,40000,RENT,4.0,VENTURE,C,10800,13.57,1,0.27,N,7,2024-12-11
33,36500,MORTGAGE,17.0,HOMEIMPROVEMENT,A,3200,7.37,0,0.09,N,6,2024-09-29
29,42000,RENT,6.0,DEBTCONSOLIDATION,D,10800,16.29,1,0.26,Y,7,2024-02-07
33,30500,MORTGAGE,1.0,HOMEIMPROVEMENT,B,10000,9.33,1,0.33,N,6,2024-10-17
34,48000,RENT,4.0,DEBTCONSOLIDATION,B,10800,10.99,0,0.23,N,7,2024-05-30
29,36538,MORTGAGE,2.0,PERSONAL,A,2500,6.62,0,0.07,N,7,2024-02-23
27,36600,MORTGAGE,6.0,VENTURE,A,5000,5.42,0,0.14,N,5,2024-03-15
29,52000,RENT,3.0,DEBTCONSOLIDATION,C,10800,14.27,0,0.21,N,5,2024-12-29
28,52300,RENT,1.0,MEDICAL,A,10800,7.88,0,0.21,N,8,2024-01-14
27,48000,RENT,3.0,DEBTCONSOLIDATION,D,10800,15.99,1,0.23,N,8,2024-06-27
35,55596,RENT,2.0,EDUCATION,B,10800,9.91,0,0.19,N,8,2024-11-10
27,36789,MORTGAGE,1.0,DEBTCONSOLIDATION,C,5500,13.57,0,0.15,Y,8,2024-07-30
27,69996,RENT,3.0,EDUCATION,D,10800,14.91,0,0.15,Y,10,2024-10-25
31,36900,MORTGAGE,15.0,HOMEIMPROVEMENT,B,1600,9.62,0,0.04,N,8,2024-06-06
28,36960,OWN,6.0,HOMEIMPROVEMENT,C,15000,13.61,0,0.41,Y,10,2024-06-13
27,82600,RENT,4.0,MEDICAL,B,10800,9.76,0,0.13,N,8,2024-10-12
28,135000,RENT,8.0,MEDICAL,B,10800,11.013786929274843,0,0.08,N,7,2024-11-12
27,36996,MORTGAGE,4.0,DEBTCONSOLIDATION,B,8800,11.48,0,0.24,N,6,2024-08-13
27,24960,RENT,3.0,DEBTCONSOLIDATION,B,10750,10.25,1,0.43,N,10,2024-11-22
29,28800,RENT,4.0,DEBTCONSOLIDATION,A,10750,7.51,1,0.37,N,10,2024-06-25
35,37000,OWN,1.0,EDUCATION,A,4650,6.62,0,0.13,N,8,2024-02-27
33,55000,RENT,1.0,EDUCATION,C,10725,13.16,0,0.2,N,6,2024-12-13
34,37000,OWN,17.0,EDUCATION,A,5000,7.9,0,0.14,N,10,2024-04-24
32,31000,MORTGAGE,16.0,DEBTCONSOLIDATION,A,3000,7.51,1,0.1,N,7,2024-02-09
27,37000,OWN,3.0,MEDICAL,B,5000,9.91,0,0.14,N,6,2024-04-22
28,37000,MORTGAGE,6.0,MEDICAL,A,18250,7.49,0,0.49,N,10,2024-03-25
30,26500,RENT,14.0,DEBTCONSOLIDATION,C,10625,14.27,1,0.4,N,9,2024-09-11
27,37000,OWN,5.0,HOMEIMPROVEMENT,B,8000,10.99,0,0.22,N,10,2024-11-11
27,27900,RENT,3.0,MEDICAL,A,10625,7.9,1,0.38,N,5,2024-04-22
32,37000,MORTGAGE,3.0,PERSONAL,B,3000,11.49,0,0.08,N,7,2024-08-02
28,37000,MORTGAGE,4.0,EDUCATION,A,10000,7.49,0,0.27,N,6,2024-06-28
34,37000,MORTGAGE,7.0,DEBTCONSOLIDATION,B,4400,10.99,0,0.12,N,5,2024-04-05
35,31000,MORTGAGE,2.0,PERSONAL,B,8875,11.99,1,0.29,N,7,2024-08-15
27,33000,RENT,4.0,MEDICAL,A,10625,6.62,1,0.32,N,5,2024-09-19
28,37000,MORTGAGE,12.0,PERSONAL,B,1000,10.99,0,0.03,N,6,2024-11-21
31,34000,RENT,15.0,PERSONAL,C,10625,14.79,1,0.31,Y,6,2024-08-15
29,35000,RENT,1.0,DEBTCONSOLIDATION,A,10625,7.9,0,0.3,N,8,2024-02-18
33,31000,MORTGAGE,2.0,PERSONAL,B,13000,10.74,1,0.42,N,6,2024-11-14
35,39000,RENT,5.0,PERSONAL,B,10625,11.013786929274843,0,0.27,N,9,2024-12-14
29,37000,OWN,2.0,EDUCATION,A,2800,7.66,0,0.08,N,5,2024-03-17
34,35000,RENT,3.0,MEDICAL,C,10600,15.96,0,0.3,N,10,2024-07-24
33,65600,RENT,4.0,PERSONAL,C,10600,12.99,0,0.16,N,7,2024-08-31
33,35000,RENT,12.0,MEDICAL,A,10550,11.013786929274843,0,0.3,N,10,2024-01-21
29,49668,RENT,4.0,DEBTCONSOLIDATION,A,10525,7.9,0,0.21,N,6,2024-11-24
29,37000,MORTGAGE,5.0,HOMEIMPROVEMENT,B,4800,10.36,0,0.13,N,7,2024-03-09
33,37000,MORTGAGE,2.0,PERSONAL,B,13000,10.36,0,0.35,N,7,2024-09-08
35,31000,MORTGAGE,2.0,DEBTCONSOLIDATION,D,5000,14.46,1,0.16,Y,5,2024-01-01
32,37000,MORTGAGE,11.0,HOMEIMPROVEMENT,B,12000,11.86,0,0.32,N,9,2024-12-26
30,31000,MORTGAGE,3.0,EDUCATION,A,13000,7.88,1,0.42,N,8,2024-08-17
34,38000,RENT,3.0,MEDICAL,C,10500,13.49,0,0.28,N,5,2024-03-11
33,38400,RENT,6.0,MEDICAL,B,10500,11.99,0,0.27,N,8,2024-09-17
28,40000,RENT,6.0,EDUCATION,C,10500,14.27,0,0.26,N,10,2024-11-20
31,50000,RENT,3.0,PERSONAL,A,10500,6.17,0,0.21,N,8,2024-11-05
33,53796,RENT,1.0,DEBTCONSOLIDATION,B,10500,11.14,0,0.2,N,6,2024-03-04
31,37000,MORTGAGE,12.0,DEBTCONSOLIDATION,C,22000,12.73,0,0.59,Y,7,2024-02-06
28,60000,RENT,10.0,HOMEIMPROVEMENT,C,10500,15.27,0,0.17,Y,6,2024-01-23
34,62100,RENT,1.0,EDUCATION,B,10500,11.26,0,0.17,N,5,2024-11-19
31,66000,RENT,11.0,HOMEIMPROVEMENT,B,10500,12.69,0,0.16,N,10,2024-11-04
27,75600,RENT,11.0,HOMEIMPROVEMENT,B,10500,12.69,0,0.14,N,5,2024-12-15
31,351699,RENT,7.0,VENTURE,D,10500,15.7,0,0.03,N,6,2024-11-15
34,55500,RENT,2.0,PERSONAL,A,10450,7.51,0,0.19,N,10,2024-12-24
29,31400,RENT,3.0,MEDICAL,B,10400,10.71,1,0.33,N,7,2024-08-06
32,32004,RENT,10.0,DEBTCONSOLIDATION,C,10400,15.27,1,0.32,N,9,2024-05-26
28,39000,RENT,2.0,EDUCATION,B,10400,10.37,0,0.27,N,10,2024-10-07
30,31000,MORTGAGE,3.0,VENTURE,D,12000,14.42,1,0.39,N,5,2024-10-18
27,45000,RENT,12.0,DEBTCONSOLIDATION,C,10400,14.65,0,0.23,N,9,2024-04-18
30,37017,MORTGAGE,3.0,PERSONAL,A,9000,6.54,0,0.24,N,7,2024-12-30
27,51600,RENT,1.0,PERSONAL,F,10400,18.25,1,0.2,Y,6,2024-10-05
27,62000,RENT,9.0,EDUCATION,C,10400,13.49,0,0.17,Y,10,2024-04-08
29,31100,MORTGAGE,9.0,DEBTCONSOLIDATION,E,3000,16.82,1,0.1,Y,5,2024-05-19
28,65000,RENT,9.0,PERSONAL,A,10400,5.42,0,0.16,N,8,2024-01-02
27,80400,RENT,11.0,EDUCATION,B,10400,11.86,0,0.13,N,6,2024-02-21
27,35000,RENT,5.0,MEDICAL,C,10375,14.27,0,0.3,N,5,2024-11-17
29,32400,RENT,5.0,VENTURE,A,10275,6.62,1,0.32,N,8,2024-02-13
33,37200,MORTGAGE,3.0,EDUCATION,A,3000,6.92,0,0.08,N,5,2024-04-28
29,75000,RENT,1.0,VENTURE,C,10250,12.23,0,0.14,Y,10,2024-12-21
28,50000,RENT,4.0,EDUCATION,C,10225,11.013786929274843,0,0.2,Y,7,2024-12-07
28,45000,RENT,6.0,MEDICAL,D,3600,16.29,0,0.08,N,7,2024-06-26
27,45000,RENT,6.0,VENTURE,B,3600,12.42,0,0.08,N,8,2024-07-04
28,37290,MORTGAGE,7.0,PERSONAL,A,5500,5.42,0,0.15,N,5,2024-04-14
33,48000,RENT,4.0,DEBTCONSOLIDATION,B,3600,11.99,0,0.07,N,10,2024-11-20
32,48000,RENT,15.0,DEBTCONSOLIDATION,A,3600,6.92,0,0.07,N,5,2024-10-10
35,37400,MORTGAGE,3.0,VENTURE,D,10750,15.95,0,0.29,N,5,2024-08-11
29,50000,RENT,9.0,MEDICAL,C,3600,15.27,0,0.07,Y,10,2024-02-22
33,50000,RENT,5.0,EDUCATION,C,3600,13.8,0,0.07,N,5,2024-10-24
29,52000,RENT,4.0,PERSONAL,B,3600,11.71,0,0.07,N,8,2024-12-26
33,53000,RENT,4.0,DEBTCONSOLIDATION,B,3600,9.25,0,0.07,N,5,2024-07-27
29,54996,RENT,8.0,DEBTCONSOLIDATION,A,3600,9.63,0,0.07,N,5,2024-07-25
33,55000,RENT,5.0,PERSONAL,A,3600,6.99,0,0.07,N,6,2024-10-31
34,37500,MORTGAGE,14.0,MEDICAL,B,12000,11.013786929274843,0,0.32,N,7,2024-07-04
31,55000,RENT,2.0,EDUCATION,A,3600,7.51,0,0.07,N,7,2024-04-25
28,49000,RENT,2.0,VENTURE,C,3600,13.98,1,0.07,Y,9,2024-06-10
28,60000,RENT,3.0,EDUCATION,B,3600,9.63,0,0.06,N,5,2024-11-18
30,60000,RENT,1.0,DEBTCONSOLIDATION,A,3600,8.59,0,0.06,N,9,2024-06-07
28,60000,RENT,1.0,DEBTCONSOLIDATION,B,3600,12.21,0,0.06,N,10,2024-11-10
33,37500,MORTGAGE,3.0,EDUCATION,D,6500,15.33,0,0.17,Y,7,2024-01-12
30,69000,RENT,4.0,MEDICAL,C,3600,13.99,0,0.05,N,10,2024-10-01
27,64000,RENT,3.0,PERSONAL,A,3600,7.49,1,0.06,N,5,2024-07-06
27,70000,RENT,9.0,MEDICAL,C,3600,14.79,0,0.05,Y,10,2024-06-03
28,37584,OWN,2.0,MEDICAL,B,20000,11.48,0,0.53,N,5,2024-01-06
33,74400,RENT,15.0,DEBTCONSOLIDATION,C,3600,15.27,0,0.05,N,9,2024-10-23
28,37620,MORTGAGE,5.0,EDUCATION,B,4000,11.71,0,0.11,N,8,2024-09-04
28,82300,RENT,3.0,VENTURE,A,3600,9.63,0,0.04,N,8,2024-10-22
35,85000,RENT,1.0,DEBTCONSOLIDATION,A,3600,7.51,0,0.04,N,6,2024-10-27
30,90000,RENT,14.0,EDUCATION,D,3600,14.91,0,0.04,N,6,2024-05-16
29,82438,RENT,14.0,PERSONAL,B,3600,10.99,1,0.04,N,9,2024-03-06
27,106000,RENT,11.0,EDUCATION,C,3600,14.27,0,0.03,N,5,2024-07-28
33,102000,RENT,2.0,MEDICAL,D,3600,11.013786929274843,1,0.03,Y,6,2024-07-02
31,160000,RENT,8.0,VENTURE,C,3600,15.23,0,0.02,N,7,2024-01-11
33,20000,RENT,5.0,EDUCATION,A,3625,6.99,0,0.18,N,9,2024-12-21
27,54000,RENT,2.0,EDUCATION,A,3625,7.9,0,0.07,N,6,2024-04-24
32,65000,RENT,3.0,PERSONAL,A,3625,6.03,0,0.06,N,8,2024-02-02
31,110000,RENT,2.0,PERSONAL,A,3650,9.63,0,0.03,N,6,2024-08-12
35,19200,RENT,2.0,VENTURE,A,3675,8.49,1,0.19,N,7,2024-06-27
32,25000,RENT,9.0,DEBTCONSOLIDATION,B,3700,9.91,0,0.15,N,6,2024-08-27
28,25200,RENT,2.0,EDUCATION,B,3700,9.62,0,0.15,N,8,2024-10-30
31,29000,RENT,4.0,PERSONAL,B,3700,9.91,1,0.13,N,7,2024-04-29
28,40000,RENT,1.0,PERSONAL,C,3700,15.96,0,0.09,N,8,2024-11-18
31,38000,OWN,5.0,VENTURE,B,14000,9.91,0,0.37,N,5,2024-12-12
30,38000,MORTGAGE,14.0,PERSONAL,A,6000,6.62,0,0.16,N,5,2024-08-14
35,62217,RENT,15.0,EDUCATION,A,3700,11.013786929274843,0,0.06,N,8,2024-01-30
34,38000,MORTGAGE,12.0,DEBTCONSOLIDATION,B,12775,9.91,0,0.34,N,5,2024-05-14
27,70000,RENT,4.0,HOMEIMPROVEMENT,B,3700,11.013786929274843,1,0.05,N,5,2024-05-26
28,94000,RENT,3.0,EDUCATION,A,3700,7.9,0,0.04,N,9,2024-11-02
30,38000,OWN,14.0,MEDICAL,B,12600,11.013786929274843,0,0.33,N,8,2024-05-31
32,13200,RENT,2.0,PERSONAL,A,3800,7.29,1,0.29,N,9,2024-11-19
35,38000,MORTGAGE,5.0,HOMEIMPROVEMENT,A,5000,6.62,0,0.13,N,7,2024-06-18
32,38000,OWN,2.0,VENTURE,C,4000,14.65,0,0.11,N,9,2024-08-06
28,38000,MORTGAGE,6.0,VENTURE,B,10200,11.013786929274843,0,0.27,N,10,2024-02-12
28,38000,OWN,13.0,VENTURE,A,6425,5.42,0,0.17,N,8,2024-05-22
32,68000,RENT,9.0,VENTURE,D,3800,16.89,0,0.06,Y,8,2024-12-26
35,38000,MORTGAGE,10.0,VENTURE,A,9600,7.49,0,0.25,N,9,2024-02-17
31,38000,OWN,15.0,VENTURE,B,10400,11.49,0,0.27,N,10,2024-12-18
28,29950,RENT,4.0,EDUCATION,C,3825,14.27,0,0.13,N,8,2024-07-20
32,38000,MORTGAGE,8.0,HOMEIMPROVEMENT,C,8000,13.49,0,0.21,Y,6,2024-01-10
33,38000,OWN,4.0,MEDICAL,B,10000,10.99,0,0.26,N,10,2024-10-03
31,49000,RENT,2.0,MEDICAL,B,3850,9.62,0,0.08,N,6,2024-01-08
28,20292,RENT,3.0,VENTURE,B,3900,12.53,0,0.19,N,9,2024-03-12
32,38000,MORTGAGE,16.0,VENTURE,B,10000,10.37,0,0.26,N,6,2024-05-03
28,30000,RENT,4.0,VENTURE,B,3900,11.99,0,0.13,N,8,2024-07-09
35,38000,MORTGAGE,1.0,MEDICAL,B,2400,10.37,0,0.06,N,5,2024-12-21
28,55000,RENT,2.0,MEDICAL,B,3900,11.99,0,0.07,N,10,2024-02-06
29,27000,RENT,10.0,HOMEIMPROVEMENT,D,3975,12.17,1,0.15,N,5,2024-10-11
27,32000,MORTGAGE,3.0,HOMEIMPROVEMENT,B,4500,9.99,1,0.14,N,8,2024-03-08
29,38000,MORTGAGE,3.0,EDUCATION,D,6000,15.21,0,0.16,Y,9,2024-09-13
31,38000,OWN,1.0,PERSONAL,D,13750,15.21,0,0.36,N,5,2024-01-18
28,14400,RENT,2.0,MEDICAL,C,4000,13.11,1,0.28,Y,8,2024-07-29
31,15000,RENT,2.0,VENTURE,B,4000,11.49,1,0.27,N,6,2024-06-13
28,38000,MORTGAGE,5.0,VENTURE,A,8400,7.51,0,0.22,N,7,2024-04-29
29,38000,MORTGAGE,8.0,EDUCATION,A,3600,7.14,0,0.09,N,9,2024-09-18
30,15000,RENT,2.0,HOMEIMPROVEMENT,D,4000,13.67,1,0.27,Y,7,2024-04-01
31,38000,MORTGAGE,2.0,MEDICAL,B,2000,11.36,0,0.05,N,8,2024-10-02
31,17000,RENT,2.0,MEDICAL,D,4000,14.59,1,0.24,Y,9,2024-05-08
27,17000,RENT,2.0,VENTURE,D,4000,14.42,1,0.24,N,8,2024-05-25
35,38000,MORTGAGE,2.0,MEDICAL,B,15000,10.99,0,0.39,N,5,2024-12-25
35,32000,MORTGAGE,1.0,DEBTCONSOLIDATION,D,10750,14.96,1,0.34,Y,5,2024-02-28
31,18000,RENT,6.0,EDUCATION,C,4000,12.84,1,0.22,N,5,2024-07-03
29,38000,MORTGAGE,5.0,EDUCATION,A,8000,8.59,0,0.21,N,6,2024-04-09
34,38000,OWN,1.0,VENTURE,A,10000,8.94,0,0.26,N,6,2024-02-03
29,19200,RENT,4.0,PERSONAL,B,4000,10.37,1,0.21,N,6,2024-01-09
34,38000,MORTGAGE,9.0,PERSONAL,C,14500,12.84,0,0.38,Y,6,2024-10-11
30,19968,RENT,3.0,DEBTCONSOLIDATION,E,4000,16.45,1,0.2,N,9,2024-09-20
27,20000,RENT,2.0,MEDICAL,B,4000,10.65,0,0.2,N,8,2024-09-19
28,20000,RENT,5.0,DEBTCONSOLIDATION,B,4000,10.99,0,0.2,N,9,2024-01-31
28,20000,RENT,4.0,PERSONAL,D,4000,14.59,0,0.2,N,9,2024-01-11
28,20000,RENT,2.0,HOMEIMPROVEMENT,C,4000,13.11,1,0.2,N,6,2024-08-02
27,38000,MORTGAGE,11.0,DEBTCONSOLIDATION,B,5000,9.76,0,0.13,N,5,2024-05-26
33,20000,RENT,5.0,PERSONAL,C,4000,13.47,0,0.2,Y,8,2024-02-28
27,21000,RENT,5.0,MEDICAL,B,4000,11.49,0,0.19,N,9,2024-10-10
29,21000,RENT,1.0,MEDICAL,A,4000,5.79,0,0.19,N,10,2024-01-17
30,21300,RENT,1.0,DEBTCONSOLIDATION,C,4000,12.87,0,0.19,Y,7,2024-06-08
32,21600,RENT,4.0,DEBTCONSOLIDATION,A,4000,8.07,0,0.19,N,10,2024-06-08
29,21864,RENT,1.0,PERSONAL,B,4000,12.42,0,0.18,N,7,2024-01-08
27,22000,RENT,1.0,EDUCATION,A,4000,6.39,0,0.18,N,10,2024-02-27
32,22800,RENT,1.0,DEBTCONSOLIDATION,B,4000,11.013786929274843,0,0.18,N,8,2024-09-03
32,23000,RENT,1.0,DEBTCONSOLIDATION,C,4000,14.22,0,0.17,Y,6,2024-04-19
27,23400,RENT,2.0,PERSONAL,A,4000,7.49,0,0.17,N,6,2024-01-16
27,38004,MORTGAGE,11.0,DEBTCONSOLIDATION,C,6500,13.79,0,0.17,Y,8,2024-03-11
31,24000,RENT,2.0,PERSONAL,C,4000,13.48,0,0.17,Y,6,2024-08-27
29,24960,RENT,13.0,VENTURE,A,4000,5.42,0,0.16,N,6,2024-04-18
28,38196,MORTGAGE,5.0,MEDICAL,B,10750,10.75,0,0.28,N,10,2024-03-26
30,38220,MORTGAGE,1.0,DEBTCONSOLIDATION,A,9775,11.013786929274843,0,0.26,N,10,2024-04-07
27,26000,RENT,6.0,MEDICAL,B,4000,10.25,0,0.15,N,10,2024-08-03
27,32304,MORTGAGE,6.0,HOMEIMPROVEMENT,A,1200,6.76,1,0.04,N,9,2024-01-26
29,26004,RENT,5.0,EDUCATION,B,4000,10.0,1,0.15,N,7,2024-11-21
29,26568,RENT,2.0,HOMEIMPROVEMENT,D,4000,16.0,1,0.15,N,8,2024-05-26
28,27600,RENT,8.0,DEBTCONSOLIDATION,C,4000,15.23,0,0.14,N,8,2024-02-27
29,27996,RENT,4.0,MEDICAL,A,4000,6.92,0,0.14,N,7,2024-05-20
29,38400,OWN,4.0,VENTURE,B,10000,11.013786929274843,0,0.26,N,8,2024-03-19
29,28550,RENT,6.0,DEBTCONSOLIDATION,B,4000,10.59,0,0.14,N,10,2024-07-20
33,28800,RENT,5.0,MEDICAL,B,4000,9.88,0,0.14,N,5,2024-10-09
29,28800,RENT,1.0,VENTURE,C,4000,13.92,1,0.14,N,10,2024-09-16
32,38400,OWN,4.0,MEDICAL,B,2400,9.99,0,0.06,N,7,2024-07-30
27,29120,RENT,2.0,EDUCATION,B,4000,10.75,0,0.14,N,5,2024-08-31
27,30000,RENT,6.0,EDUCATION,B,4000,12.69,1,0.13,N,7,2024-01-16
34,30000,RENT,2.0,PERSONAL,A,4000,7.51,0,0.13,N,7,2024-09-06
30,30000,RENT,1.0,MEDICAL,C,4000,13.99,0,0.13,Y,6,2024-02-03
27,38400,MORTGAGE,3.0,DEBTCONSOLIDATION,C,15000,12.68,0,0.39,N,5,2024-08-27
35,38400,MORTGAGE,1.0,VENTURE,B,9500,10.36,0,0.25,N,6,2024-05-14
33,38400,OWN,1.0,EDUCATION,D,8000,15.58,0,0.21,Y,7,2024-10-26
27,30000,RENT,6.0,MEDICAL,B,4000,10.39,0,0.13,N,9,2024-11-11
28,30996,RENT,7.0,MEDICAL,B,4000,10.65,0,0.13,N,5,2024-02-23
28,31150,RENT,4.0,MEDICAL,B,4000,11.49,0,0.13,N,7,2024-10-26
30,38400,MORTGAGE,14.0,DEBTCONSOLIDATION,A,16750,7.88,0,0.44,N,5,2024-04-03
32,32004,RENT,16.0,MEDICAL,B,4000,11.49,0,0.12,N,9,2024-08-10
33,32004,RENT,3.0,DEBTCONSOLIDATION,A,4000,8.32,0,0.12,N,7,2024-09-06
27,32160,RENT,1.0,MEDICAL,D,4000,15.99,1,0.12,N,9,2024-03-25
27,33000,RENT,5.0,MEDICAL,A,4000,5.99,0,0.12,N,8,2024-04-29
27,33000,RENT,7.0,EDUCATION,A,4000,6.76,0,0.12,N,9,2024-11-14
30,33280,RENT,1.0,MEDICAL,C,4000,13.79,0,0.12,N,9,2024-04-12
27,34000,RENT,10.0,MEDICAL,D,4000,17.19,1,0.12,Y,9,2024-03-19
32,34000,RENT,4.0,VENTURE,A,4000,7.74,0,0.12,N,10,2024-03-24
33,34400,RENT,6.0,VENTURE,B,4000,10.25,0,0.12,N,9,2024-04-07
29,38600,OWN,9.0,VENTURE,C,1600,12.84,0,0.04,Y,7,2024-03-08
31,35000,RENT,1.0,VENTURE,B,4000,10.65,0,0.11,N,5,2024-12-09
29,35000,RENT,6.0,EDUCATION,C,4000,15.23,0,0.11,Y,9,2024-02-24
29,35000,RENT,1.0,MEDICAL,A,4000,5.99,0,0.11,N,6,2024-10-08
34,38769,MORTGAGE,3.0,DEBTCONSOLIDATION,A,2400,8.9,0,0.06,N,6,2024-09-30
35,35000,RENT,13.0,MEDICAL,C,4000,13.35,0,0.11,N,8,2024-08-29
28,35004,RENT,2.0,EDUCATION,B,4000,12.53,0,0.11,N,5,2024-02-14
28,35600,RENT,3.0,EDUCATION,A,4000,7.49,0,0.11,N,6,2024-02-06
27,36000,RENT,1.0,MEDICAL,C,4000,11.013786929274843,0,0.11,N,10,2024-08-23
28,36000,RENT,1.0,DEBTCONSOLIDATION,B,4000,12.42,0,0.11,N,10,2024-12-31
28,33000,MORTGAGE,9.0,PERSONAL,A,4000,7.9,1,0.12,N,8,2024-07-09
29,33000,MORTGAGE,8.0,EDUCATION,B,5600,11.71,1,0.17,N,6,2024-06-16
31,36000,RENT,4.0,MEDICAL,C,4000,13.8,0,0.11,Y,9,2024-04-03
34,36000,RENT,1.0,MEDICAL,C,4000,13.61,0,0.11,N,10,2024-01-21
27,39000,MORTGAGE,6.0,DEBTCONSOLIDATION,B,6400,10.99,0,0.16,N,10,2024-12-12
35,39000,MORTGAGE,5.0,HOMEIMPROVEMENT,B,15000,10.99,0,0.38,N,9,2024-07-28
33,38196,RENT,1.0,MEDICAL,B,4000,10.0,0,0.1,N,5,2024-01-02
29,39000,MORTGAGE,12.0,PERSONAL,A,16000,5.99,0,0.41,N,8,2024-11-24
30,39000,RENT,6.0,MEDICAL,C,4000,15.96,0,0.1,N,9,2024-06-16
27,39000,RENT,1.0,PERSONAL,B,4000,10.74,0,0.1,N,9,2024-02-15
34,33456,RENT,2.0,EDUCATION,E,4000,16.45,1,0.12,N,5,2024-07-02
30,39996,RENT,2.0,DEBTCONSOLIDATION,C,4000,12.99,0,0.1,Y,9,2024-10-18
32,39000,MORTGAGE,4.0,VENTURE,A,16700,7.51,0,0.43,N,8,2024-02-20
29,33996,RENT,11.0,EDUCATION,C,4000,13.47,1,0.12,N,7,2024-03-16
30,34000,RENT,6.0,DEBTCONSOLIDATION,C,4000,13.49,1,0.12,N,5,2024-04-07
32,40000,RENT,1.0,MEDICAL,C,4000,13.49,0,0.1,Y,8,2024-08-21
32,40000,RENT,2.0,EDUCATION,B,4000,9.99,0,0.1,N,7,2024-04-10
33,40000,RENT,2.0,DEBTCONSOLIDATION,A,4000,7.88,0,0.1,N,10,2024-10-12
33,40000,RENT,4.0,VENTURE,B,4000,11.013786929274843,0,0.1,N,7,2024-02-08
29,40000,RENT,7.0,PERSONAL,C,4000,12.53,0,0.1,N,10,2024-01-25
32,40000,RENT,2.0,MEDICAL,C,4000,13.79,0,0.1,N,6,2024-02-08
27,34800,RENT,2.0,VENTURE,D,4000,14.54,1,0.11,Y,7,2024-01-04
31,41000,RENT,7.0,VENTURE,B,4000,10.99,0,0.1,N,8,2024-07-06
31,41000,RENT,1.0,MEDICAL,B,4000,10.0,0,0.1,N,10,2024-02-09
29,39000,MORTGAGE,6.0,MEDICAL,A,7100,8.32,0,0.18,N,5,2024-07-23
27,33000,MORTGAGE,8.0,EDUCATION,D,9000,12.49,1,0.27,Y,8,2024-01-22
32,42000,RENT,6.0,PERSONAL,B,4000,11.12,0,0.1,N,5,2024-09-14
33,42000,RENT,2.0,PERSONAL,A,4000,6.39,0,0.1,N,9,2024-10-15
30,42000,RENT,1.0,DEBTCONSOLIDATION,A,4000,7.88,0,0.1,N,6,2024-09-20
27,43000,RENT,11.0,EDUCATION,D,4000,16.29,0,0.09,Y,9,2024-04-20
29,39432,MORTGAGE,6.0,EDUCATION,B,8000,11.86,0,0.2,N,6,2024-05-11
27,39480,MORTGAGE,2.0,EDUCATION,C,7200,13.79,0,0.18,N,8,2024-07-26
27,37200,RENT,4.0,EDUCATION,D,4000,17.27,1,0.11,N,9,2024-02-26
32,45576,RENT,1.0,VENTURE,B,4000,10.99,0,0.09,N,9,2024-03-31
28,39600,RENT,4.0,PERSONAL,C,4000,12.61,1,0.1,N,10,2024-05-27
28,39500,MORTGAGE,11.0,EDUCATION,A,11000,7.14,0,0.28,N,8,2024-10-21
29,46000,RENT,6.0,VENTURE,B,4000,9.99,0,0.09,N,9,2024-07-03
28,41000,RENT,11.0,PERSONAL,E,4000,18.64,1,0.1,N,8,2024-12-01
29,39500,MORTGAGE,8.0,VENTURE,A,5000,7.74,0,0.13,N,8,2024-07-26
33,39504,MORTGAGE,17.0,EDUCATION,A,3000,7.37,0,0.08,N,5,2024-02-04
30,39552,MORTGAGE,2.0,VENTURE,B,12375,10.37,0,0.31,N,9,2024-07-18
30,48000,RENT,7.0,PERSONAL,A,4000,11.013786929274843,0,0.08,N,5,2024-09-07
27,48000,RENT,7.0,PERSONAL,B,4000,9.62,0,0.08,N,10,2024-03-24
28,48000,RENT,7.0,MEDICAL,C,4000,14.35,0,0.08,N,8,2024-09-02
34,39600,MORTGAGE,16.0,PERSONAL,A,2400,6.03,0,0.06,N,9,2024-04-22
28,48000,RENT,2.0,DEBTCONSOLIDATION,A,4000,11.013786929274843,0,0.08,N,7,2024-06-10
34,39600,MORTGAGE,14.0,VENTURE,A,6000,5.99,0,0.15,N,5,2024-06-16
27,39600,OWN,7.0,HOMEIMPROVEMENT,A,9900,6.54,0,0.25,N,5,2024-02-24
30,39600,MORTGAGE,5.0,DEBTCONSOLIDATION,B,3000,10.38,0,0.08,N,10,2024-03-26
33,42804,RENT,17.0,EDUCATION,C,4000,12.73,1,0.09,Y,7,2024-05-29
27,48996,RENT,2.0,DEBTCONSOLIDATION,A,4000,9.32,0,0.08,N,9,2024-03-18
27,49000,RENT,11.0,MEDICAL,B,4000,10.59,0,0.08,N,8,2024-09-14
27,39600,MORTGAGE,11.0,DEBTCONSOLIDATION,A,4800,6.76,0,0.12,N,9,2024-10-09
28,39600,MORTGAGE,2.0,DEBTCONSOLIDATION,B,5000,12.53,0,0.13,N,6,2024-05-28
28,50000,RENT,1.0,HOMEIMPROVEMENT,B,4000,10.59,0,0.08,N,10,2024-05-31
30,39750,MORTGAGE,3.0,HOMEIMPROVEMENT,B,1425,10.37,0,0.04,N,5,2024-03-09
29,44000,RENT,1.0,EDUCATION,D,4000,12.36,1,0.09,Y,8,2024-05-05
29,39960,MORTGAGE,13.0,EDUCATION,D,11000,16.49,0,0.28,N,6,2024-12-31
30,39962,MORTGAGE,5.0,DEBTCONSOLIDATION,B,3200,9.7,0,0.08,N,7,2024-11-25
28,33996,MORTGAGE,5.0,PERSONAL,A,12000,11.013786929274843,1,0.35,N,8,2024-11-08
31,52000,RENT,1.0,MEDICAL,A,4000,7.49,0,0.08,N,5,2024-08-03
27,52600,RENT,3.0,VENTURE,E,4000,17.39,0,0.08,Y,7,2024-08-28
27,47000,RENT,2.0,HOMEIMPROVEMENT,D,4000,15.33,1,0.09,Y,10,2024-11-22
27,48000,RENT,2.0,EDUCATION,A,4000,6.03,1,0.08,N,6,2024-07-24
27,54000,RENT,3.0,EDUCATION,B,4000,10.74,0,0.07,N,5,2024-03-28
27,54000,RENT,4.0,PERSONAL,C,4000,12.61,0,0.07,Y,6,2024-02-10
27,48996,RENT,1.0,DEBTCONSOLIDATION,D,4000,14.61,1,0.08,Y,6,2024-01-02
29,55200,RENT,13.0,HOMEIMPROVEMENT,B,4000,10.59,0,0.07,N,10,2024-12-10
30,39996,MORTGAGE,2.0,PERSONAL,B,10000,10.75,0,0.25,N,8,2024-12-22
31,39996,OWN,8.0,HOMEIMPROVEMENT,C,4000,14.35,0,0.1,Y,9,2024-10-19
31,56000,RENT,9.0,HOMEIMPROVEMENT,A,4000,5.79,0,0.07,N,9,2024-07-17
28,56800,RENT,2.0,VENTURE,A,4000,7.88,0,0.07,N,9,2024-12-05
30,39996,MORTGAGE,8.0,MEDICAL,C,10000,12.73,0,0.25,N,6,2024-07-16
27,58000,RENT,2.0,EDUCATION,B,4000,9.67,0,0.07,N,9,2024-04-11
32,60000,RENT,3.0,HOMEIMPROVEMENT,B,4000,10.99,0,0.07,N,10,2024-07-07
31,39996,MORTGAGE,3.0,VENTURE,B,9600,11.26,0,0.24,N,7,2024-07-11
28,61500,RENT,1.0,HOMEIMPROVEMENT,B,4000,10.95,0,0.07,N,8,2024-11-02
35,63000,RENT,3.0,VENTURE,B,4000,11.14,0,0.06,N,8,2024-01-05
27,63500,RENT,3.0,PERSONAL,B,4000,10.37,0,0.06,N,9,2024-06-13
33,57700,RENT,17.0,HOMEIMPROVEMENT,C,4000,11.013786929274843,1,0.07,Y,7,2024-03-19
27,64200,RENT,2.0,PERSONAL,B,4000,9.25,0,0.06,N,5,2024-03-07
27,65000,RENT,9.0,PERSONAL,A,4000,6.99,0,0.06,N,5,2024-11-20
27,65000,RENT,2.0,HOMEIMPROVEMENT,A,4000,5.99,0,0.06,N,5,2024-10-26
29,65000,RENT,3.0,VENTURE,A,4000,7.74,0,0.06,N,6,2024-03-24
33,65000,RENT,1.0,MEDICAL,C,4000,12.87,0,0.06,N,7,2024-08-15
28,40000,MORTGAGE,9.0,PERSONAL,B,19200,9.91,0,0.48,N,9,2024-07-17
30,59000,RENT,4.0,PERSONAL,A,4000,8.94,1,0.07,N,7,2024-05-19
33,68000,RENT,3.0,EDUCATION,B,4000,10.99,0,0.06,N,10,2024-11-16
28,34000,MORTGAGE,12.0,EDUCATION,D,10000,16.77,1,0.29,Y,7,2024-08-06
29,72000,RENT,3.0,HOMEIMPROVEMENT,E,4000,18.79,0,0.06,N,6,2024-05-18
32,72000,RENT,6.0,HOMEIMPROVEMENT,B,4000,10.0,0,0.06,N,6,2024-11-27
31,72000,RENT,15.0,EDUCATION,B,4000,9.99,0,0.06,N,5,2024-06-22
27,40000,MORTGAGE,7.0,HOMEIMPROVEMENT,B,14675,12.69,0,0.37,N,10,2024-09-07
31,75000,RENT,4.0,MEDICAL,C,4000,13.49,0,0.05,Y,8,2024-08-04
29,75000,RENT,2.0,DEBTCONSOLIDATION,A,4000,8.49,0,0.05,N,6,2024-12-30
29,75000,RENT,4.0,HOMEIMPROVEMENT,C,4000,12.68,0,0.05,N,5,2024-08-01
30,40000,MORTGAGE,8.0,HOMEIMPROVEMENT,B,8600,10.65,0,0.21,N,6,2024-06-09
32,75250,RENT,1.0,DEBTCONSOLIDATION,C,4000,12.99,0,0.05,N,7,2024-11-13
33,78000,RENT,5.0,MEDICAL,A,4000,7.14,0,0.05,N,7,2024-10-08
32,78000,RENT,1.0,MEDICAL,B,4000,9.88,0,0.05,N,6,2024-11-21
27,80000,RENT,3.0,DEBTCONSOLIDATION,B,4000,12.69,0,0.05,N,8,2024-02-04
28,34000,MORTGAGE,2.0,MEDICAL,B,8000,12.69,1,0.24,N,9,2024-02-07
32,82350,RENT,16.0,MEDICAL,B,4000,9.91,0,0.05,N,9,2024-07-26
33,84996,RENT,2.0,EDUCATION,A,4000,8.59,0,0.05,N,6,2024-11-13
27,86095,RENT,5.0,HOMEIMPROVEMENT,C,4000,13.99,0,0.05,N,8,2024-02-05
27,34000,MORTGAGE,6.0,HOMEIMPROVEMENT,B,8875,10.65,1,0.26,N,9,2024-05-11
31,40000,MORTGAGE,4.0,DEBTCONSOLIDATION,B,4625,12.42,0,0.12,N,5,2024-02-21
31,91000,RENT,12.0,EDUCATION,A,4000,7.66,0,0.04,N,6,2024-11-06
32,95000,RENT,16.0,HOMEIMPROVEMENT,A,4000,7.49,0,0.04,N,8,2024-08-10
30,96000,RENT,1.0,VENTURE,B,4000,10.75,0,0.04,N,5,2024-11-15
29,100000,RENT,7.0,HOMEIMPROVEMENT,B,4000,11.013786929274843,0,0.04,N,7,2024-06-01
31,40000,MORTGAGE,5.0,HOMEIMPROVEMENT,A,14000,6.03,0,0.35,N,7,2024-08-20
27,79050,RENT,11.0,MEDICAL,D,4000,14.46,1,0.04,N,9,2024-09-21
30,40000,MORTGAGE,9.0,DEBTCONSOLIDATION,B,3000,11.71,0,0.07,N,7,2024-04-09
32,107000,RENT,4.0,MEDICAL,C,4000,13.98,0,0.04,N,7,2024-08-02
32,96000,RENT,14.0,DEBTCONSOLIDATION,E,4000,17.93,1,0.04,Y,9,2024-10-11
28,98000,RENT,6.0,EDUCATION,A,4000,7.51,1,0.04,N,7,2024-07-03
28,110000,RENT,3.0,DEBTCONSOLIDATION,B,4000,12.18,0,0.04,N,9,2024-07-24
32,115000,RENT,2.0,EDUCATION,B,4000,12.69,0,0.03,N,10,2024-08-04
28,125000,RENT,1.0,DEBTCONSOLIDATION,C,4000,13.35,0,0.03,Y,5,2024-03-11
28,135000,RENT,5.0,VENTURE,B,4000,12.42,0,0.03,N,5,2024-10-10
27,138000,RENT,2.0,DEBTCONSOLIDATION,B,4000,11.71,1,0.03,N,10,2024-08-17
30,34000,MORTGAGE,8.0,PERSONAL,A,12000,11.013786929274843,1,0.35,N,10,2024-11-04
31,26400,RENT,7.0,PERSONAL,B,4200,11.013786929274843,0,0.16,N,9,2024-01-30
31,40000,OWN,2.0,EDUCATION,B,2200,11.013786929274843,0,0.06,N,7,2024-05-18
28,40000,MORTGAGE,1.0,VENTURE,C,2400,13.49,0,0.06,N,10,2024-10-14
29,70000,RENT,2.0,PERSONAL,A,4350,11.013786929274843,0,0.06,N,8,2024-03-31
35,78000,RENT,1.0,PERSONAL,C,4350,15.27,1,0.06,N,6,2024-10-01
32,42500,RENT,3.0,PERSONAL,C,4375,12.23,0,0.1,Y,5,2024-08-09
35,130000,RENT,6.0,VENTURE,B,4375,11.013786929274843,0,0.03,N,7,2024-03-31
29,20064,RENT,3.0,MEDICAL,C,4400,13.92,0,0.22,Y,7,2024-09-07
28,40000,MORTGAGE,12.0,HOMEIMPROVEMENT,A,15000,5.99,0,0.38,N,9,2024-06-11
31,30000,RENT,10.0,VENTURE,D,4400,15.62,0,0.15,N,8,2024-04-07
30,40000,MORTGAGE,5.0,HOMEIMPROVEMENT,A,9600,8.49,0,0.24,N,10,2024-03-24
29,30000,RENT,3.0,MEDICAL,B,4400,11.49,0,0.15,N,6,2024-04-19
33,37440,RENT,5.0,PERSONAL,B,4400,11.71,0,0.12,N,10,2024-01-23
32,52256,RENT,13.0,PERSONAL,B,4400,11.013786929274843,0,0.08,N,5,2024-07-10
29,40000,MORTGAGE,13.0,VENTURE,A,1400,5.99,0,0.04,N,9,2024-10-27
30,54000,RENT,14.0,PERSONAL,D,4425,17.49,0,0.08,Y,9,2024-06-21
28,40000,MORTGAGE,12.0,HOMEIMPROVEMENT,A,11200,5.42,0,0.28,N,9,2024-05-27
29,40000,MORTGAGE,9.0,VENTURE,A,5000,6.99,0,0.13,N,9,2024-04-10
32,40000,MORTGAGE,12.0,EDUCATION,B,9000,10.59,0,0.23,N,7,2024-08-20
28,40000,OWN,2.0,EDUCATION,A,3600,6.99,0,0.09,N,10,2024-05-17
29,13200,RENT,3.0,VENTURE,D,4475,16.89,1,0.34,N,9,2024-03-31
28,43680,RENT,3.0,EDUCATION,C,4475,15.27,0,0.1,N,8,2024-12-07
29,12000,RENT,1.0,EDUCATION,D,4500,15.05,1,0.38,N,9,2024-08-14
27,40000,MORTGAGE,6.0,HOMEIMPROVEMENT,A,4200,5.99,0,0.1,N,5,2024-06-06
33,40000,MORTGAGE,12.0,PERSONAL,A,3200,5.42,0,0.08,N,8,2024-10-09
32,34000,MORTGAGE,4.0,HOMEIMPROVEMENT,A,7500,5.99,1,0.22,N,7,2024-04-29
28,40000,MORTGAGE,2.0,VENTURE,B,5000,11.013786929274843,0,0.13,N,10,2024-03-10
32,40000,MORTGAGE,16.0,DEBTCONSOLIDATION,A,16000,5.99,0,0.4,N,10,2024-11-01
33,40000,MORTGAGE,17.0,PERSONAL,C,6000,12.68,0,0.15,Y,9,2024-05-11
28,40000,MORTGAGE,1.0,MEDICAL,A,10000,7.29,0,0.25,N,10,2024-05-22
34,19600,RENT,3.0,PERSONAL,B,4500,10.59,1,0.23,N,9,2024-01-06
34,40000,OWN,2.0,EDUCATION,B,2000,10.74,0,0.05,N,6,2024-12-15
35,40000,OWN,5.0,VENTURE,A,8000,7.66,0,0.2,N,6,2024-06-03
34,40000,MORTGAGE,11.0,VENTURE,A,6000,7.29,0,0.15,N,7,2024-05-08
27,40000,MORTGAGE,11.0,DEBTCONSOLIDATION,A,4000,5.79,0,0.1,N,5,2024-10-26
32,27000,RENT,5.0,EDUCATION,C,4500,13.11,0,0.17,Y,5,2024-02-11
29,28800,RENT,5.0,PERSONAL,A,4500,7.88,0,0.16,N,5,2024-07-10
28,29496,RENT,8.0,EDUCATION,D,4500,14.11,0,0.15,Y,7,2024-12-24
30,30000,RENT,3.0,EDUCATION,C,4500,13.92,0,0.15,N,8,2024-10-28
35,30555,RENT,4.0,MEDICAL,C,4500,13.22,0,0.15,N,10,2024-08-28
28,32640,RENT,3.0,MEDICAL,A,4500,7.14,0,0.14,N,8,2024-11-03
34,33000,RENT,5.0,DEBTCONSOLIDATION,A,4500,11.013786929274843,0,0.14,N,9,2024-10-24
27,35000,RENT,1.0,VENTURE,A,4500,7.66,0,0.13,N,7,2024-01-21
30,36000,RENT,6.0,DEBTCONSOLIDATION,C,4500,13.49,0,0.13,Y,6,2024-07-01
31,36000,RENT,7.0,EDUCATION,B,4500,9.99,0,0.13,N,10,2024-06-26
27,36000,RENT,11.0,VENTURE,A,4500,7.49,0,0.13,N,5,2024-03-04
28,37000,RENT,2.0,VENTURE,B,4500,11.11,0,0.12,N,6,2024-03-18
31,40000,MORTGAGE,5.0,HOMEIMPROVEMENT,B,11000,9.99,0,0.28,N,8,2024-04-12
28,34000,MORTGAGE,12.0,HOMEIMPROVEMENT,A,3700,6.91,1,0.11,N,8,2024-05-30
32,39000,RENT,4.0,MEDICAL,B,4500,9.91,0,0.12,N,7,2024-11-03
35,39000,RENT,8.0,DEBTCONSOLIDATION,A,4500,6.62,0,0.12,N,6,2024-06-28
28,39600,RENT,6.0,VENTURE,B,4500,10.25,0,0.11,N,10,2024-02-14
30,40000,RENT,4.0,VENTURE,C,4500,14.26,0,0.11,Y,6,2024-03-24
33,40000,OWN,2.0,MEDICAL,A,14000,6.91,0,0.35,N,8,2024-06-29
28,34000,MORTGAGE,7.0,HOMEIMPROVEMENT,C,2500,12.23,1,0.07,Y,9,2024-04-15
28,39000,RENT,8.0,EDUCATION,C,4500,13.49,1,0.12,N,9,2024-08-02
31,47000,RENT,4.0,DEBTCONSOLIDATION,C,4500,11.03,0,0.1,Y,7,2024-09-29
33,47360,RENT,5.0,PERSONAL,D,4500,15.58,0,0.1,N,5,2024-06-08
31,47400,RENT,3.0,MEDICAL,B,4500,10.36,0,0.09,N,5,2024-03-27
28,48000,RENT,4.0,PERSONAL,B,4500,11.71,0,0.09,N,7,2024-12-30
28,34000,MORTGAGE,12.0,MEDICAL,D,3500,15.58,1,0.1,N,6,2024-08-30
27,43200,RENT,2.0,DEBTCONSOLIDATION,D,4500,16.07,1,0.1,Y,5,2024-05-25
31,50000,RENT,5.0,PERSONAL,B,4500,9.99,0,0.09,N,5,2024-08-07
30,50000,RENT,3.0,VENTURE,C,4500,13.11,0,0.09,Y,7,2024-08-19
34,45000,RENT,2.0,PERSONAL,E,4500,16.95,1,0.1,N,10,2024-03-30
29,52000,RENT,11.0,PERSONAL,B,4500,9.91,0,0.09,N,10,2024-09-17
27,40000,MORTGAGE,4.0,HOMEIMPROVEMENT,C,8000,14.72,0,0.2,N,9,2024-02-20
29,40000,MORTGAGE,13.0,PERSONAL,B,25000,11.86,0,0.63,N,7,2024-03-10
28,49000,RENT,12.0,HOMEIMPROVEMENT,C,4500,14.27,1,0.09,N,10,2024-03-01
29,49362,RENT,3.0,HOMEIMPROVEMENT,C,4500,12.61,1,0.09,N,6,2024-05-16
27,60000,RENT,6.0,DEBTCONSOLIDATION,B,4500,12.69,0,0.07,N,7,2024-05-21
29,40000,MORTGAGE,5.0,DEBTCONSOLIDATION,C,4000,14.35,0,0.1,Y,6,2024-09-15
27,60000,RENT,5.0,VENTURE,C,4500,14.22,0,0.07,N,8,2024-10-02
30,61828,RENT,10.0,PERSONAL,E,4500,18.39,0,0.07,N,8,2024-04-20
29,70000,RENT,4.0,VENTURE,A,4500,6.62,0,0.06,N,9,2024-06-08
29,70000,RENT,2.0,PERSONAL,A,4500,5.42,0,0.06,N,9,2024-03-04
29,74100,RENT,3.0,HOMEIMPROVEMENT,C,4500,13.61,0,0.06,Y,6,2024-10-21
29,91500,RENT,2.0,MEDICAL,B,4500,10.65,0,0.05,N,5,2024-11-02
33,40000,MORTGAGE,4.0,EDUCATION,A,5000,7.51,0,0.13,N,8,2024-11-08
27,40000,MORTGAGE,7.0,VENTURE,A,13000,7.88,0,0.33,N,7,2024-08-03
31,17000,RENT,3.0,VENTURE,B,4575,11.48,1,0.27,N,7,2024-08-04
29,40000,MORTGAGE,13.0,PERSONAL,A,6400,7.51,0,0.16,N,6,2024-05-11
27,34000,RENT,9.0,PERSONAL,D,4600,11.013786929274843,0,0.14,Y,6,2024-10-06
28,48000,RENT,2.0,VENTURE,B,4600,11.86,0,0.1,N,8,2024-08-05
30,50000,RENT,6.0,VENTURE,B,4600,11.49,0,0.09,N,7,2024-08-05
34,40000,OWN,7.0,MEDICAL,A,4200,6.76,0,0.1,N,7,2024-10-04
28,60000,RENT,12.0,DEBTCONSOLIDATION,A,4600,7.88,0,0.08,N,6,2024-10-12
32,150000,RENT,14.0,MEDICAL,B,4600,9.62,0,0.03,N,6,2024-01-10
32,37000,RENT,3.0,HOMEIMPROVEMENT,C,4650,13.49,1,0.13,N,7,2024-06-05
33,65000,RENT,1.0,EDUCATION,B,4700,9.45,0,0.07,N,7,2024-10-25
33,40000,MORTGAGE,4.0,PERSONAL,A,12000,11.013786929274843,0,0.3,N,5,2024-09-04
27,14000,RENT,5.0,HOMEIMPROVEMENT,B,4750,10.0,1,0.34,N,9,2024-01-05
31,14400,RENT,3.0,HOMEIMPROVEMENT,D,4750,14.59,1,0.33,Y,8,2024-09-10
34,19200,RENT,12.0,DEBTCONSOLIDATION,B,4750,11.83,1,0.25,N,10,2024-11-14
32,20000,RENT,3.0,DEBTCONSOLIDATION,B,4750,10.37,0,0.24,N,8,2024-11-02
28,27840,RENT,5.0,PERSONAL,C,4750,13.57,0,0.17,N,5,2024-05-03
27,40000,OWN,3.0,PERSONAL,A,5000,8.59,0,0.13,N,7,2024-11-10
30,31000,RENT,7.0,MEDICAL,D,4750,14.84,1,0.15,N,9,2024-12-24
31,60000,RENT,2.0,PERSONAL,A,4750,5.99,0,0.08,N,5,2024-09-08
28,14400,RENT,2.0,VENTURE,C,4800,14.65,1,0.33,Y,9,2024-06-09
35,14400,RENT,2.0,VENTURE,B,4800,10.62,1,0.33,N,7,2024-12-25
29,40000,MORTGAGE,9.0,EDUCATION,C,1400,14.26,0,0.04,Y,5,2024-08-16
30,34000,MORTGAGE,14.0,VENTURE,D,6000,14.96,1,0.18,Y,6,2024-12-01
28,15000,RENT,1.0,MEDICAL,B,4800,10.99,1,0.32,N,8,2024-11-08
28,19200,RENT,4.0,VENTURE,C,4800,11.013786929274843,1,0.25,N,6,2024-02-25
28,20000,RENT,2.0,MEDICAL,A,4800,11.013786929274843,0,0.24,N,8,2024-11-29
29,40000,MORTGAGE,8.0,EDUCATION,A,8000,8.59,0,0.2,N,10,2024-08-27
27,40000,MORTGAGE,4.0,EDUCATION,A,3500,9.63,0,0.09,N,9,2024-09-03
31,22000,RENT,6.0,EDUCATION,B,4800,10.65,0,0.22,N,10,2024-08-24
33,40000,MORTGAGE,1.0,PERSONAL,A,7200,9.32,0,0.18,N,8,2024-08-18
29,40000,MORTGAGE,3.0,MEDICAL,A,6600,8.0,0,0.17,N,10,2024-04-01
28,40000,MORTGAGE,6.0,PERSONAL,A,10000,9.32,0,0.25,N,8,2024-06-28
33,34000,MORTGAGE,8.0,HOMEIMPROVEMENT,D,6000,14.11,1,0.18,N,9,2024-02-28
28,22884,RENT,4.0,DEBTCONSOLIDATION,B,4800,10.38,0,0.21,N,7,2024-11-26
33,40000,MORTGAGE,2.0,PERSONAL,B,6000,12.21,0,0.15,N,10,2024-04-17
33,40000,MORTGAGE,3.0,EDUCATION,C,9000,13.16,0,0.23,N,5,2024-05-01
28,40000,MORTGAGE,10.0,DEBTCONSOLIDATION,B,10000,11.26,0,0.25,N,6,2024-08-05
29,40000,OTHER,1.0,MEDICAL,A,10000,8.0,0,0.25,N,10,2024-11-09
28,29004,RENT,5.0,VENTURE,C,4800,15.23,0,0.17,Y,7,2024-04-17
31,30000,RENT,2.0,PERSONAL,D,4800,14.84,1,0.16,Y,8,2024-01-03
28,30000,RENT,1.0,EDUCATION,C,4800,13.47,0,0.16,N,8,2024-09-18
30,31000,RENT,1.0,MEDICAL,C,4800,13.43,0,0.15,Y,5,2024-04-11
31,40000,MORTGAGE,4.0,MEDICAL,C,12650,11.34,0,0.32,N,9,2024-02-26
29,33600,RENT,3.0,EDUCATION,A,4800,5.79,0,0.14,N,9,2024-07-12
28,33763,RENT,5.0,MEDICAL,A,4800,7.14,0,0.14,N,5,2024-05-27
28,34000,RENT,1.0,VENTURE,B,4800,11.49,0,0.14,N,7,2024-11-06
32,29000,RENT,17.0,PERSONAL,D,4800,16.29,1,0.17,Y,7,2024-03-06
33,40056,MORTGAGE,5.0,VENTURE,B,16750,9.88,0,0.42,N,6,2024-02-15
28,35000,RENT,2.0,MEDICAL,C,4800,13.49,0,0.14,N,5,2024-06-21
27,35000,RENT,3.0,MEDICAL,B,4800,9.99,0,0.14,N,8,2024-12-22
28,40200,MORTGAGE,5.0,EDUCATION,A,1900,5.99,0,0.05,N,10,2024-08-08
27,40250,MORTGAGE,5.0,HOMEIMPROVEMENT,B,5600,11.013786929274843,0,0.14,N,7,2024-05-26
28,36000,RENT,1.0,MEDICAL,C,4800,12.61,0,0.13,N,9,2024-10-10
28,34300,MORTGAGE,1.0,MEDICAL,D,6125,16.89,1,0.18,N,10,2024-03-01
32,36400,RENT,3.0,EDUCATION,D,4800,14.11,0,0.13,Y,6,2024-07-02
32,32400,RENT,4.0,HOMEIMPROVEMENT,B,4800,9.99,1,0.15,N,6,2024-11-20
35,32900,RENT,4.0,HOMEIMPROVEMENT,C,4800,13.23,1,0.15,Y,9,2024-07-05
27,40000,RENT,4.0,DEBTCONSOLIDATION,B,4800,11.71,0,0.12,N,8,2024-10-09
30,40000,RENT,3.0,EDUCATION,C,4800,12.68,0,0.12,N,5,2024-07-09
28,42000,RENT,5.0,MEDICAL,B,4800,12.42,0,0.11,N,9,2024-08-13
27,44000,RENT,6.0,VENTURE,A,4800,7.51,0,0.11,N,10,2024-07-20
28,38100,RENT,6.0,DEBTCONSOLIDATION,B,4800,9.63,1,0.13,N,10,2024-01-26
27,40560,MORTGAGE,8.0,DEBTCONSOLIDATION,A,3000,7.29,0,0.07,N,8,2024-02-16
27,40700,MORTGAGE,8.0,EDUCATION,D,20400,11.013786929274843,0,0.5,N,8,2024-11-17
32,40704,MORTGAGE,9.0,HOMEIMPROVEMENT,B,10000,9.63,0,0.25,N,7,2024-12-21
31,40740,MORTGAGE,16.0,HOMEIMPROVEMENT,A,6400,8.49,0,0.16,N,6,2024-06-18
33,45000,RENT,1.0,DEBTCONSOLIDATION,B,4800,10.59,0,0.11,N,8,2024-06-06
29,40777,MORTGAGE,4.0,PERSONAL,D,8000,14.91,0,0.2,Y,8,2024-09-27
27,40800,MORTGAGE,6.0,HOMEIMPROVEMENT,B,8000,12.69,0,0.2,N,6,2024-01-15
28,40800,MORTGAGE,12.0,EDUCATION,A,6700,6.99,0,0.16,N,8,2024-12-08
27,40800,MORTGAGE,4.0,EDUCATION,B,6000,11.49,0,0.15,N,10,2024-06-30
29,40800,MORTGAGE,11.0,HOMEIMPROVEMENT,C,3200,14.22,0,0.08,Y,10,2024-11-01
30,49000,RENT,1.0,EDUCATION,C,4800,13.79,0,0.1,Y,9,2024-01-12
27,49200,RENT,4.0,DEBTCONSOLIDATION,C,4800,14.65,0,0.1,N,7,2024-12-21
34,50000,RENT,8.0,EDUCATION,B,4800,11.013786929274843,0,0.1,N,10,2024-05-27
28,50000,RENT,1.0,PERSONAL,B,4800,10.37,0,0.1,N,10,2024-01-08
30,51000,RENT,14.0,MEDICAL,B,4800,12.69,0,0.09,N,10,2024-04-08
29,34999,MORTGAGE,8.0,DEBTCONSOLIDATION,D,6250,15.95,1,0.18,Y,9,2024-09-17
31,54000,RENT,1.0,MEDICAL,C,4800,12.99,0,0.09,Y,10,2024-11-03
30,54000,RENT,2.0,VENTURE,C,4800,13.23,0,0.09,N,8,2024-03-08
30,54996,RENT,2.0,MEDICAL,A,4800,6.03,0,0.09,N,8,2024-09-30
28,49000,RENT,6.0,DEBTCONSOLIDATION,D,4800,15.99,1,0.1,N,5,2024-06-23
30,56000,RENT,7.0,HOMEIMPROVEMENT,C,4800,13.92,0,0.09,Y,9,2024-07-09
29,56048,RENT,4.0,PERSONAL,A,4800,6.39,0,0.09,N,6,2024-10-16
28,57408,RENT,2.0,HOMEIMPROVEMENT,B,4800,11.99,0,0.08,N,6,2024-06-20
27,60000,RENT,3.0,PERSONAL,C,4800,13.35,0,0.08,Y,9,2024-08-28
30,61000,RENT,4.0,MEDICAL,C,4800,14.79,0,0.08,N,10,2024-07-13
28,56000,RENT,5.0,DEBTCONSOLIDATION,E,4800,16.45,1,0.09,N,7,2024-12-01
34,57000,RENT,7.0,DEBTCONSOLIDATION,C,4800,11.013786929274843,1,0.08,Y,10,2024-01-15
31,57996,RENT,4.0,PERSONAL,D,4800,15.58,1,0.08,Y,9,2024-06-07
29,41000,OWN,6.0,MEDICAL,B,5000,11.99,0,0.12,N,5,2024-05-08
29,64744,RENT,13.0,EDUCATION,B,4800,11.013786929274843,0,0.07,N,6,2024-02-07
33,41000,MORTGAGE,6.0,MEDICAL,A,9000,11.013786929274843,0,0.22,N,9,2024-10-04
33,66000,RENT,5.0,HOMEIMPROVEMENT,C,4800,13.57,0,0.07,N,7,2024-04-19
28,66560,RENT,4.0,PERSONAL,B,4800,10.36,0,0.07,N,5,2024-02-09
27,35000,MORTGAGE,3.0,MEDICAL,E,6000,16.69,1,0.17,N,8,2024-04-11
29,41000,MORTGAGE,7.0,VENTURE,A,6000,5.79,0,0.15,N,8,2024-09-13
27,68004,RENT,2.0,MEDICAL,B,4800,12.21,0,0.07,N,5,2024-12-01
29,69000,RENT,13.0,MEDICAL,B,4800,11.11,0,0.07,N,10,2024-04-08
30,41000,MORTGAGE,1.0,HOMEIMPROVEMENT,C,10000,12.73,0,0.24,Y,10,2024-09-29
35,80000,RENT,5.0,DEBTCONSOLIDATION,A,4800,7.49,0,0.06,N,9,2024-08-30
34,96900,RENT,1.0,DEBTCONSOLIDATION,A,4800,5.42,0,0.05,N,10,2024-08-17
27,41000,MORTGAGE,3.0,PERSONAL,A,10000,8.59,0,0.24,N,8,2024-11-10
28,118000,RENT,7.0,DEBTCONSOLIDATION,A,4800,8.9,0,0.04,N,6,2024-01-13
29,300000,RENT,5.0,PERSONAL,B,4800,10.99,0,0.02,N,6,2024-09-12
32,41000,MORTGAGE,2.0,PERSONAL,D,8000,15.05,0,0.2,N,9,2024-08-07
32,64052,RENT,3.0,HOMEIMPROVEMENT,B,4875,10.74,0,0.08,N,9,2024-01-28
30,41000,MORTGAGE,14.0,HOMEIMPROVEMENT,B,18000,9.01,0,0.44,N,7,2024-10-18
28,23350,RENT,8.0,MEDICAL,A,4900,7.88,0,0.21,N,6,2024-12-18
31,41004,MORTGAGE,5.0,DEBTCONSOLIDATION,A,4000,11.013786929274843,0,0.1,N,5,2024-12-04
34,41004,MORTGAGE,5.0,HOMEIMPROVEMENT,C,16000,11.78,0,0.39,N,5,2024-05-08
27,96000,RENT,3.0,HOMEIMPROVEMENT,A,10000,7.88,0,0.1,N,10,2024-11-16
33,35050,MORTGAGE,15.0,MEDICAL,A,8000,8.32,1,0.23,N,6,2024-08-20
31,41053,MORTGAGE,1.0,PERSONAL,A,12000,11.013786929274843,0,0.29,N,7,2024-01-03
29,96500,RENT,13.0,PERSONAL,B,10000,8.88,0,0.1,N,8,2024-10-14
27,98004,RENT,8.0,HOMEIMPROVEMENT,A,10000,6.54,0,0.1,N,10,2024-09-20
35,41235,OWN,7.0,MEDICAL,A,3000,7.14,0,0.07,N,9,2024-07-16
28,88000,RENT,3.0,PERSONAL,B,10000,10.65,1,0.11,N,9,2024-02-19
31,100000,RENT,2.0,VENTURE,A,10000,8.49,0,0.1,N,5,2024-03-29
31,100000,RENT,5.0,VENTURE,A,10000,11.013786929274843,0,0.1,N,8,2024-10-03
28,100000,RENT,1.0,EDUCATION,A,10000,7.51,0,0.1,N,7,2024-02-29
29,100000,RENT,4.0,VENTURE,A,10000,9.63,0,0.1,N,9,2024-06-07
30,102000,RENT,3.0,HOMEIMPROVEMENT,A,10000,6.03,0,0.1,N,8,2024-02-26
32,41464,MORTGAGE,16.0,DEBTCONSOLIDATION,A,3500,8.32,0,0.08,N,9,2024-05-31
34,35496,MORTGAGE,15.0,EDUCATION,C,2800,14.17,1,0.08,Y,7,2024-03-04
32,76500,RENT,12.0,MEDICAL,D,10000,13.24,1,0.11,Y,9,2024-08-30
27,41500,OWN,11.0,VENTURE,A,4500,7.49,0,0.11,N,5,2024-01-21
27,103000,RENT,9.0,HOMEIMPROVEMENT,A,10000,8.59,0,0.1,N,10,2024-12-21
28,103241,RENT,2.0,DEBTCONSOLIDATION,B,10000,9.88,0,0.1,N,8,2024-09-19
30,108000,RENT,2.0,PERSONAL,B,10000,10.65,0,0.09,N,5,2024-08-15
31,110000,RENT,4.0,HOMEIMPROVEMENT,D,10000,15.99,0,0.09,Y,9,2024-06-11
32,41600,MORTGAGE,2.0,VENTURE,B,13200,11.71,0,0.32,N,7,2024-04-28
28,110000,RENT,2.0,HOMEIMPROVEMENT,C,10000,13.22,0,0.09,N,5,2024-09-04
33,110000,RENT,3.0,DEBTCONSOLIDATION,C,10000,13.57,0,0.09,Y,10,2024-10-17
34,41600,MORTGAGE,16.0,DEBTCONSOLIDATION,A,17500,6.17,0,0.42,N,6,2024-11-17
30,41600,MORTGAGE,2.0,EDUCATION,A,4500,6.76,0,0.11,N,9,2024-07-29
30,41604,MORTGAGE,7.0,VENTURE,B,15000,10.0,0,0.36,N,9,2024-01-15
28,41700,MORTGAGE,7.0,VENTURE,B,7750,12.21,0,0.19,N,9,2024-09-25
27,117000,RENT,2.0,EDUCATION,A,10000,8.0,0,0.09,N,10,2024-10-02
30,118000,RENT,5.0,HOMEIMPROVEMENT,A,10000,7.14,0,0.08,N,7,2024-03-06
33,41916,MORTGAGE,2.0,VENTURE,B,7000,10.36,0,0.17,N,8,2024-01-23
34,41979,MORTGAGE,14.0,EDUCATION,C,8150,15.23,0,0.19,N,10,2024-12-01
30,120000,RENT,3.0,HOMEIMPROVEMENT,E,10000,17.04,0,0.08,N,5,2024-08-05
28,125000,RENT,5.0,EDUCATION,B,10000,9.99,0,0.08,N,9,2024-04-25
30,125000,RENT,3.0,HOMEIMPROVEMENT,B,10000,10.74,0,0.08,N,6,2024-07-08
28,42000,MORTGAGE,5.0,HOMEIMPROVEMENT,B,5375,10.65,0,0.13,N,7,2024-10-06
27,125000,RENT,5.0,VENTURE,B,10000,10.62,0,0.08,N,6,2024-12-19
27,130000,RENT,3.0,MEDICAL,B,10000,11.49,0,0.08,N,10,2024-10-29
27,130000,RENT,6.0,EDUCATION,A,10000,7.74,0,0.08,N,5,2024-06-02
29,130000,RENT,1.0,EDUCATION,C,10000,14.26,0,0.08,N,5,2024-12-09
27,130000,RENT,2.0,VENTURE,C,10000,13.47,0,0.08,Y,6,2024-05-10
28,42000,OWN,4.0,PERSONAL,C,8000,15.96,0,0.19,N,7,2024-08-09
31,120600,RENT,5.0,VENTURE,C,10000,13.49,1,0.08,N,5,2024-05-02
32,128000,RENT,11.0,VENTURE,C,10000,13.85,1,0.08,Y,5,2024-06-19
32,140900,RENT,1.0,PERSONAL,C,10000,14.79,0,0.07,Y,9,2024-03-27
33,42000,MORTGAGE,3.0,DEBTCONSOLIDATION,A,13000,7.9,0,0.31,N,6,2024-07-06
28,144000,RENT,12.0,PERSONAL,B,10000,9.99,0,0.07,N,5,2024-06-01
30,148000,RENT,8.0,PERSONAL,D,10000,13.55,0,0.07,N,9,2024-04-13
27,160000,RENT,3.0,EDUCATION,E,10000,16.32,0,0.06,Y,9,2024-01-17
34,42000,MORTGAGE,1.0,DEBTCONSOLIDATION,C,10000,14.65,0,0.24,N,6,2024-02-19
27,36000,MORTGAGE,8.0,HOMEIMPROVEMENT,A,12500,6.03,1,0.35,N,7,2024-04-20
27,42000,OWN,4.0,EDUCATION,C,10000,14.65,0,0.24,N,7,2024-06-08
27,275000,RENT,7.0,HOMEIMPROVEMENT,D,10000,14.91,0,0.04,Y,10,2024-01-20
30,42000,OWN,7.0,EDUCATION,A,1200,6.62,0,0.03,N,8,2024-05-30
32,25404,RENT,16.0,EDUCATION,C,9950,12.68,1,0.39,Y,7,2024-06-09
32,25200,RENT,9.0,MEDICAL,A,4900,6.17,0,0.19,N,6,2024-09-18
28,42000,MORTGAGE,12.0,VENTURE,A,7300,11.013786929274843,0,0.17,N,9,2024-04-09
27,30000,RENT,11.0,MEDICAL,B,4900,11.71,0,0.16,N,5,2024-09-24
30,93500,RENT,3.0,EDUCATION,C,9925,12.09,0,0.11,Y,7,2024-05-27
28,39000,RENT,3.0,VENTURE,B,9900,10.95,0,0.25,N,6,2024-07-05
31,41303,RENT,4.0,PERSONAL,B,9900,11.89,0,0.24,N,10,2024-02-18
27,50000,RENT,1.0,PERSONAL,C,9900,14.35,0,0.2,N,5,2024-11-05
32,70000,RENT,2.0,PERSONAL,A,9850,7.75,0,0.14,N,9,2024-06-02
30,38400,RENT,2.0,PERSONAL,B,9800,11.48,0,0.26,N,5,2024-09-22
27,48000,RENT,7.0,EDUCATION,A,9800,8.59,0,0.2,N,5,2024-10-10
31,42000,MORTGAGE,3.0,MEDICAL,A,9000,6.99,0,0.21,N,8,2024-03-12
35,36000,MORTGAGE,4.0,EDUCATION,B,16000,10.99,1,0.44,N,8,2024-05-09
28,42000,MORTGAGE,5.0,HOMEIMPROVEMENT,A,6000,5.42,0,0.14,N,9,2024-01-22
27,42000,MORTGAGE,11.0,PERSONAL,A,3500,8.49,0,0.08,N,9,2024-09-05
31,20800,RENT,3.0,MEDICAL,D,9750,17.19,1,0.47,Y,6,2024-02-17
28,21600,RENT,4.0,VENTURE,D,9750,11.013786929274843,1,0.45,N,10,2024-01-20
28,32400,RENT,3.0,MEDICAL,D,4900,14.12,1,0.15,N,7,2024-02-05
27,43000,RENT,8.0,VENTURE,B,4900,9.91,0,0.11,N,5,2024-11-24
33,38000,RENT,10.0,EDUCATION,C,4900,10.28,1,0.13,Y,6,2024-12-03
29,64000,RENT,13.0,PERSONAL,C,4900,11.013786929274843,0,0.08,Y,10,2024-06-30
27,30000,RENT,5.0,PERSONAL,B,4975,10.37,0,0.17,N,10,2024-03-22
30,42000,OWN,8.0,MEDICAL,C,8000,12.99,0,0.19,N,9,2024-09-17
33,42000,MORTGAGE,2.0,PERSONAL,A,9050,7.49,0,0.22,N,7,2024-08-29
29,28000,RENT,2.0,MEDICAL,D,5000,16.07,1,0.18,N,8,2024-01-12
28,28800,RENT,2.0,VENTURE,B,5000,10.65,0,0.17,N,9,2024-03-02
32,28800,RENT,16.0,MEDICAL,B,5000,10.59,0,0.17,N,9,2024-07-19
31,28800,RENT,1.0,VENTURE,B,5000,9.25,0,0.17,N,7,2024-03-13
27,28800,RENT,6.0,EDUCATION,D,5000,14.96,0,0.17,Y,5,2024-06-19
27,28968,RENT,1.0,PERSONAL,C,5000,13.16,0,0.17,Y,5,2024-12-12
29,29000,RENT,3.0,VENTURE,C,5000,15.23,0,0.17,Y,7,2024-12-19
32,42000,MORTGAGE,16.0,DEBTCONSOLIDATION,A,10375,5.42,0,0.25,N,7,2024-12-09
28,42000,MORTGAGE,6.0,EDUCATION,B,5000,10.37,0,0.12,N,5,2024-04-08
33,42000,MORTGAGE,5.0,EDUCATION,A,9000,5.79,0,0.21,N,5,2024-12-17
34,42000,MORTGAGE,7.0,MEDICAL,B,7500,11.11,0,0.18,N,7,2024-09-29
31,30000,RENT,4.0,HOMEIMPROVEMENT,B,5000,9.91,1,0.17,N,5,2024-11-26
29,30000,RENT,3.0,MEDICAL,B,5000,11.49,0,0.17,N,9,2024-01-25
28,30000,RENT,1.0,PERSONAL,A,5000,6.17,0,0.17,N,6,2024-03-06
28,30000,RENT,3.0,MEDICAL,B,5000,9.88,0,0.17,N,8,2024-04-09
29,36000,MORTGAGE,6.0,PERSONAL,A,8000,6.54,1,0.22,N,8,2024-12-16
29,30000,RENT,3.0,VENTURE,A,5000,9.32,0,0.17,N,5,2024-08-16
30,30240,RENT,1.0,EDUCATION,C,5000,14.72,0,0.17,Y,10,2024-11-28
29,30796,RENT,13.0,MEDICAL,D,5000,14.96,0,0.16,Y,8,2024-11-28
32,30960,RENT,5.0,VENTURE,B,5000,11.49,0,0.16,N,10,2024-04-26
30,31000,RENT,1.0,VENTURE,B,5000,9.91,0,0.16,N,10,2024-02-12
29,31100,RENT,2.0,DEBTCONSOLIDATION,B,5000,9.63,0,0.16,N,8,2024-01-21
34,42000,OWN,1.0,VENTURE,A,22750,6.91,0,0.54,N,10,2024-05-02
35,31577,RENT,6.0,MEDICAL,B,5000,9.99,0,0.16,N,9,2024-05-09
28,42000,MORTGAGE,12.0,VENTURE,A,11000,5.42,0,0.26,N,7,2024-03-07
28,32000,RENT,5.0,MEDICAL,A,5000,6.99,0,0.16,N,7,2024-04-05
27,32400,RENT,7.0,MEDICAL,C,5000,11.013786929274843,0,0.15,N,6,2024-12-29
29,42000,OWN,13.0,MEDICAL,A,2500,6.76,0,0.06,N,5,2024-06-20
32,32496,RENT,4.0,EDUCATION,D,5000,11.013786929274843,0,0.15,N,6,2024-04-18
33,42000,MORTGAGE,12.0,VENTURE,A,6400,7.88,0,0.15,N,10,2024-07-11
27,32760,RENT,4.0,PERSONAL,D,5000,15.21,0,0.15,Y,9,2024-08-11
28,42000,MORTGAGE,4.0,PERSONAL,B,10000,10.75,0,0.24,N,9,2024-04-25
29,33000,RENT,6.0,MEDICAL,A,5000,8.9,0,0.15,N,7,2024-05-12
27,33000,RENT,9.0,PERSONAL,B,5000,10.0,0,0.15,N,10,2024-09-03
27,42000,OWN,3.0,PERSONAL,B,8500,10.38,0,0.2,N,7,2024-11-25
27,33000,RENT,4.0,EDUCATION,C,5000,14.22,0,0.15,Y,10,2024-12-26
29,42000,MORTGAGE,5.0,MEDICAL,C,2500,13.98,0,0.06,N,8,2024-01-14
28,33600,RENT,12.0,VENTURE,A,5000,5.42,0,0.15,N,8,2024-09-30
27,33600,RENT,8.0,MEDICAL,C,5000,12.87,0,0.15,Y,6,2024-07-15
29,42000,MORTGAGE,8.0,PERSONAL,C,7800,13.11,0,0.19,N,9,2024-12-01
30,42000,MORTGAGE,13.0,EDUCATION,D,3000,15.33,0,0.07,Y,9,2024-10-17
31,34000,RENT,3.0,DEBTCONSOLIDATION,A,5000,5.42,0,0.15,N,7,2024-10-02
27,34152,RENT,5.0,MEDICAL,C,5000,13.79,0,0.15,N,10,2024-08-16
28,42000,MORTGAGE,13.0,PERSONAL,D,8500,14.96,0,0.2,N,10,2024-05-28
35,34868,RENT,14.0,MEDICAL,E,5000,6.0,1,0.14,N,6,2024-11-20
31,35000,RENT,3.0,VENTURE,B,5000,10.65,0,0.14,N,5,2024-08-28
28,29000,RENT,1.0,PERSONAL,C,5000,15.96,1,0.17,Y,7,2024-02-07
27,35000,RENT,9.0,DEBTCONSOLIDATION,B,5000,11.49,0,0.14,N,8,2024-12-13
29,35000,RENT,1.0,MEDICAL,A,5000,11.013786929274843,0,0.14,N,9,2024-11-01
27,35004,RENT,7.0,MEDICAL,B,5000,10.75,0,0.14,N,8,2024-01-15
27,36000,MORTGAGE,9.0,DEBTCONSOLIDATION,E,15200,16.35,1,0.42,Y,6,2024-07-15
35,36000,RENT,3.0,DEBTCONSOLIDATION,A,5000,7.51,0,0.14,N,5,2024-08-22
32,42000,MORTGAGE,3.0,VENTURE,A,9000,7.74,0,0.21,N,8,2024-11-25
29,42000,MORTGAGE,9.0,HOMEIMPROVEMENT,A,2500,7.74,0,0.06,N,7,2024-08-09
27,30000,RENT,2.0,DEBTCONSOLIDATION,E,5000,17.99,1,0.17,Y,10,2024-05-26
29,42000,MORTGAGE,9.0,EDUCATION,B,8500,10.95,0,0.2,N,6,2024-12-21
27,36000,RENT,5.0,EDUCATION,B,5000,9.63,0,0.14,N,8,2024-04-19
28,42000,OWN,1.0,VENTURE,C,15000,13.47,0,0.36,N,9,2024-07-10
31,36000,RENT,2.0,MEDICAL,B,5000,10.36,0,0.14,N,9,2024-03-05
30,36000,RENT,2.0,VENTURE,B,5000,10.75,0,0.14,N,5,2024-09-16
32,36000,RENT,2.0,VENTURE,B,5000,11.83,0,0.14,N,10,2024-12-17
27,42000,MORTGAGE,2.0,VENTURE,C,20000,12.84,0,0.48,Y,7,2024-05-21
28,42000,OWN,2.0,MEDICAL,C,6000,12.84,0,0.14,N,9,2024-08-07
30,36933,RENT,2.0,PERSONAL,C,5000,11.91,0,0.14,Y,6,2024-09-23
32,42000,OWN,15.0,MEDICAL,B,1800,10.2,0,0.04,N,9,2024-05-01
32,37000,RENT,3.0,EDUCATION,B,5000,9.62,0,0.14,N,7,2024-09-07
32,37300,RENT,2.0,VENTURE,B,5000,12.53,0,0.13,N,9,2024-05-25
32,37500,RENT,6.0,MEDICAL,A,5000,6.03,0,0.13,N,9,2024-06-29
27,31513,RENT,11.0,HOMEIMPROVEMENT,A,5000,6.62,1,0.16,N,7,2024-05-07
28,36000,MORTGAGE,5.0,MEDICAL,E,15450,11.013786929274843,1,0.43,N,8,2024-08-06
32,37992,RENT,3.0,VENTURE,E,5000,16.35,0,0.13,N,5,2024-06-13
32,32000,RENT,6.0,DEBTCONSOLIDATION,D,5000,18.25,1,0.16,Y,7,2024-08-24
27,36082,MORTGAGE,5.0,EDUCATION,A,5000,6.62,1,0.14,N,9,2024-09-02
29,32000,RENT,1.0,PERSONAL,D,5000,14.84,1,0.16,N,8,2024-10-27
27,42162,OTHER,11.0,VENTURE,A,2400,7.74,0,0.06,N,8,2024-11-25
28,42200,MORTGAGE,5.0,VENTURE,B,13200,11.48,0,0.31,N,8,2024-05-17
29,32000,RENT,1.0,HOMEIMPROVEMENT,D,5000,11.013786929274843,1,0.16,N,10,2024-11-07
27,38004,RENT,8.0,MEDICAL,A,5000,9.63,0,0.13,N,10,2024-07-07
28,42240,OWN,2.0,MEDICAL,B,12000,11.86,0,0.28,N,6,2024-12-13
27,38250,RENT,1.0,MEDICAL,A,5000,7.51,0,0.13,N,5,2024-09-30
32,38300,RENT,4.0,MEDICAL,B,5000,10.25,0,0.13,N,9,2024-08-02
28,38400,RENT,3.0,DEBTCONSOLIDATION,C,5000,13.49,0,0.13,Y,6,2024-02-25
31,42300,OWN,15.0,VENTURE,A,2000,6.92,0,0.05,N,9,2024-02-14
28,38400,RENT,3.0,EDUCATION,C,5000,11.013786929274843,0,0.13,N,5,2024-10-19
27,38400,RENT,6.0,MEDICAL,B,5000,9.88,0,0.13,N,10,2024-05-13
33,38500,RENT,1.0,DEBTCONSOLIDATION,A,5000,7.14,0,0.13,N,10,2024-09-17
28,39000,RENT,3.0,VENTURE,B,5000,10.25,0,0.13,N,10,2024-05-04
27,42500,MORTGAGE,4.0,DEBTCONSOLIDATION,C,8000,13.06,0,0.19,N,5,2024-07-20
34,39996,RENT,1.0,PERSONAL,A,5000,7.51,0,0.13,N,6,2024-07-10
27,40000,RENT,9.0,PERSONAL,A,5000,8.49,0,0.13,N,8,2024-11-04
27,40000,RENT,1.0,MEDICAL,B,5000,11.99,0,0.13,N,9,2024-08-15
27,40000,RENT,3.0,EDUCATION,A,5000,7.29,0,0.13,N,5,2024-01-07
35,34000,RENT,7.0,EDUCATION,D,5000,16.32,1,0.15,N,6,2024-10-29
28,34000,RENT,1.0,VENTURE,C,5000,14.26,1,0.15,Y,9,2024-03-13
34,40000,RENT,2.0,VENTURE,B,5000,12.53,0,0.13,N,10,2024-05-10
34,42994,OWN,7.0,EDUCATION,D,7675,13.87,0,0.18,N,8,2024-03-20
27,34040,RENT,3.0,MEDICAL,B,5000,10.25,1,0.15,N,10,2024-10-13
27,40752,RENT,6.0,MEDICAL,C,5000,13.49,0,0.12,N,8,2024-08-05
35,40800,RENT,5.0,VENTURE,A,5000,6.54,0,0.12,N,5,2024-04-18
27,34900,RENT,3.0,MEDICAL,E,5000,16.7,1,0.14,Y,9,2024-04-26
29,41000,RENT,3.0,PERSONAL,B,5000,11.49,0,0.12,N,9,2024-02-13
31,41004,RENT,5.0,MEDICAL,D,5000,15.28,0,0.12,N,10,2024-08-29
28,42000,RENT,4.0,MEDICAL,A,5000,5.42,0,0.12,N,5,2024-02-19
29,42000,RENT,3.0,MEDICAL,D,5000,15.99,0,0.12,Y,6,2024-12-12
35,42000,RENT,6.0,MEDICAL,A,5000,6.99,0,0.12,N,10,2024-04-17
34,42000,RENT,17.0,VENTURE,B,5000,11.013786929274843,0,0.12,N,5,2024-04-08
27,42000,RENT,1.0,PERSONAL,B,5000,10.99,0,0.12,N,10,2024-08-19
28,43000,MORTGAGE,6.0,VENTURE,A,15000,6.03,0,0.35,N,5,2024-03-14
27,42000,RENT,7.0,MEDICAL,B,5000,11.11,0,0.12,N,9,2024-05-16
27,42000,RENT,7.0,DEBTCONSOLIDATION,A,5000,5.42,0,0.12,N,5,2024-08-17
31,42000,RENT,3.0,MEDICAL,B,5000,11.86,0,0.12,N,9,2024-05-28
30,42000,RENT,2.0,MEDICAL,B,5000,11.013786929274843,0,0.12,N,7,2024-05-31
28,43000,MORTGAGE,11.0,PERSONAL,C,5000,12.99,0,0.12,Y,5,2024-10-19
29,42000,RENT,1.0,PERSONAL,A,5000,11.013786929274843,0,0.12,N,6,2024-10-02
32,42000,RENT,4.0,DEBTCONSOLIDATION,B,5000,10.08,0,0.12,N,9,2024-12-01
28,42016,RENT,3.0,MEDICAL,B,5000,10.36,0,0.12,N,5,2024-11-18
27,42072,RENT,3.0,VENTURE,B,5000,11.49,0,0.12,N,10,2024-10-15
31,42100,RENT,4.0,DEBTCONSOLIDATION,B,5000,10.36,0,0.12,N,9,2024-04-26
32,36500,RENT,2.0,HOMEIMPROVEMENT,A,5000,6.91,1,0.14,N,5,2024-10-16
27,43000,MORTGAGE,11.0,VENTURE,A,17500,7.29,0,0.41,N,7,2024-10-18
27,42996,RENT,1.0,MEDICAL,C,5000,13.61,0,0.12,N,6,2024-01-24
28,43000,RENT,12.0,MEDICAL,B,5000,11.71,0,0.12,N,9,2024-09-20
31,43000,RENT,1.0,MEDICAL,B,5000,9.99,0,0.12,N,10,2024-03-04
28,43000,MORTGAGE,4.0,MEDICAL,A,13800,6.91,0,0.32,N,6,2024-02-24
33,43000,MORTGAGE,4.0,HOMEIMPROVEMENT,C,10000,13.35,0,0.23,Y,10,2024-01-05
28,38000,RENT,7.0,PERSONAL,C,5000,13.49,1,0.13,N,6,2024-06-28
28,44000,RENT,7.0,DEBTCONSOLIDATION,A,5000,5.42,0,0.11,N,7,2024-03-23
35,44908,RENT,6.0,EDUCATION,A,5000,6.92,0,0.11,N,7,2024-10-21
27,43000,OWN,11.0,EDUCATION,A,15000,7.51,0,0.35,N,5,2024-05-02
35,39000,RENT,8.0,MEDICAL,B,5000,9.99,1,0.13,N,6,2024-05-25
28,39000,RENT,6.0,DEBTCONSOLIDATION,A,5000,5.99,1,0.13,N,7,2024-05-23
28,43000,MORTGAGE,12.0,HOMEIMPROVEMENT,C,12000,13.48,0,0.28,N,6,2024-02-17
34,43000,MORTGAGE,9.0,DEBTCONSOLIDATION,A,11000,7.88,0,0.26,N,10,2024-03-25
32,43000,MORTGAGE,6.0,VENTURE,A,12000,7.88,0,0.28,N,7,2024-01-08
31,45000,RENT,2.0,VENTURE,C,5000,13.35,0,0.11,N,8,2024-05-09
32,39000,RENT,5.0,MEDICAL,D,5000,14.09,1,0.13,N,10,2024-12-06
32,45000,RENT,1.0,DEBTCONSOLIDATION,B,5000,10.36,0,0.11,N,5,2024-05-23
32,45000,RENT,1.0,PERSONAL,A,5000,7.88,0,0.11,N,10,2024-04-14
28,45000,RENT,2.0,PERSONAL,C,5000,12.73,0,0.11,N,7,2024-10-04
28,43000,MORTGAGE,12.0,HOMEIMPROVEMENT,A,8000,9.32,0,0.19,N,10,2024-04-26
33,45360,RENT,3.0,PERSONAL,D,5000,15.99,0,0.11,N,6,2024-06-30
27,45500,RENT,2.0,EDUCATION,B,5000,11.71,0,0.11,N,5,2024-03-07
29,43000,MORTGAGE,13.0,MEDICAL,A,10000,8.0,0,0.23,N,9,2024-02-04
28,37000,MORTGAGE,3.0,HOMEIMPROVEMENT,C,6000,12.53,1,0.16,N,9,2024-03-02
30,46044,RENT,4.0,MEDICAL,B,5000,11.013786929274843,0,0.11,N,9,2024-05-25
29,47000,RENT,2.0,PERSONAL,B,5000,10.62,0,0.11,N,7,2024-09-27
31,41000,RENT,1.0,EDUCATION,D,5000,16.07,1,0.12,N,9,2024-06-10
30,43200,MORTGAGE,5.0,HOMEIMPROVEMENT,C,4200,13.49,0,0.1,Y,7,2024-05-30
27,43200,OWN,2.0,VENTURE,B,5000,12.69,0,0.12,N,8,2024-02-29
34,47000,RENT,7.0,EDUCATION,C,5000,12.73,0,0.11,N,6,2024-02-01
33,43200,MORTGAGE,2.0,DEBTCONSOLIDATION,A,5000,7.51,0,0.12,N,8,2024-07-05
27,48000,RENT,3.0,DEBTCONSOLIDATION,B,5000,11.71,0,0.1,N,7,2024-06-20
32,43200,MORTGAGE,7.0,HOMEIMPROVEMENT,A,15000,7.91,0,0.35,N,7,2024-01-26
31,42000,RENT,2.0,EDUCATION,A,5000,8.49,1,0.12,N,10,2024-12-06
29,43200,OWN,13.0,PERSONAL,A,4625,5.42,0,0.11,N,6,2024-01-29
30,43200,OWN,6.0,HOMEIMPROVEMENT,B,2000,10.99,0,0.05,N,9,2024-12-15
32,48000,RENT,9.0,PERSONAL,A,5000,6.92,0,0.1,N,10,2024-03-16
28,48000,RENT,4.0,EDUCATION,A,5000,7.29,0,0.1,N,8,2024-06-14
32,48000,RENT,5.0,DEBTCONSOLIDATION,B,5000,11.49,0,0.1,N,8,2024-09-23
28,43200,OWN,5.0,PERSONAL,B,12250,9.99,0,0.28,N,6,2024-12-01
27,48000,RENT,2.0,MEDICAL,B,5000,11.58,0,0.1,N,5,2024-02-14
30,43200,MORTGAGE,14.0,PERSONAL,B,5000,11.36,0,0.12,N,9,2024-09-20
32,48000,RENT,8.0,DEBTCONSOLIDATION,C,5000,11.97,0,0.1,Y,10,2024-04-02
28,48879,RENT,4.0,PERSONAL,B,5000,12.42,0,0.1,N,7,2024-09-11
28,43344,MORTGAGE,4.0,PERSONAL,B,10000,11.12,0,0.23,N,9,2024-08-17
30,37400,MORTGAGE,6.0,MEDICAL,D,12700,17.27,1,0.34,N,5,2024-08-08
27,43495,MORTGAGE,3.0,EDUCATION,B,10800,10.99,0,0.25,N,6,2024-01-11
28,43500,MORTGAGE,12.0,EDUCATION,B,4000,12.69,0,0.09,N,8,2024-09-03
30,43500,MORTGAGE,5.0,EDUCATION,C,11250,13.61,0,0.26,Y,9,2024-10-28
34,55000,RENT,7.0,VENTURE,A,9000,7.74,0,0.16,N,6,2024-01-12
27,43680,MORTGAGE,3.0,DEBTCONSOLIDATION,B,7000,10.65,0,0.16,N,10,2024-09-10
27,57057,RENT,3.0,VENTURE,C,9000,13.11,0,0.16,N,5,2024-10-21
29,43800,OWN,13.0,HOMEIMPROVEMENT,A,4800,7.05,0,0.11,N,7,2024-09-30
27,57500,RENT,2.0,DEBTCONSOLIDATION,C,9000,11.97,0,0.16,Y,9,2024-07-07
27,43900,MORTGAGE,2.0,PERSONAL,B,14000,10.38,0,0.32,N,10,2024-05-21
27,53321,RENT,11.0,MEDICAL,D,9000,15.58,1,0.17,Y,7,2024-10-16
29,43958,MORTGAGE,3.0,VENTURE,A,7000,11.013786929274843,0,0.16,N,8,2024-02-24
29,59520,RENT,13.0,HOMEIMPROVEMENT,A,9000,5.42,0,0.15,N,9,2024-05-24
33,60000,RENT,3.0,PERSONAL,A,9000,8.49,0,0.15,N,5,2024-08-23
31,60000,RENT,3.0,MEDICAL,C,9000,13.06,0,0.15,N,7,2024-08-26
33,44000,MORTGAGE,17.0,VENTURE,A,16000,7.9,0,0.36,N,10,2024-05-07
35,54000,RENT,1.0,MEDICAL,D,9000,14.46,1,0.17,N,9,2024-06-10
29,60000,RENT,7.0,EDUCATION,C,9000,13.61,0,0.15,N,9,2024-07-04
28,44000,MORTGAGE,12.0,MEDICAL,B,8000,10.59,0,0.18,N,6,2024-05-23
31,54000,RENT,3.0,HOMEIMPROVEMENT,D,9000,12.49,1,0.17,N,7,2024-11-30
28,54989,RENT,1.0,HOMEIMPROVEMENT,B,9000,11.013786929274843,1,0.16,N,8,2024-05-07
30,61000,RENT,1.0,PERSONAL,B,9000,11.49,0,0.15,N,5,2024-10-17
29,62000,RENT,13.0,EDUCATION,C,9000,11.013786929274843,0,0.15,N,9,2024-09-16
32,56000,RENT,1.0,MEDICAL,D,9000,15.05,1,0.16,Y,6,2024-10-01
32,44000,MORTGAGE,8.0,MEDICAL,A,3600,6.99,0,0.08,N,8,2024-05-14
31,56004,RENT,3.0,EDUCATION,D,9000,14.46,1,0.16,Y,5,2024-12-25
30,38000,MORTGAGE,5.0,EDUCATION,E,10000,17.99,1,0.26,N,6,2024-04-22
29,44000,MORTGAGE,3.0,EDUCATION,B,5500,10.99,0,0.13,N,7,2024-01-19
31,62201,RENT,2.0,DEBTCONSOLIDATION,B,9000,12.53,0,0.14,N,8,2024-03-25
29,62532,RENT,6.0,VENTURE,C,9000,13.49,0,0.14,N,6,2024-08-15
31,62839,RENT,15.0,HOMEIMPROVEMENT,D,9000,15.33,0,0.14,N,10,2024-09-07
30,65000,RENT,3.0,EDUCATION,B,9000,12.42,0,0.14,N,5,2024-01-10
34,44000,OWN,2.0,VENTURE,C,10000,13.43,0,0.23,N,6,2024-03-11
28,44000,MORTGAGE,5.0,DEBTCONSOLIDATION,C,7000,13.06,0,0.16,N,9,2024-01-25
30,44000,MORTGAGE,1.0,EDUCATION,A,6800,6.91,0,0.15,N,7,2024-07-11
28,66000,RENT,11.0,DEBTCONSOLIDATION,C,9000,13.99,0,0.14,N,7,2024-09-16
27,44000,OWN,4.0,PERSONAL,C,2000,13.35,0,0.05,N,5,2024-02-08
32,44000,MORTGAGE,9.0,DEBTCONSOLIDATION,A,15600,6.17,0,0.35,N,5,2024-01-17
29,44000,MORTGAGE,13.0,MEDICAL,A,24000,6.91,0,0.55,N,8,2024-09-15
33,69996,RENT,2.0,HOMEIMPROVEMENT,B,9000,11.58,0,0.13,N,5,2024-05-20
33,44000,MORTGAGE,5.0,PERSONAL,B,5500,11.013786929274843,0,0.13,N,9,2024-08-20
29,64000,RENT,3.0,DEBTCONSOLIDATION,D,9000,11.013786929274843,1,0.14,Y,6,2024-09-20
28,44000,OWN,10.0,PERSONAL,D,7500,14.84,0,0.17,Y,8,2024-12-16
27,70176,RENT,3.0,VENTURE,A,9000,7.88,0,0.13,N,8,2024-09-10
27,44000,MORTGAGE,3.0,EDUCATION,C,5700,13.23,0,0.13,Y,9,2024-12-28
35,44000,MORTGAGE,5.0,DEBTCONSOLIDATION,A,6500,7.51,0,0.15,N,7,2024-04-22
33,72000,RENT,9.0,PERSONAL,B,9000,11.14,0,0.13,N,5,2024-09-12
27,44000,MORTGAGE,3.0,EDUCATION,C,6400,13.85,0,0.15,Y,7,2024-01-06
28,75000,RENT,4.0,DEBTCONSOLIDATION,B,9000,12.21,0,0.12,N,8,2024-11-15
29,77800,RENT,2.0,HOMEIMPROVEMENT,B,9000,12.42,0,0.12,N,6,2024-09-14
30,44000,MORTGAGE,14.0,HOMEIMPROVEMENT,A,11000,8.0,0,0.25,N,5,2024-03-27
27,83200,RENT,11.0,EDUCATION,D,9000,15.31,0,0.11,Y,5,2024-02-10
27,44000,MORTGAGE,2.0,MEDICAL,A,7500,8.0,0,0.17,N,8,2024-01-10
34,84000,RENT,3.0,PERSONAL,A,9000,5.79,0,0.11,N,10,2024-04-26
31,44000,OWN,6.0,HOMEIMPROVEMENT,D,17350,13.55,0,0.39,Y,7,2024-04-18
28,66725,RENT,3.0,MEDICAL,D,9000,16.29,1,0.11,Y,9,2024-03-05
28,84800,RENT,4.0,DEBTCONSOLIDATION,B,9000,11.013786929274843,0,0.11,N,7,2024-06-08
33,44004,MORTGAGE,4.0,EDUCATION,A,9275,7.29,0,0.21,N,7,2024-09-15
27,44004,MORTGAGE,2.0,MEDICAL,A,10000,6.92,0,0.23,N,9,2024-06-01
28,44004,MORTGAGE,5.0,MEDICAL,C,6000,13.06,0,0.14,Y,10,2024-06-21
27,85000,RENT,6.0,HOMEIMPROVEMENT,B,9000,10.36,0,0.11,N,5,2024-03-24
27,73004,RENT,5.0,EDUCATION,A,9000,9.63,1,0.12,N,7,2024-01-31
33,88000,RENT,3.0,VENTURE,D,9000,14.54,0,0.1,N,9,2024-09-16
27,88000,RENT,11.0,DEBTCONSOLIDATION,A,9000,6.91,0,0.1,N,10,2024-10-16
33,44136,MORTGAGE,2.0,EDUCATION,A,5000,11.013786929274843,0,0.11,N,8,2024-03-22
30,64698,RENT,11.0,MEDICAL,D,9000,16.0,1,0.12,Y,5,2024-08-29
27,90000,RENT,2.0,DEBTCONSOLIDATION,C,9000,13.49,0,0.1,N,7,2024-10-14
31,90000,RENT,6.0,PERSONAL,A,9000,5.42,0,0.1,N,9,2024-02-19
27,44200,MORTGAGE,11.0,MEDICAL,C,11500,15.27,0,0.26,Y,10,2024-03-10
28,44300,MORTGAGE,12.0,HOMEIMPROVEMENT,A,4325,7.49,0,0.1,N,5,2024-10-10
27,38300,MORTGAGE,2.0,PERSONAL,B,6000,10.99,1,0.16,N,10,2024-01-27
27,112440,RENT,9.0,DEBTCONSOLIDATION,A,9000,11.013786929274843,0,0.08,N,7,2024-11-17
32,44400,MORTGAGE,5.0,HOMEIMPROVEMENT,D,6500,14.84,0,0.15,Y,7,2024-12-01
27,130000,RENT,9.0,HOMEIMPROVEMENT,A,9000,7.05,0,0.07,N,6,2024-09-25
29,44400,MORTGAGE,13.0,HOMEIMPROVEMENT,B,21000,10.99,0,0.47,N,8,2024-02-24
28,44447,MORTGAGE,8.0,EDUCATION,C,6000,12.72,0,0.13,Y,7,2024-10-21
30,44449,MORTGAGE,2.0,VENTURE,C,21250,13.48,0,0.48,Y,6,2024-07-13
34,44460,MORTGAGE,7.0,DEBTCONSOLIDATION,A,9600,7.49,0,0.22,N,8,2024-02-25
32,44500,OWN,3.0,EDUCATION,A,15000,7.51,0,0.34,N,5,2024-04-23
32,44500,MORTGAGE,16.0,VENTURE,A,6000,8.9,0,0.13,N,9,2024-06-05
32,49500,RENT,2.0,MEDICAL,B,8900,11.013786929274843,0,0.18,N,7,2024-10-26
31,116400,RENT,3.0,VENTURE,B,8900,10.0,0,0.08,N,5,2024-02-19
28,44500,MORTGAGE,2.0,PERSONAL,A,10000,8.59,0,0.22,N,6,2024-03-14
28,44500,MORTGAGE,4.0,VENTURE,A,6000,8.0,0,0.13,N,9,2024-09-15
33,44500,OWN,6.0,EDUCATION,B,20000,11.013786929274843,0,0.45,N,6,2024-02-05
28,44500,MORTGAGE,5.0,VENTURE,B,20000,9.45,0,0.45,N,10,2024-11-29
28,24000,RENT,8.0,VENTURE,B,8875,10.65,1,0.37,N,9,2024-01-09
27,44630,OWN,10.0,MEDICAL,B,10825,10.99,0,0.24,N,8,2024-05-19
34,33000,RENT,3.0,MEDICAL,A,8875,7.66,0,0.27,N,7,2024-11-01
30,38000,RENT,3.0,PERSONAL,D,8875,16.89,0,0.23,N,5,2024-09-21
28,44894,OWN,8.0,EDUCATION,A,3600,7.88,0,0.08,N,6,2024-04-17
27,42000,RENT,3.0,DEBTCONSOLIDATION,B,8800,11.71,0,0.21,N,5,2024-11-03
28,44928,MORTGAGE,5.0,VENTURE,C,1000,13.06,0,0.02,Y,8,2024-07-14
28,42000,RENT,3.0,MEDICAL,B,8800,12.42,0,0.21,N,10,2024-03-05
31,45996,RENT,10.0,VENTURE,C,8800,12.84,0,0.19,Y,10,2024-05-08
35,46000,RENT,4.0,PERSONAL,C,8800,14.27,0,0.19,N,7,2024-03-11
29,44991,MORTGAGE,13.0,MEDICAL,C,5000,14.72,0,0.11,Y,8,2024-12-10
29,46296,RENT,14.0,EDUCATION,D,8800,14.42,0,0.19,N,7,2024-12-04
29,48000,RENT,1.0,MEDICAL,A,8800,8.49,0,0.18,N,9,2024-12-14
31,50000,RENT,5.0,MEDICAL,A,8800,6.17,0,0.18,N,9,2024-08-17
27,60000,RENT,2.0,HOMEIMPROVEMENT,B,8800,11.36,0,0.15,N,10,2024-08-21
27,65000,RENT,8.0,EDUCATION,A,8800,6.03,0,0.14,N,9,2024-09-05
30,65000,RENT,3.0,DEBTCONSOLIDATION,B,8800,10.0,0,0.14,N,8,2024-02-26
29,65500,RENT,1.0,DEBTCONSOLIDATION,B,8800,10.71,0,0.13,N,10,2024-04-24
28,93200,RENT,1.0,VENTURE,A,8800,7.88,0,0.09,N,7,2024-06-14
31,100000,RENT,3.0,EDUCATION,B,8800,10.0,0,0.09,N,8,2024-11-28
27,44000,RENT,1.0,VENTURE,D,5000,16.89,1,0.11,Y,10,2024-08-23
29,50000,RENT,11.0,EDUCATION,B,5000,10.37,0,0.1,N,5,2024-01-22
35,45000,OWN,6.0,VENTURE,D,10000,16.77,0,0.22,N,5,2024-03-16
27,50000,RENT,7.0,DEBTCONSOLIDATION,C,5000,13.61,0,0.1,Y,8,2024-02-08
30,50000,RENT,5.0,MEDICAL,B,5000,11.14,0,0.1,N,8,2024-12-27
32,44000,RENT,4.0,PERSONAL,G,5000,20.17,1,0.11,N,10,2024-12-27
27,44000,RENT,5.0,HOMEIMPROVEMENT,E,5000,16.35,1,0.11,Y,6,2024-07-26
31,39000,MORTGAGE,6.0,DEBTCONSOLIDATION,D,4000,16.77,1,0.1,Y,9,2024-07-25
35,44000,RENT,3.0,PERSONAL,E,5000,16.95,1,0.11,Y,9,2024-02-06
31,45000,MORTGAGE,12.0,DEBTCONSOLIDATION,C,12250,14.27,0,0.27,Y,10,2024-01-20
32,44004,RENT,2.0,DEBTCONSOLIDATION,F,5000,18.25,1,0.11,N,5,2024-05-03
28,50176,RENT,3.0,MEDICAL,B,5000,10.59,0,0.1,N,9,2024-01-20
28,45000,OWN,11.0,MEDICAL,C,10500,15.96,0,0.23,N,8,2024-04-05
35,50532,RENT,8.0,VENTURE,C,5000,13.57,0,0.1,Y,8,2024-09-18
29,50700,RENT,2.0,HOMEIMPROVEMENT,B,5000,9.88,0,0.1,N,8,2024-02-25
35,51000,RENT,5.0,EDUCATION,C,5000,12.98,0,0.1,Y,10,2024-02-19
30,45000,RENT,11.0,MEDICAL,C,5000,12.73,1,0.11,Y,8,2024-09-19
29,51000,RENT,1.0,DEBTCONSOLIDATION,A,5000,8.0,0,0.1,N,6,2024-10-04
27,45200,RENT,11.0,EDUCATION,D,5000,16.0,1,0.11,N,10,2024-08-17
27,45000,OWN,9.0,MEDICAL,A,12000,6.03,0,0.27,N,7,2024-12-22
27,45000,MORTGAGE,2.0,EDUCATION,A,3000,6.62,0,0.07,N,10,2024-05-27
28,51996,RENT,1.0,PERSONAL,C,5000,11.013786929274843,0,0.1,N,6,2024-03-12
27,45000,MORTGAGE,4.0,EDUCATION,B,10000,10.65,0,0.22,N,8,2024-12-21
35,20000,RENT,2.0,PERSONAL,C,8500,13.57,1,0.42,N,10,2024-11-21
29,21996,RENT,6.0,DEBTCONSOLIDATION,D,8500,14.11,1,0.39,Y,7,2024-12-29
32,45000,MORTGAGE,2.0,MEDICAL,C,8000,14.65,0,0.18,N,8,2024-11-09
30,45000,MORTGAGE,6.0,HOMEIMPROVEMENT,A,7500,7.9,0,0.17,N,5,2024-06-26
27,45000,MORTGAGE,4.0,MEDICAL,A,5000,6.03,0,0.11,N,9,2024-02-02
32,45000,MORTGAGE,8.0,DEBTCONSOLIDATION,A,2100,6.99,0,0.05,N,10,2024-04-01
28,45000,MORTGAGE,12.0,HOMEIMPROVEMENT,A,8000,7.49,0,0.18,N,8,2024-06-18
32,45000,MORTGAGE,8.0,MEDICAL,A,9250,8.49,0,0.21,N,6,2024-08-01
31,39000,MORTGAGE,11.0,DEBTCONSOLIDATION,A,2200,7.49,1,0.06,N,6,2024-05-15
35,27996,RENT,14.0,MEDICAL,B,8500,11.58,0,0.3,N,6,2024-04-20
27,39000,MORTGAGE,11.0,HOMEIMPROVEMENT,E,5000,18.79,1,0.13,N,6,2024-10-11
28,45000,MORTGAGE,6.0,DEBTCONSOLIDATION,A,10000,5.99,0,0.22,N,10,2024-10-12
32,45000,MORTGAGE,16.0,PERSONAL,A,6000,7.49,0,0.13,N,6,2024-07-17
28,31800,RENT,2.0,MEDICAL,D,8500,16.07,1,0.27,N,10,2024-03-01
31,45000,MORTGAGE,16.0,VENTURE,B,6000,10.99,0,0.13,N,10,2024-01-07
27,45000,MORTGAGE,3.0,PERSONAL,A,4000,6.99,0,0.09,N,7,2024-03-18
30,39000,MORTGAGE,13.0,HOMEIMPROVEMENT,C,3000,13.99,1,0.08,Y,10,2024-06-07
28,33000,RENT,12.0,MEDICAL,C,8500,13.99,0,0.26,N,9,2024-02-21
35,45000,MORTGAGE,5.0,VENTURE,A,6000,6.99,0,0.13,N,9,2024-10-14
27,37273,RENT,4.0,PERSONAL,B,8500,10.0,0,0.23,N,10,2024-05-16
27,38000,RENT,5.0,EDUCATION,A,8500,6.99,0,0.22,N,10,2024-09-12
29,45000,OWN,13.0,VENTURE,B,15000,11.49,0,0.33,N,8,2024-03-17
30,40000,RENT,2.0,MEDICAL,C,8500,12.53,0,0.21,N,8,2024-04-12
30,40556,RENT,12.0,EDUCATION,C,8500,12.87,0,0.21,Y,7,2024-02-17
32,45000,MORTGAGE,12.0,EDUCATION,A,4800,7.49,0,0.11,N,7,2024-10-31
27,42000,RENT,4.0,DEBTCONSOLIDATION,B,8500,9.99,0,0.2,N,8,2024-08-25
27,45000,MORTGAGE,11.0,PERSONAL,B,3450,11.99,0,0.08,N,7,2024-07-13
28,45000,MORTGAGE,5.0,HOMEIMPROVEMENT,D,15000,15.99,0,0.33,Y,8,2024-05-13
30,44000,RENT,1.0,EDUCATION,B,8500,11.36,0,0.19,N,7,2024-08-02
33,45000,RENT,2.0,MEDICAL,B,8500,10.62,0,0.19,N,6,2024-05-27
29,45000,MORTGAGE,4.0,PERSONAL,D,15000,18.49,0,0.33,N,6,2024-06-17
28,47500,RENT,2.0,EDUCATION,A,8500,7.88,0,0.18,N,10,2024-10-13
27,45000,MORTGAGE,5.0,DEBTCONSOLIDATION,C,5400,12.99,0,0.12,N,7,2024-02-24
34,50004,RENT,5.0,VENTURE,B,8500,9.45,0,0.17,N,6,2024-10-01
28,53000,RENT,2.0,MEDICAL,A,8500,5.79,0,0.16,N,9,2024-09-16
32,54000,RENT,16.0,HOMEIMPROVEMENT,A,8500,7.49,0,0.16,N,6,2024-07-09
32,45000,MORTGAGE,7.0,DEBTCONSOLIDATION,A,4000,7.49,0,0.09,N,7,2024-02-28
32,45000,MORTGAGE,6.0,EDUCATION,A,6400,7.49,0,0.14,N,8,2024-03-05
30,57600,RENT,5.0,PERSONAL,A,8500,11.013786929274843,0,0.15,N,5,2024-05-04
34,60353,RENT,13.0,PERSONAL,B,8500,10.65,0,0.14,N,6,2024-07-28
28,76000,RENT,2.0,MEDICAL,B,8500,11.013786929274843,0,0.11,N,5,2024-09-27
32,32423,RENT,10.0,HOMEIMPROVEMENT,B,8475,11.013786929274843,1,0.26,N,6,2024-10-05
31,45000,MORTGAGE,15.0,HOMEIMPROVEMENT,C,15000,13.06,0,0.33,Y,5,2024-05-09
29,28000,RENT,9.0,VENTURE,B,8400,11.48,0,0.3,N,6,2024-09-08
34,52000,RENT,2.0,VENTURE,C,5000,13.99,0,0.1,Y,8,2024-02-14
30,45000,MORTGAGE,4.0,DEBTCONSOLIDATION,B,4450,10.37,0,0.1,N,6,2024-07-10
28,52000,RENT,4.0,MEDICAL,C,5000,12.23,0,0.1,Y,9,2024-12-04
28,52000,RENT,12.0,HOMEIMPROVEMENT,C,5000,13.48,0,0.1,Y,7,2024-08-23
29,52100,RENT,13.0,PERSONAL,B,5000,10.99,0,0.1,N,9,2024-10-30
35,45000,MORTGAGE,4.0,DEBTCONSOLIDATION,A,7500,7.29,0,0.17,N,9,2024-08-19
27,45000,MORTGAGE,12.0,DEBTCONSOLIDATION,B,5000,9.25,0,0.11,N,10,2024-11-01
28,39000,MORTGAGE,13.0,MEDICAL,D,3375,14.83,1,0.09,N,8,2024-12-10
28,53500,RENT,4.0,VENTURE,B,5000,12.18,0,0.09,N,5,2024-03-10
31,53922,RENT,15.0,HOMEIMPROVEMENT,B,5000,10.59,0,0.09,N,5,2024-06-20
34,53995,RENT,10.0,PERSONAL,B,5000,9.63,0,0.09,N,6,2024-11-01
32,54000,RENT,2.0,MEDICAL,A,5000,7.9,0,0.09,N,7,2024-05-07
32,45000,MORTGAGE,3.0,DEBTCONSOLIDATION,A,5000,5.79,0,0.11,N,5,2024-12-01
35,54396,RENT,4.0,MEDICAL,C,5000,11.34,0,0.09,Y,10,2024-01-30
28,54590,RENT,3.0,EDUCATION,A,5000,6.03,0,0.09,N,6,2024-08-22
27,45000,MORTGAGE,7.0,DEBTCONSOLIDATION,A,6800,6.17,0,0.15,N,9,2024-04-28
27,45000,MORTGAGE,7.0,PERSONAL,A,12000,6.91,0,0.27,N,8,2024-06-02
27,54792,RENT,4.0,EDUCATION,C,5000,13.48,0,0.09,N,5,2024-10-25
29,45000,MORTGAGE,7.0,PERSONAL,A,4000,6.17,0,0.09,N,9,2024-06-28
31,54996,RENT,6.0,PERSONAL,A,5000,11.013786929274843,0,0.09,N,10,2024-10-04
31,54996,RENT,5.0,PERSONAL,A,5000,8.0,0,0.09,N,9,2024-03-03
28,45000,MORTGAGE,2.0,EDUCATION,A,3000,5.79,0,0.07,N,8,2024-03-14
30,45000,MORTGAGE,5.0,VENTURE,B,8000,10.36,0,0.18,N,9,2024-01-24
27,45000,MORTGAGE,2.0,MEDICAL,A,10000,6.17,0,0.22,N,9,2024-05-29
27,55000,RENT,11.0,DEBTCONSOLIDATION,C,5000,13.8,0,0.09,N,6,2024-11-11
30,49000,RENT,13.0,EDUCATION,B,5000,10.74,1,0.1,N,10,2024-07-04
29,55000,RENT,2.0,EDUCATION,A,5000,7.14,0,0.09,N,5,2024-01-12
30,49000,RENT,2.0,HOMEIMPROVEMENT,D,5000,15.31,1,0.1,Y,10,2024-09-13
31,55000,RENT,3.0,HOMEIMPROVEMENT,B,5000,12.18,0,0.09,N,8,2024-05-23
27,45000,OWN,5.0,EDUCATION,C,15250,13.98,0,0.34,N,10,2024-12-27
28,55000,RENT,3.0,MEDICAL,C,5000,12.53,0,0.09,Y,10,2024-04-22
29,45000,OWN,13.0,PERSONAL,A,10000,7.88,0,0.22,N,10,2024-12-02
34,56000,RENT,16.0,PERSONAL,A,5000,8.9,0,0.09,N,8,2024-09-11
32,45000,MORTGAGE,6.0,PERSONAL,A,15000,7.51,0,0.33,N,5,2024-06-09
33,51000,RENT,17.0,MEDICAL,D,5000,14.96,1,0.1,Y,9,2024-10-07
29,57312,RENT,3.0,DEBTCONSOLIDATION,B,5000,11.86,0,0.09,N,6,2024-02-23
35,45000,MORTGAGE,16.0,MEDICAL,C,6500,13.98,0,0.14,N,10,2024-06-14
34,45000,MORTGAGE,3.0,MEDICAL,C,5300,13.23,0,0.12,N,6,2024-02-28
34,45000,MORTGAGE,1.0,VENTURE,B,12000,11.86,0,0.27,N,9,2024-06-29
29,45000,MORTGAGE,5.0,HOMEIMPROVEMENT,D,8000,15.58,0,0.18,N,9,2024-10-12
30,45000,MORTGAGE,11.0,MEDICAL,A,2500,6.76,0,0.06,N,10,2024-06-29
28,52000,RENT,12.0,HOMEIMPROVEMENT,B,5000,11.36,1,0.1,N,7,2024-05-17
31,45000,MORTGAGE,5.0,VENTURE,B,10000,9.88,0,0.22,N,8,2024-08-05
28,59600,RENT,2.0,HOMEIMPROVEMENT,A,5000,5.79,0,0.08,N,10,2024-04-30
28,60000,RENT,12.0,PERSONAL,A,5000,8.49,0,0.08,N,5,2024-04-08
27,54000,RENT,6.0,DEBTCONSOLIDATION,B,5000,11.99,1,0.09,N,10,2024-11-18
31,45000,MORTGAGE,8.0,VENTURE,B,7500,10.62,0,0.17,N,5,2024-08-17
31,45000,MORTGAGE,6.0,DEBTCONSOLIDATION,A,2500,7.88,0,0.06,N,8,2024-05-22
32,60000,RENT,16.0,MEDICAL,A,5000,7.29,0,0.08,N,9,2024-05-13
30,60000,RENT,8.0,MEDICAL,A,5000,11.013786929274843,0,0.08,N,8,2024-04-08
31,39000,MORTGAGE,5.0,EDUCATION,B,22000,11.36,1,0.56,N,5,2024-02-08
28,60000,RENT,12.0,HOMEIMPROVEMENT,D,5000,15.7,0,0.08,Y,7,2024-03-21
29,45000,MORTGAGE,4.0,HOMEIMPROVEMENT,C,14000,13.48,0,0.31,Y,5,2024-05-04
30,60000,RENT,1.0,DEBTCONSOLIDATION,B,5000,11.013786929274843,0,0.08,N,7,2024-02-26
30,54000,RENT,2.0,VENTURE,E,5000,15.13,1,0.09,N,9,2024-06-30
32,60040,RENT,1.0,VENTURE,B,5000,8.88,0,0.08,N,10,2024-02-26
30,60400,RENT,2.0,VENTURE,B,5000,12.69,0,0.08,N,8,2024-03-13
30,45000,MORTGAGE,5.0,EDUCATION,B,3250,10.62,0,0.07,N,6,2024-08-03
28,61000,RENT,3.0,VENTURE,B,5000,10.37,0,0.08,N,7,2024-01-07
27,62000,RENT,7.0,DEBTCONSOLIDATION,A,5000,11.013786929274843,0,0.08,N,5,2024-08-28
29,45000,OWN,4.0,VENTURE,B,20000,10.62,0,0.44,N,6,2024-10-09
27,63000,RENT,11.0,DEBTCONSOLIDATION,B,5000,10.0,0,0.08,N,5,2024-01-26
34,63500,RENT,5.0,EDUCATION,A,5000,9.63,0,0.08,N,7,2024-05-24
27,64000,RENT,2.0,VENTURE,C,5000,12.99,0,0.08,Y,8,2024-08-17
27,45000,OWN,3.0,PERSONAL,B,3500,11.14,0,0.08,N,8,2024-10-13
27,45000,MORTGAGE,3.0,MEDICAL,C,18000,12.87,0,0.4,N,8,2024-07-25
27,45000,MORTGAGE,4.0,HOMEIMPROVEMENT,A,12000,8.94,0,0.27,N,6,2024-03-15
35,45000,MORTGAGE,2.0,VENTURE,A,1000,11.013786929274843,0,0.02,N,10,2024-06-22
27,65000,RENT,12.0,DEBTCONSOLIDATION,C,5000,13.99,0,0.08,Y,9,2024-07-28
28,59000,RENT,2.0,DEBTCONSOLIDATION,C,5000,15.23,1,0.08,N,6,2024-06-19
27,45000,MORTGAGE,1.0,VENTURE,A,4000,11.013786929274843,0,0.09,N,7,2024-04-11
27,45000,MORTGAGE,8.0,DEBTCONSOLIDATION,A,16750,8.94,0,0.37,N,7,2024-08-21
30,45000,MORTGAGE,11.0,VENTURE,C,10000,13.57,0,0.22,Y,6,2024-09-17
34,65004,RENT,8.0,HOMEIMPROVEMENT,B,5000,10.59,0,0.08,N,9,2024-04-04
27,66000,RENT,10.0,MEDICAL,C,5000,13.99,0,0.08,Y,10,2024-12-01
33,66000,RENT,17.0,EDUCATION,A,5000,7.29,0,0.08,N,8,2024-03-23
34,45000,MORTGAGE,1.0,DEBTCONSOLIDATION,C,3800,13.16,0,0.08,Y,5,2024-02-23
29,39000,MORTGAGE,13.0,PERSONAL,D,10000,11.013786929274843,1,0.26,N,5,2024-01-05
27,60000,RENT,2.0,HOMEIMPROVEMENT,D,5000,15.21,1,0.08,Y,9,2024-04-24
27,66240,RENT,7.0,VENTURE,A,5000,5.79,0,0.08,N,6,2024-05-07
28,66920,RENT,12.0,DEBTCONSOLIDATION,C,5000,14.26,0,0.07,Y,8,2024-04-07
28,66924,RENT,1.0,EDUCATION,B,5000,11.86,0,0.07,N,10,2024-06-04
32,68000,RENT,16.0,VENTURE,D,5000,15.7,0,0.07,N,7,2024-11-10
33,68004,RENT,17.0,EDUCATION,C,5000,13.49,0,0.07,N,8,2024-04-24
30,63600,RENT,7.0,PERSONAL,B,5000,10.39,1,0.08,N,8,2024-03-28
31,45000,MORTGAGE,12.0,PERSONAL,A,6000,9.32,0,0.13,N,9,2024-12-22
27,69996,RENT,12.0,PERSONAL,A,5000,9.63,0,0.07,N,5,2024-09-11
27,45000,OWN,4.0,VENTURE,C,20000,12.84,0,0.44,N,10,2024-12-23
30,70000,RENT,6.0,PERSONAL,B,5000,11.71,0,0.07,N,5,2024-10-01
35,70000,RENT,9.0,VENTURE,A,5000,7.74,0,0.07,N,6,2024-06-13
29,45000,MORTGAGE,13.0,EDUCATION,A,13000,9.63,0,0.29,N,9,2024-11-11
29,70000,RENT,4.0,EDUCATION,E,5000,11.013786929274843,0,0.07,N,6,2024-11-02
29,45000,OWN,8.0,MEDICAL,B,8000,12.21,0,0.18,N,10,2024-04-30
34,72000,RENT,6.0,MEDICAL,B,5000,10.59,0,0.07,N,9,2024-10-14
28,72000,RENT,8.0,PERSONAL,B,5000,10.59,0,0.07,N,9,2024-01-10
28,72467,RENT,2.0,MEDICAL,B,5000,8.88,0,0.07,N,7,2024-08-27
30,72516,RENT,11.0,PERSONAL,C,5000,13.85,0,0.07,Y,6,2024-02-11
27,45000,MORTGAGE,9.0,MEDICAL,B,12000,9.76,0,0.27,N,6,2024-11-19
32,75000,RENT,4.0,MEDICAL,B,5000,9.99,0,0.07,N,8,2024-05-07
28,75000,RENT,5.0,MEDICAL,A,5000,7.88,0,0.07,N,10,2024-11-03
32,39000,MORTGAGE,7.0,HOMEIMPROVEMENT,D,2800,12.17,1,0.07,Y,6,2024-08-20
28,45100,MORTGAGE,2.0,VENTURE,A,6000,5.42,0,0.13,N,9,2024-10-27
28,45136,MORTGAGE,13.0,EDUCATION,B,10175,12.69,0,0.23,N,9,2024-08-13
28,78500,RENT,2.0,HOMEIMPROVEMENT,C,5000,14.27,0,0.06,Y,6,2024-04-04
34,45204,MORTGAGE,4.0,PERSONAL,A,5000,9.63,0,0.11,N,9,2024-08-26
34,80000,RENT,4.0,VENTURE,A,5000,11.013786929274843,0,0.06,N,9,2024-12-03
34,80000,RENT,4.0,HOMEIMPROVEMENT,A,5000,6.17,0,0.06,N,10,2024-02-08
29,45324,MORTGAGE,4.0,PERSONAL,D,15150,14.54,0,0.33,N,10,2024-01-27
27,45336,MORTGAGE,12.0,MEDICAL,B,4800,11.013786929274843,0,0.11,N,8,2024-01-23
27,80004,RENT,1.0,VENTURE,C,5000,13.47,0,0.06,Y,9,2024-02-17
28,81996,RENT,5.0,PERSONAL,C,5000,14.26,0,0.06,N,5,2024-11-22
33,82000,RENT,9.0,VENTURE,A,5000,7.51,0,0.06,N,8,2024-08-17
34,82000,RENT,3.0,HOMEIMPROVEMENT,A,5000,8.32,0,0.06,N,9,2024-01-30
33,82150,RENT,4.0,HOMEIMPROVEMENT,A,5000,7.51,0,0.06,N,5,2024-07-06
32,65453,RENT,15.0,MEDICAL,C,5000,11.28,1,0.06,Y,9,2024-06-21
32,45489,MORTGAGE,13.0,PERSONAL,C,18250,12.73,0,0.4,Y,5,2024-10-03
29,45500,MORTGAGE,6.0,HOMEIMPROVEMENT,B,10000,10.65,0,0.22,N,10,2024-05-27
28,45500,OWN,1.0,MEDICAL,A,8400,11.013786929274843,0,0.18,N,5,2024-03-09
33,85000,RENT,11.0,EDUCATION,A,5000,7.9,0,0.06,N,8,2024-02-06
31,45500,MORTGAGE,5.0,VENTURE,B,7500,11.49,0,0.16,N,5,2024-06-30
27,45500,MORTGAGE,2.0,DEBTCONSOLIDATION,C,5000,13.23,0,0.11,Y,8,2024-03-12
27,45500,OWN,11.0,VENTURE,C,14000,13.92,0,0.31,Y,6,2024-09-28
34,85000,RENT,7.0,VENTURE,B,5000,11.83,0,0.06,N,5,2024-11-10
31,45504,MORTGAGE,3.0,EDUCATION,B,7000,9.88,0,0.15,N,8,2024-08-21
30,85000,RENT,5.0,VENTURE,D,5000,15.05,0,0.06,N,9,2024-10-23
29,45516,MORTGAGE,13.0,DEBTCONSOLIDATION,C,6000,13.49,0,0.13,N,8,2024-05-21
31,86000,RENT,2.0,DEBTCONSOLIDATION,A,5000,11.013786929274843,0,0.06,N,8,2024-05-07
27,45600,MORTGAGE,6.0,VENTURE,A,15350,8.9,0,0.34,N,10,2024-10-17
27,45600,MORTGAGE,6.0,MEDICAL,A,3000,6.99,0,0.07,N,7,2024-05-05
27,45600,MORTGAGE,11.0,EDUCATION,A,7500,5.42,0,0.16,N,5,2024-12-07
33,45600,MORTGAGE,1.0,EDUCATION,A,4000,5.99,0,0.09,N,10,2024-06-24
27,45600,MORTGAGE,3.0,HOMEIMPROVEMENT,A,1450,8.49,0,0.03,N,8,2024-08-25
30,39600,MORTGAGE,11.0,EDUCATION,A,15000,7.49,1,0.38,N,5,2024-10-05
28,89400,RENT,12.0,HOMEIMPROVEMENT,D,5000,15.2,0,0.06,N,6,2024-03-23
30,45600,MORTGAGE,5.0,HOMEIMPROVEMENT,A,5000,7.29,0,0.11,N,8,2024-10-26
29,45600,MORTGAGE,7.0,VENTURE,B,9600,10.36,0,0.21,N,5,2024-08-23
29,45600,MORTGAGE,3.0,EDUCATION,C,4750,11.013786929274843,0,0.1,N,9,2024-05-24
27,91200,RENT,3.0,DEBTCONSOLIDATION,C,5000,13.49,0,0.05,Y,10,2024-12-06
30,92001,RENT,3.0,VENTURE,A,5000,11.013786929274843,0,0.05,N,6,2024-05-14
32,96000,RENT,1.0,PERSONAL,B,5000,11.99,0,0.05,N,9,2024-02-13
29,45600,MORTGAGE,9.0,PERSONAL,A,2000,7.88,0,0.04,N,10,2024-04-22
28,96000,RENT,5.0,VENTURE,B,5000,11.12,0,0.05,N,7,2024-02-05
27,39600,MORTGAGE,4.0,VENTURE,G,2500,20.86,1,0.06,Y,8,2024-08-11
27,98000,RENT,3.0,VENTURE,C,5000,13.98,0,0.05,Y,6,2024-10-07
28,45678,OWN,12.0,PERSONAL,D,8000,15.58,0,0.18,N,10,2024-06-18
27,45727,MORTGAGE,5.0,EDUCATION,D,1000,16.29,0,0.02,Y,9,2024-06-23
28,99996,RENT,7.0,MEDICAL,B,5000,11.49,0,0.05,N,10,2024-05-03
27,45760,OWN,6.0,MEDICAL,B,14000,11.013786929274843,0,0.31,N,6,2024-08-17
27,100000,RENT,11.0,MEDICAL,B,5000,12.42,0,0.05,N,8,2024-03-31
32,100000,RENT,3.0,HOMEIMPROVEMENT,C,5000,11.013786929274843,0,0.05,N,6,2024-08-10
27,103000,RENT,2.0,VENTURE,A,5000,9.32,0,0.05,N,7,2024-10-03
28,39912,MORTGAGE,2.0,EDUCATION,A,10000,8.49,1,0.25,N,8,2024-05-03
35,95028,RENT,2.0,HOMEIMPROVEMENT,D,5000,14.42,1,0.05,Y,6,2024-07-26
33,113800,RENT,8.0,MEDICAL,B,5000,11.83,0,0.04,N,9,2024-03-23
28,45996,OTHER,12.0,VENTURE,B,5500,10.2,0,0.12,N,10,2024-03-26
27,142000,RENT,2.0,MEDICAL,C,5000,13.16,0,0.04,Y,9,2024-08-21
30,144000,RENT,12.0,EDUCATION,E,5000,16.32,0,0.03,Y,7,2024-07-12
30,46000,MORTGAGE,1.0,EDUCATION,C,12000,11.013786929274843,0,0.26,Y,9,2024-11-03
27,145000,RENT,11.0,MEDICAL,B,5000,12.69,0,0.03,N,7,2024-06-17
30,46000,OWN,10.0,HOMEIMPROVEMENT,C,11200,14.27,0,0.24,Y,10,2024-02-25
27,46000,MORTGAGE,3.0,MEDICAL,A,18000,7.9,0,0.39,N,8,2024-06-28
34,46000,MORTGAGE,5.0,VENTURE,A,10000,6.62,0,0.22,N,6,2024-12-10
35,200000,RENT,7.0,VENTURE,B,5000,11.013786929274843,0,0.03,N,10,2024-01-23
31,40000,MORTGAGE,2.0,DEBTCONSOLIDATION,D,9500,16.77,1,0.24,N,10,2024-12-27
29,200000,RENT,4.0,PERSONAL,A,5000,7.43,0,0.03,N,10,2024-02-21
28,276000,RENT,1.0,PERSONAL,A,5000,6.62,0,0.02,N,10,2024-11-10
29,46000,MORTGAGE,3.0,VENTURE,B,6000,11.49,0,0.13,N,5,2024-10-02
28,30000,RENT,2.0,PERSONAL,A,5200,5.42,0,0.17,N,7,2024-12-24
28,46000,MORTGAGE,12.0,PERSONAL,A,6500,6.99,0,0.14,N,7,2024-06-14
31,39000,RENT,15.0,DEBTCONSOLIDATION,C,5200,13.48,0,0.13,N,9,2024-03-04
30,46000,OWN,14.0,PERSONAL,C,6000,12.68,0,0.13,N,6,2024-02-28
28,39000,RENT,12.0,DEBTCONSOLIDATION,B,5250,11.49,0,0.13,N,8,2024-07-10
27,48000,RENT,8.0,MEDICAL,C,5250,15.27,0,0.11,Y,6,2024-12-27
29,15600,RENT,4.0,PERSONAL,C,5275,14.72,1,0.34,Y,8,2024-10-16
27,20160,RENT,4.0,DEBTCONSOLIDATION,A,5300,11.013786929274843,0,0.26,N,6,2024-05-31
29,46000,MORTGAGE,3.0,HOMEIMPROVEMENT,C,7500,14.35,0,0.16,Y,5,2024-02-10
29,46000,MORTGAGE,9.0,PERSONAL,A,4000,6.76,0,0.09,N,9,2024-08-30
32,36000,RENT,4.0,VENTURE,A,5300,8.9,0,0.15,N,6,2024-05-13
27,43218,RENT,11.0,VENTURE,C,5300,14.65,0,0.12,Y,10,2024-03-19
31,46000,MORTGAGE,11.0,VENTURE,A,7000,7.88,0,0.15,N,6,2024-02-07
32,47500,RENT,2.0,MEDICAL,B,5300,11.49,0,0.11,N,8,2024-08-03
28,46000,MORTGAGE,3.0,EDUCATION,D,16750,14.96,0,0.36,N,6,2024-06-03
28,15360,RENT,2.0,PERSONAL,B,5375,9.91,1,0.35,N,5,2024-04-10
29,18000,RENT,5.0,HOMEIMPROVEMENT,B,5375,12.69,1,0.3,N,9,2024-12-05
28,46000,MORTGAGE,2.0,PERSONAL,B,4000,11.48,0,0.09,N,5,2024-01-30
28,46000,MORTGAGE,12.0,EDUCATION,A,6000,8.0,0,0.13,N,7,2024-02-09
30,20000,RENT,14.0,MEDICAL,D,5400,14.61,0,0.27,Y,7,2024-03-14
29,40000,OTHER,2.0,DEBTCONSOLIDATION,E,15000,16.63,1,0.38,Y,10,2024-06-12
27,46028,MORTGAGE,8.0,DEBTCONSOLIDATION,B,18000,10.74,0,0.39,N,9,2024-08-20
28,46097,MORTGAGE,12.0,DEBTCONSOLIDATION,B,6000,10.75,0,0.13,N,8,2024-11-15
29,46140,MORTGAGE,2.0,HOMEIMPROVEMENT,C,4800,14.72,0,0.1,Y,6,2024-11-14
29,40000,RENT,4.0,VENTURE,A,5400,7.9,0,0.14,N,7,2024-08-01
32,40000,RENT,2.0,EDUCATION,B,5400,11.11,0,0.14,N,5,2024-10-21
29,44000,RENT,2.0,PERSONAL,D,5400,16.0,1,0.12,Y,8,2024-01-29
34,50725,RENT,1.0,PERSONAL,C,5400,13.16,0,0.11,Y,9,2024-12-19
27,54000,RENT,1.0,HOMEIMPROVEMENT,C,5400,14.27,0,0.1,N,6,2024-12-27
28,56461,RENT,5.0,EDUCATION,E,5400,15.68,0,0.1,Y,6,2024-02-27
31,46300,MORTGAGE,16.0,PERSONAL,A,7500,7.88,0,0.16,N,6,2024-05-28
27,46300,MORTGAGE,3.0,DEBTCONSOLIDATION,C,11500,13.48,0,0.25,Y,8,2024-03-19
31,46500,MORTGAGE,2.0,DEBTCONSOLIDATION,A,6250,5.79,0,0.13,N,10,2024-01-19
30,46500,MORTGAGE,8.0,VENTURE,A,6000,7.88,0,0.13,N,8,2024-04-18
31,46500,MORTGAGE,7.0,PERSONAL,C,8000,13.04,0,0.17,Y,6,2024-09-28
30,40525,MORTGAGE,8.0,HOMEIMPROVEMENT,C,4800,14.65,1,0.12,N,10,2024-09-06
30,25000,RENT,6.0,PERSONAL,C,5475,12.68,0,0.22,N,6,2024-11-06
28,46551,MORTGAGE,12.0,VENTURE,A,5000,11.013786929274843,0,0.11,N,7,2024-12-25
27,46576,MORTGAGE,8.0,DEBTCONSOLIDATION,A,4800,11.013786929274843,0,0.1,N,10,2024-12-26
27,15085,RENT,2.0,VENTURE,A,5500,5.99,1,0.36,N,8,2024-05-18
31,46700,MORTGAGE,5.0,MEDICAL,B,7200,11.013786929274843,0,0.15,N,6,2024-06-19
32,46700,MORTGAGE,16.0,HOMEIMPROVEMENT,A,11325,7.51,0,0.24,N,10,2024-03-15
27,46713,MORTGAGE,3.0,VENTURE,C,12375,10.91,0,0.26,N,6,2024-01-31
34,19200,RENT,1.0,PERSONAL,C,5500,15.23,1,0.29,Y,8,2024-04-26
35,20000,RENT,1.0,EDUCATION,B,5500,12.69,0,0.28,N,7,2024-03-07
27,46800,MORTGAGE,5.0,HOMEIMPROVEMENT,B,6000,9.99,0,0.13,N,7,2024-09-29
27,20400,RENT,3.0,MEDICAL,A,5500,6.91,0,0.27,N,7,2024-07-24
27,40800,MORTGAGE,3.0,DEBTCONSOLIDATION,A,2000,7.29,1,0.05,N,5,2024-12-16
34,46800,MORTGAGE,1.0,HOMEIMPROVEMENT,B,5525,11.11,0,0.12,N,6,2024-06-13
31,46800,MORTGAGE,14.0,PERSONAL,B,5500,11.013786929274843,0,0.12,N,10,2024-10-30
27,46800,MORTGAGE,3.0,VENTURE,C,6500,12.87,0,0.14,N,6,2024-04-11
28,24000,RENT,5.0,PERSONAL,B,5500,10.36,0,0.23,N,7,2024-11-10
30,24000,RENT,5.0,MEDICAL,C,5500,13.23,0,0.23,Y,8,2024-09-16
32,25000,RENT,12.0,VENTURE,B,5500,11.11,0,0.22,N,10,2024-11-23
29,46873,MORTGAGE,9.0,PERSONAL,A,11200,7.14,0,0.24,N,6,2024-05-31
28,47000,MORTGAGE,5.0,HOMEIMPROVEMENT,B,9000,12.42,0,0.19,N,8,2024-04-02
31,47000,MORTGAGE,6.0,MEDICAL,C,20000,13.49,0,0.43,N,5,2024-05-17
29,47000,MORTGAGE,8.0,EDUCATION,B,8000,12.42,0,0.17,N,9,2024-05-09
32,47000,OWN,8.0,VENTURE,A,6000,8.9,0,0.13,N,5,2024-10-02
29,34000,RENT,4.0,MEDICAL,B,5500,11.013786929274843,0,0.16,N,5,2024-02-04
27,47000,MORTGAGE,11.0,EDUCATION,A,2650,7.49,0,0.06,N,9,2024-04-03
32,35000,RENT,2.0,PERSONAL,B,5500,11.49,0,0.16,N,7,2024-07-02
34,47000,OWN,8.0,VENTURE,B,14000,9.99,0,0.3,N,9,2024-12-25
27,47000,MORTGAGE,2.0,MEDICAL,A,6000,6.99,0,0.13,N,5,2024-09-25
30,40000,RENT,14.0,VENTURE,A,5500,6.62,0,0.14,N,8,2024-11-24
30,40000,RENT,1.0,PERSONAL,A,5500,7.74,0,0.14,N,6,2024-06-01
34,42000,RENT,5.0,DEBTCONSOLIDATION,A,5500,7.66,0,0.13,N,7,2024-09-21
33,42230,RENT,1.0,MEDICAL,A,5500,9.63,0,0.13,N,10,2024-04-24
28,47000,OWN,5.0,DEBTCONSOLIDATION,D,13000,14.54,0,0.28,N,9,2024-07-05
35,42300,RENT,3.0,PERSONAL,C,5500,13.06,0,0.13,N,8,2024-03-19
30,42312,RENT,1.0,EDUCATION,A,5500,8.59,0,0.13,N,6,2024-07-09
27,44196,RENT,2.0,DEBTCONSOLIDATION,C,5500,13.8,0,0.12,N,10,2024-01-31
35,45000,RENT,3.0,MEDICAL,A,5500,6.92,0,0.12,N,6,2024-11-09
31,47000,MORTGAGE,5.0,HOMEIMPROVEMENT,B,5000,10.38,0,0.11,N,6,2024-05-11
28,46000,RENT,6.0,MEDICAL,B,5500,11.11,1,0.12,N,10,2024-03-27
28,53000,RENT,11.0,HOMEIMPROVEMENT,C,5500,11.03,0,0.1,N,9,2024-10-15
31,54000,RENT,2.0,DEBTCONSOLIDATION,C,5500,13.23,0,0.1,N,9,2024-02-20
27,50000,RENT,11.0,HOMEIMPROVEMENT,C,5500,12.73,1,0.11,N,7,2024-03-01
30,60000,RENT,11.0,DEBTCONSOLIDATION,A,5500,7.51,0,0.09,N,10,2024-12-30
29,60000,RENT,4.0,HOMEIMPROVEMENT,B,5500,10.74,0,0.09,N,6,2024-07-24
31,41000,MORTGAGE,6.0,MEDICAL,C,3200,13.16,1,0.08,N,6,2024-05-13
29,47000,MORTGAGE,1.0,DEBTCONSOLIDATION,B,5000,9.76,0,0.11,N,10,2024-03-08
31,70000,RENT,4.0,EDUCATION,A,5500,7.68,0,0.08,N,10,2024-07-29
30,73000,RENT,15.0,DEBTCONSOLIDATION,B,5500,9.99,0,0.08,N,9,2024-11-15
28,105000,RENT,5.0,DEBTCONSOLIDATION,C,5500,15.23,0,0.05,N,7,2024-05-18
27,144000,RENT,8.0,HOMEIMPROVEMENT,F,5500,19.13,0,0.04,Y,5,2024-10-16
28,39996,RENT,10.0,EDUCATION,D,5525,14.54,0,0.14,N,10,2024-08-04
28,56004,RENT,12.0,MEDICAL,C,5525,12.68,0,0.1,N,9,2024-02-11
34,47125,MORTGAGE,12.0,VENTURE,B,3200,10.99,0,0.07,N,8,2024-11-10
27,47232,OWN,10.0,MEDICAL,A,8000,5.42,0,0.17,N,9,2024-12-09
34,47300,MORTGAGE,3.0,MEDICAL,A,12000,7.88,0,0.25,N,8,2024-06-08
27,47380,MORTGAGE,11.0,HOMEIMPROVEMENT,C,15000,13.79,0,0.32,Y,9,2024-08-02
28,24000,RENT,4.0,PERSONAL,C,5600,12.68,0,0.23,Y,5,2024-10-27
27,25000,RENT,1.0,EDUCATION,A,5600,7.9,0,0.22,N,8,2024-05-27
29,47500,MORTGAGE,14.0,VENTURE,A,3500,8.9,0,0.07,N,9,2024-02-01
28,30000,RENT,3.0,DEBTCONSOLIDATION,D,5600,14.84,1,0.19,Y,10,2024-06-05
27,30000,RENT,8.0,MEDICAL,A,5600,11.013786929274843,0,0.19,N,6,2024-11-04
31,30000,RENT,1.0,DEBTCONSOLIDATION,A,5600,7.74,0,0.19,N,7,2024-09-28
29,34444,RENT,5.0,EDUCATION,C,5600,13.49,0,0.16,Y,7,2024-01-03
30,47600,MORTGAGE,6.0,EDUCATION,B,23800,12.42,0,0.5,N,9,2024-05-15
28,36000,RENT,8.0,PERSONAL,B,5600,11.11,0,0.16,N,5,2024-08-23
35,36000,RENT,1.0,VENTURE,C,5600,13.06,0,0.16,N,7,2024-06-12
28,47820,OWN,12.0,MEDICAL,A,6000,5.42,0,0.13,N,9,2024-09-26
27,47900,OWN,1.0,VENTURE,C,7500,13.47,0,0.16,N,8,2024-08-09
33,36000,RENT,5.0,PERSONAL,B,5600,11.99,1,0.16,N,7,2024-12-22
32,43000,RENT,16.0,DEBTCONSOLIDATION,A,5600,7.51,0,0.13,N,7,2024-03-10
33,46000,RENT,13.0,PERSONAL,C,5600,15.27,0,0.12,N,9,2024-02-29
29,48000,RENT,9.0,DEBTCONSOLIDATION,C,5600,15.96,0,0.12,Y,7,2024-02-25
33,48000,OWN,5.0,VENTURE,B,14400,12.42,0,0.3,N,10,2024-03-19
31,49000,RENT,6.0,MEDICAL,A,5600,6.03,0,0.11,N,6,2024-03-14
33,48000,OWN,2.0,HOMEIMPROVEMENT,A,4750,11.013786929274843,0,0.1,N,8,2024-08-09
27,48000,MORTGAGE,5.0,DEBTCONSOLIDATION,B,4300,12.69,0,0.09,N,7,2024-05-12
29,48000,MORTGAGE,3.0,PERSONAL,C,17375,14.27,0,0.36,Y,5,2024-02-24
29,48000,OWN,1.0,PERSONAL,E,15000,18.64,0,0.31,N,9,2024-01-02
29,52884,RENT,3.0,PERSONAL,B,5600,11.99,0,0.11,N,10,2024-05-29
30,48000,MORTGAGE,3.0,HOMEIMPROVEMENT,B,9000,12.42,0,0.19,N,7,2024-03-14
28,56056,RENT,3.0,DEBTCONSOLIDATION,B,5600,10.37,0,0.1,N,6,2024-11-24
35,48000,MORTGAGE,7.0,EDUCATION,A,17000,6.03,0,0.35,N,8,2024-08-20
29,57995,RENT,8.0,MEDICAL,B,5600,10.37,0,0.1,N,6,2024-02-23
33,48000,MORTGAGE,9.0,EDUCATION,A,7500,6.03,0,0.16,N,10,2024-02-18
34,63000,RENT,3.0,EDUCATION,B,5600,11.58,0,0.09,N,5,2024-08-06
33,48000,MORTGAGE,17.0,VENTURE,A,7000,6.62,0,0.15,N,8,2024-05-30
34,48000,MORTGAGE,3.0,PERSONAL,A,7500,6.62,0,0.16,N,7,2024-10-23
33,48000,MORTGAGE,7.0,MEDICAL,A,13800,8.9,0,0.29,N,6,2024-10-29
27,48000,OWN,3.0,VENTURE,B,24000,9.91,0,0.5,N,9,2024-06-19
30,48000,MORTGAGE,13.0,VENTURE,A,10950,11.013786929274843,0,0.23,N,9,2024-08-25
29,69600,RENT,13.0,HOMEIMPROVEMENT,B,5600,11.99,0,0.08,N,6,2024-11-28
34,48000,MORTGAGE,9.0,VENTURE,C,5600,15.96,0,0.12,Y,7,2024-02-02
29,70000,RENT,3.0,HOMEIMPROVEMENT,C,5600,14.27,0,0.08,Y,6,2024-06-02
34,48000,MORTGAGE,7.0,VENTURE,B,8400,11.71,0,0.17,N,8,2024-09-17
30,75000,RENT,8.0,PERSONAL,D,5600,15.99,0,0.07,N,7,2024-03-21
31,75797,RENT,8.0,MEDICAL,C,5600,13.22,0,0.07,Y,8,2024-02-27
27,48000,MORTGAGE,11.0,DEBTCONSOLIDATION,A,5650,5.42,0,0.12,N,8,2024-11-21
28,93600,RENT,1.0,HOMEIMPROVEMENT,B,5600,11.99,0,0.06,N,10,2024-10-13
33,48000,OWN,11.0,HOMEIMPROVEMENT,B,10000,9.99,0,0.21,N,8,2024-07-14
28,48000,MORTGAGE,4.0,PERSONAL,B,3000,11.99,0,0.06,N,10,2024-07-20
31,109440,RENT,9.0,DEBTCONSOLIDATION,D,5600,11.013786929274843,1,0.05,N,10,2024-01-29
29,48000,MORTGAGE,13.0,PERSONAL,A,6625,8.49,0,0.14,N,9,2024-05-13
29,48000,MORTGAGE,13.0,VENTURE,A,7000,8.49,0,0.15,N,9,2024-09-12
29,48000,MORTGAGE,4.0,HOMEIMPROVEMENT,A,5000,5.99,0,0.1,N,8,2024-10-29
30,48000,MORTGAGE,4.0,PERSONAL,A,8500,7.49,0,0.18,N,8,2024-12-06
28,36000,RENT,1.0,MEDICAL,B,5700,10.39,0,0.16,N,5,2024-01-11
32,48000,MORTGAGE,2.0,DEBTCONSOLIDATION,B,10650,10.59,0,0.22,N,9,2024-12-28
27,48000,MORTGAGE,1.0,PERSONAL,C,6000,13.49,0,0.13,N,7,2024-08-22
31,95800,RENT,1.0,HOMEIMPROVEMENT,B,5750,9.45,0,0.06,N,10,2024-09-21
27,36996,RENT,4.0,PERSONAL,D,5775,14.91,0,0.16,N,7,2024-11-03
29,48000,MORTGAGE,3.0,EDUCATION,B,9000,11.99,0,0.19,N,5,2024-01-08
29,48000,MORTGAGE,8.0,VENTURE,A,4500,5.42,0,0.09,N,6,2024-06-09
27,32000,RENT,1.0,DEBTCONSOLIDATION,A,5800,7.49,0,0.18,N,5,2024-10-21
29,32400,RENT,11.0,HOMEIMPROVEMENT,A,5800,5.79,1,0.18,N,5,2024-12-10
27,36000,RENT,3.0,MEDICAL,B,5800,12.42,0,0.16,N,10,2024-03-16
32,42000,RENT,1.0,DEBTCONSOLIDATION,A,5800,9.32,0,0.14,N,10,2024-12-28
30,42000,MORTGAGE,14.0,MEDICAL,A,4500,7.49,1,0.11,N,7,2024-10-27
29,48000,OWN,6.0,HOMEIMPROVEMENT,C,8000,13.49,0,0.17,Y,9,2024-09-08
31,73000,RENT,5.0,HOMEIMPROVEMENT,B,5800,10.37,0,0.08,N,6,2024-06-09
29,42000,MORTGAGE,6.0,PERSONAL,B,6000,11.49,1,0.14,N,9,2024-09-23
31,62050,RENT,5.0,MEDICAL,D,5800,14.11,1,0.08,Y,10,2024-02-25
27,48000,MORTGAGE,4.0,MEDICAL,A,5000,6.99,0,0.1,N,7,2024-07-05
28,30000,RENT,5.0,PERSONAL,B,5825,9.99,0,0.19,N,9,2024-03-15
28,48000,OWN,1.0,HOMEIMPROVEMENT,D,12000,14.54,0,0.25,N,10,2024-05-31
27,38000,RENT,1.0,MEDICAL,C,5850,11.013786929274843,0,0.15,N,5,2024-05-24
29,48000,OWN,1.0,PERSONAL,B,1850,10.74,0,0.04,N,7,2024-07-01
34,46000,RENT,1.0,PERSONAL,B,5850,11.12,0,0.13,N,8,2024-01-07
27,48000,OWN,3.0,EDUCATION,C,4500,13.8,0,0.09,N,8,2024-03-09
28,48000,MORTGAGE,1.0,EDUCATION,A,10000,6.92,0,0.21,N,8,2024-01-18
32,48000,OWN,5.0,EDUCATION,A,3000,5.79,0,0.06,N,7,2024-08-09
31,48000,MORTGAGE,8.0,DEBTCONSOLIDATION,A,14400,7.29,0,0.3,N,5,2024-03-13
27,48000,MORTGAGE,5.0,MEDICAL,A,12000,7.66,0,0.25,N,10,2024-04-12
27,58000,RENT,5.0,DEBTCONSOLIDATION,A,5900,9.32,0,0.1,N,7,2024-09-21
29,48000,MORTGAGE,1.0,VENTURE,C,7000,12.68,0,0.15,Y,6,2024-05-09
27,42000,RENT,6.0,PERSONAL,A,5950,5.99,0,0.14,N,5,2024-11-14
29,48000,MORTGAGE,13.0,MEDICAL,A,4975,5.79,0,0.1,N,7,2024-01-07
34,48000,MORTGAGE,5.0,VENTURE,B,3600,10.37,0,0.07,N,5,2024-02-17
33,612000,RENT,3.0,DEBTCONSOLIDATION,C,5950,12.73,0,0.01,Y,9,2024-02-16
29,42000,MORTGAGE,6.0,EDUCATION,A,5500,7.66,1,0.13,N,10,2024-01-16
32,48000,OWN,4.0,EDUCATION,A,8000,5.79,0,0.17,N,7,2024-05-26
29,48000,OWN,3.0,PERSONAL,C,9600,12.23,0,0.2,Y,8,2024-11-14
27,18835,RENT,2.0,MEDICAL,D,6000,16.49,1,0.32,Y,8,2024-08-04
32,48000,MORTGAGE,8.0,HOMEIMPROVEMENT,A,5200,5.42,0,0.11,N,5,2024-02-19
29,42000,MORTGAGE,2.0,HOMEIMPROVEMENT,C,1200,12.98,1,0.03,N,10,2024-07-17
35,20000,RENT,4.0,EDUCATION,D,6000,15.99,0,0.3,N,5,2024-07-18
30,20000,RENT,1.0,EDUCATION,B,6000,11.013786929274843,0,0.3,N,9,2024-12-24
27,20000,RENT,1.0,VENTURE,C,6000,13.11,0,0.3,Y,10,2024-11-27
28,20400,RENT,12.0,EDUCATION,A,6000,6.03,0,0.29,N,8,2024-06-27
29,48000,MORTGAGE,6.0,DEBTCONSOLIDATION,C,15000,13.98,0,0.31,N,10,2024-11-11
29,21000,RENT,7.0,EDUCATION,B,6000,12.42,0,0.29,N,6,2024-01-15
29,48000,MORTGAGE,13.0,PERSONAL,B,20000,11.013786929274843,0,0.42,N,9,2024-02-14
34,48000,MORTGAGE,10.0,DEBTCONSOLIDATION,A,9000,7.14,0,0.19,N,6,2024-05-17
29,48000,MORTGAGE,3.0,VENTURE,A,3250,6.76,0,0.07,N,7,2024-11-08
27,21600,RENT,9.0,PERSONAL,A,6000,7.88,0,0.28,N,9,2024-06-20
35,48000,OWN,6.0,HOMEIMPROVEMENT,C,4200,13.61,0,0.09,N,7,2024-04-19
33,22356,RENT,2.0,MEDICAL,A,6000,7.9,0,0.27,N,8,2024-02-08
29,22500,RENT,1.0,EDUCATION,B,6000,11.83,0,0.27,N,9,2024-12-09
34,48000,MORTGAGE,2.0,PERSONAL,A,10000,7.14,0,0.21,N,10,2024-04-21
31,48000,MORTGAGE,14.0,MEDICAL,A,6600,7.14,0,0.14,N,5,2024-06-20
27,23000,RENT,4.0,MEDICAL,A,6000,8.9,0,0.26,N,6,2024-02-25
31,24000,RENT,3.0,VENTURE,A,6000,8.49,0,0.25,N,9,2024-07-22
29,48000,MORTGAGE,13.0,HOMEIMPROVEMENT,B,20000,11.36,0,0.42,N,10,2024-01-27
35,48000,MORTGAGE,6.0,MEDICAL,C,5000,13.48,0,0.1,Y,10,2024-02-04
29,48000,MORTGAGE,5.0,EDUCATION,C,10000,12.73,0,0.21,Y,7,2024-12-13
30,48000,OWN,3.0,HOMEIMPROVEMENT,C,1500,13.48,0,0.03,Y,5,2024-09-04
35,24000,RENT,2.0,DEBTCONSOLIDATION,C,6000,12.87,0,0.25,N,7,2024-09-28
33,48000,MORTGAGE,1.0,PERSONAL,D,20000,16.07,0,0.42,N,10,2024-05-31
27,42000,MORTGAGE,4.0,PERSONAL,C,2850,13.48,1,0.07,N,7,2024-02-27
27,25200,RENT,3.0,MEDICAL,A,6000,7.9,0,0.24,N,5,2024-12-04
33,48000,MORTGAGE,1.0,DEBTCONSOLIDATION,A,6000,11.013786929274843,0,0.13,N,10,2024-11-27
27,26000,RENT,6.0,PERSONAL,B,6000,10.75,0,0.23,N,10,2024-09-11
27,26004,RENT,7.0,VENTURE,A,6000,7.14,0,0.23,N,5,2024-11-10
35,26400,RENT,2.0,DEBTCONSOLIDATION,D,6000,16.29,1,0.23,Y,8,2024-06-30
32,27000,RENT,2.0,MEDICAL,C,6000,12.73,0,0.22,N,10,2024-06-14
31,27000,RENT,7.0,HOMEIMPROVEMENT,A,6000,8.94,1,0.22,N,6,2024-10-05
27,48000,OWN,2.0,VENTURE,C,14000,11.013786929274843,0,0.29,N,8,2024-11-21
32,27840,RENT,3.0,PERSONAL,E,6000,11.013786929274843,0,0.22,Y,5,2024-02-07
30,48000,MORTGAGE,9.0,EDUCATION,A,3000,7.4,0,0.06,N,7,2024-07-21
27,28000,RENT,3.0,VENTURE,C,6000,13.92,0,0.21,N,6,2024-06-09
30,28800,RENT,2.0,PERSONAL,C,6000,15.23,0,0.21,Y,6,2024-02-11
27,29000,RENT,2.0,VENTURE,C,6000,15.27,0,0.21,Y,6,2024-09-05
29,29004,RENT,8.0,EDUCATION,C,6000,12.87,0,0.21,N,5,2024-01-11
29,29496,RENT,5.0,VENTURE,A,6000,5.79,0,0.2,N,8,2024-05-29
30,48000,MORTGAGE,12.0,PERSONAL,A,15000,11.013786929274843,0,0.31,N,9,2024-11-16
27,30000,RENT,4.0,VENTURE,C,6000,14.65,0,0.2,Y,9,2024-07-09
29,30000,RENT,7.0,PERSONAL,A,6000,8.9,0,0.2,N,10,2024-09-16
35,48000,MORTGAGE,8.0,HOMEIMPROVEMENT,C,2000,11.97,0,0.04,N,9,2024-01-29
33,48000,MORTGAGE,2.0,HOMEIMPROVEMENT,A,7500,8.0,0,0.16,N,10,2024-02-19
29,48000,MORTGAGE,2.0,VENTURE,C,5000,11.97,0,0.1,Y,5,2024-08-16
29,30000,RENT,1.0,HOMEIMPROVEMENT,E,6000,17.99,1,0.2,N,7,2024-04-27
31,30000,RENT,5.0,EDUCATION,A,6000,8.49,0,0.2,N,7,2024-08-21
27,30000,RENT,2.0,MEDICAL,A,6000,7.66,0,0.2,N,9,2024-07-26
28,30000,RENT,10.0,MEDICAL,B,6000,10.37,1,0.2,N,6,2024-12-14
35,30000,RENT,1.0,DEBTCONSOLIDATION,A,6000,6.54,0,0.2,N,6,2024-05-24
28,30000,RENT,2.0,DEBTCONSOLIDATION,B,6000,11.49,1,0.2,N,9,2024-06-18
31,30000,RENT,5.0,PERSONAL,C,6000,13.23,0,0.2,N,5,2024-10-03
27,48000,OWN,10.0,PERSONAL,A,6500,7.75,0,0.14,N,8,2024-05-09
33,48000,MORTGAGE,4.0,HOMEIMPROVEMENT,B,5000,11.013786929274843,0,0.1,N,10,2024-09-28
27,48100,MORTGAGE,1.0,VENTURE,B,20000,11.89,0,0.42,N,10,2024-02-19
32,30000,RENT,5.0,VENTURE,D,6000,12.61,1,0.2,Y,5,2024-01-06
27,42200,MORTGAGE,6.0,MEDICAL,D,10000,16.49,1,0.24,Y,6,2024-09-13
28,31000,RENT,3.0,PERSONAL,D,6000,15.33,0,0.19,N,9,2024-03-21
32,48250,MORTGAGE,3.0,MEDICAL,B,8400,10.74,0,0.17,N,6,2024-09-02
29,31000,RENT,1.0,MEDICAL,C,6000,13.47,0,0.19,Y,6,2024-11-01
30,31200,RENT,5.0,MEDICAL,B,6000,9.91,0,0.19,N,8,2024-01-19
29,31200,RENT,2.0,PERSONAL,B,6000,11.46,1,0.19,N,10,2024-04-28
27,31500,RENT,10.0,EDUCATION,C,6000,12.84,1,0.19,N,9,2024-12-17
30,48500,MORTGAGE,5.0,MEDICAL,A,9350,11.013786929274843,0,0.19,N,7,2024-06-02
27,32000,RENT,11.0,EDUCATION,C,6000,14.27,0,0.19,N,8,2024-08-12
29,32000,RENT,13.0,EDUCATION,B,6000,12.18,0,0.19,N,10,2024-07-28
28,48528,MORTGAGE,12.0,EDUCATION,A,10000,6.99,0,0.21,N,9,2024-09-09
28,32004,RENT,5.0,VENTURE,C,6000,13.99,0,0.19,N,9,2024-04-14
28,33000,RENT,2.0,PERSONAL,A,6000,7.9,0,0.18,N,6,2024-10-14
27,48600,MORTGAGE,4.0,PERSONAL,D,10000,15.7,0,0.21,N,9,2024-06-08
29,33000,RENT,4.0,VENTURE,B,6000,9.99,0,0.18,N,6,2024-10-14
29,48712,MORTGAGE,13.0,VENTURE,A,11050,5.42,0,0.23,N,9,2024-09-17
27,33600,RENT,2.0,PERSONAL,D,6000,14.91,1,0.18,Y,5,2024-01-23
30,33600,RENT,5.0,VENTURE,A,6000,6.91,0,0.18,N,7,2024-02-10
29,33864,RENT,2.0,VENTURE,D,6000,14.91,1,0.18,Y,6,2024-03-26
29,33996,RENT,13.0,EDUCATION,D,6000,14.09,0,0.18,N,7,2024-02-11
27,33996,RENT,8.0,DEBTCONSOLIDATION,D,6000,15.31,1,0.18,Y,5,2024-05-12
27,34000,RENT,3.0,MEDICAL,A,6000,8.9,0,0.18,N,9,2024-08-06
32,34000,RENT,7.0,VENTURE,C,6000,14.65,0,0.18,Y,8,2024-06-19
34,48989,OWN,10.0,EDUCATION,A,2400,7.14,0,0.05,N,5,2024-12-02
30,48996,MORTGAGE,5.0,MEDICAL,C,5000,15.23,0,0.1,Y,5,2024-06-28
30,35000,RENT,8.0,MEDICAL,A,6000,7.9,0,0.17,N,9,2024-04-06
27,35000,RENT,3.0,MEDICAL,A,6000,7.49,0,0.17,N,10,2024-05-26
27,35000,RENT,3.0,PERSONAL,B,6000,11.11,0,0.17,N,6,2024-04-19
30,29000,RENT,2.0,PERSONAL,D,6000,15.58,1,0.21,Y,8,2024-09-18
32,35000,RENT,2.0,VENTURE,B,6000,11.013786929274843,0,0.17,N,9,2024-07-12
27,35000,RENT,2.0,MEDICAL,A,6000,9.32,0,0.17,N,10,2024-04-16
28,35000,RENT,2.0,EDUCATION,B,6000,11.89,0,0.17,N,10,2024-03-29
35,43000,MORTGAGE,7.0,DEBTCONSOLIDATION,D,13200,16.77,1,0.31,Y,9,2024-12-13
31,29004,RENT,4.0,HOMEIMPROVEMENT,B,6000,10.75,1,0.21,N,8,2024-05-20
27,49000,MORTGAGE,11.0,MEDICAL,B,8500,10.59,0,0.17,N,6,2024-05-06
28,49000,OWN,6.0,EDUCATION,B,19000,10.99,0,0.39,N,7,2024-06-24
31,49000,OWN,15.0,EDUCATION,C,14000,13.99,0,0.29,N,10,2024-07-01
30,49000,MORTGAGE,9.0,EDUCATION,A,11750,8.9,0,0.24,N,9,2024-03-31
30,49000,OWN,3.0,MEDICAL,A,3500,6.99,0,0.07,N,5,2024-01-28
31,36000,RENT,3.0,DEBTCONSOLIDATION,A,6000,8.9,0,0.17,N,9,2024-05-29
33,30000,RENT,2.0,VENTURE,E,6000,19.42,1,0.2,N,10,2024-12-01
29,36000,RENT,4.0,EDUCATION,A,6000,5.99,0,0.17,N,6,2024-07-09
30,49000,MORTGAGE,14.0,PERSONAL,D,8500,16.32,0,0.17,Y,9,2024-01-31
28,49000,MORTGAGE,4.0,MEDICAL,A,7000,7.51,0,0.14,N,8,2024-10-29
28,49000,MORTGAGE,5.0,MEDICAL,B,4750,10.25,0,0.1,N,8,2024-08-02
30,49000,OWN,7.0,PERSONAL,B,8500,12.18,0,0.17,N,8,2024-01-07
32,49000,MORTGAGE,9.0,DEBTCONSOLIDATION,A,8275,11.013786929274843,0,0.17,N,6,2024-09-01
33,36000,RENT,1.0,MEDICAL,C,6000,13.22,0,0.17,Y,8,2024-09-10
30,49200,MORTGAGE,13.0,HOMEIMPROVEMENT,A,9250,11.013786929274843,0,0.19,N,8,2024-08-29
30,49200,MORTGAGE,12.0,EDUCATION,A,15025,6.03,0,0.31,N,8,2024-11-07
27,49200,MORTGAGE,4.0,MEDICAL,A,2500,5.42,0,0.05,N,10,2024-07-30
27,49200,MORTGAGE,11.0,MEDICAL,A,9600,5.42,0,0.2,N,6,2024-01-18
32,49200,MORTGAGE,5.0,HOMEIMPROVEMENT,A,5000,7.74,0,0.1,N,10,2024-06-15
27,49272,MORTGAGE,5.0,MEDICAL,B,3250,11.013786929274843,0,0.07,N,6,2024-03-16
32,37000,RENT,4.0,MEDICAL,B,6000,10.36,0,0.16,N,6,2024-02-09
27,49304,MORTGAGE,2.0,MEDICAL,C,10000,11.78,0,0.2,N,9,2024-11-12
29,49349,MORTGAGE,13.0,DEBTCONSOLIDATION,B,4000,11.49,0,0.08,N,5,2024-10-14
27,31200,RENT,2.0,PERSONAL,A,6000,6.62,1,0.19,N,10,2024-03-24
31,49500,MORTGAGE,3.0,DEBTCONSOLIDATION,B,10000,10.75,0,0.2,N,6,2024-09-22
27,49536,OWN,11.0,MEDICAL,B,12000,10.38,0,0.24,N,10,2024-01-25
29,32004,RENT,1.0,HOMEIMPROVEMENT,D,6000,15.7,1,0.19,N,9,2024-11-24
30,38004,RENT,4.0,VENTURE,B,6000,11.013786929274843,0,0.16,N,10,2024-07-21
30,43580,MORTGAGE,5.0,PERSONAL,B,6000,12.21,1,0.14,N,7,2024-10-25
30,49641,MORTGAGE,9.0,PERSONAL,C,8400,13.11,0,0.17,Y,6,2024-09-03
35,43772,MORTGAGE,11.0,MEDICAL,A,15000,7.51,1,0.34,N,6,2024-02-18
35,49800,MORTGAGE,3.0,PERSONAL,A,6000,7.14,0,0.12,N,6,2024-10-08
28,39184,RENT,3.0,DEBTCONSOLIDATION,A,6000,6.17,0,0.15,N,7,2024-02-04
27,40000,RENT,2.0,PERSONAL,B,6000,11.013786929274843,0,0.15,N,9,2024-09-15
27,40000,RENT,1.0,DEBTCONSOLIDATION,B,6000,11.99,0,0.15,N,6,2024-06-16
27,50000,MORTGAGE,7.0,MEDICAL,A,9500,8.9,0,0.19,N,8,2024-11-28
35,50000,MORTGAGE,5.0,HOMEIMPROVEMENT,C,6000,13.49,0,0.12,N,6,2024-10-14
27,40000,RENT,4.0,EDUCATION,C,6000,12.73,0,0.15,N,10,2024-01-17
29,40000,RENT,2.0,DEBTCONSOLIDATION,B,6000,11.14,0,0.15,N,6,2024-01-13
35,40000,RENT,1.0,MEDICAL,B,6000,11.013786929274843,0,0.15,N,7,2024-01-08
30,50000,MORTGAGE,8.0,DEBTCONSOLIDATION,A,10000,6.62,0,0.2,N,7,2024-02-10
27,40000,RENT,2.0,EDUCATION,C,6000,11.28,0,0.15,N,7,2024-01-08
27,40800,RENT,11.0,PERSONAL,A,6000,7.66,0,0.15,N,7,2024-12-02
27,50000,OWN,5.0,PERSONAL,A,5275,11.013786929274843,0,0.11,N,5,2024-09-16
30,41000,RENT,14.0,DEBTCONSOLIDATION,A,6000,6.03,0,0.15,N,10,2024-05-17
31,50000,MORTGAGE,8.0,DEBTCONSOLIDATION,C,6000,13.49,0,0.12,Y,9,2024-02-24
34,50000,MORTGAGE,11.0,VENTURE,A,4000,8.9,0,0.08,N,8,2024-12-14
27,50000,MORTGAGE,6.0,PERSONAL,B,12000,11.71,0,0.24,N,10,2024-01-31
27,41000,RENT,2.0,MEDICAL,A,6000,9.32,0,0.15,N,7,2024-06-10
33,35496,RENT,3.0,PERSONAL,C,6000,13.72,1,0.17,Y,8,2024-06-15
33,35600,RENT,1.0,VENTURE,C,6000,13.49,1,0.17,N,5,2024-10-22
34,42000,RENT,2.0,EDUCATION,B,6000,10.59,0,0.14,N,7,2024-07-30
34,50000,MORTGAGE,6.0,VENTURE,C,16000,13.49,0,0.32,Y,5,2024-03-07
34,42000,RENT,5.0,VENTURE,C,6000,14.22,0,0.14,N,10,2024-10-02
32,36000,RENT,4.0,MEDICAL,D,6000,16.07,1,0.17,Y,10,2024-04-18
28,42000,RENT,4.0,VENTURE,C,6000,11.78,0,0.14,Y,10,2024-10-22
28,42328,RENT,5.0,MEDICAL,A,6000,8.63,0,0.14,N,7,2024-07-10
35,37000,RENT,2.0,PERSONAL,B,6000,9.99,1,0.16,N,7,2024-07-31
32,43000,RENT,2.0,EDUCATION,C,6000,13.22,0,0.14,N,6,2024-08-09
28,50000,OWN,12.0,VENTURE,A,6000,6.03,0,0.12,N,9,2024-11-29
29,43000,RENT,1.0,MEDICAL,B,6000,11.14,0,0.14,N,7,2024-08-10
35,50000,MORTGAGE,7.0,HOMEIMPROVEMENT,A,12000,6.62,0,0.24,N,6,2024-08-16
28,43000,RENT,5.0,MEDICAL,B,6000,10.39,0,0.14,N,5,2024-01-21
28,43150,RENT,3.0,VENTURE,B,6000,9.99,0,0.14,N,9,2024-05-25
30,50000,MORTGAGE,6.0,DEBTCONSOLIDATION,C,4000,14.27,0,0.08,N,9,2024-06-11
27,50000,MORTGAGE,4.0,EDUCATION,B,2100,9.91,0,0.04,N,6,2024-02-23
30,50000,MORTGAGE,3.0,PERSONAL,C,6000,11.013786929274843,0,0.12,Y,7,2024-11-02
29,50000,OWN,3.0,HOMEIMPROVEMENT,B,4200,9.91,0,0.08,N,5,2024-01-27
29,39000,RENT,2.0,PERSONAL,B,6000,12.69,1,0.15,N,5,2024-06-24
31,50000,MORTGAGE,7.0,HOMEIMPROVEMENT,A,4800,6.03,0,0.1,N,5,2024-11-10
27,45000,RENT,1.0,EDUCATION,B,6000,10.65,0,0.13,N,8,2024-04-10
29,50000,MORTGAGE,4.0,MEDICAL,A,10000,6.03,0,0.2,N,5,2024-12-22
29,50000,MORTGAGE,4.0,MEDICAL,B,21850,12.42,0,0.44,N,10,2024-04-14
30,45000,RENT,1.0,EDUCATION,A,6000,7.51,0,0.13,N,5,2024-08-04
27,39000,RENT,1.0,VENTURE,D,6000,14.61,1,0.15,N,7,2024-03-12
30,46000,RENT,5.0,MEDICAL,A,6000,6.99,0,0.13,N,5,2024-11-06
34,50000,OWN,2.0,PERSONAL,B,12000,11.013786929274843,0,0.24,N,9,2024-03-01
31,50000,MORTGAGE,4.0,VENTURE,A,16000,8.9,0,0.32,N,8,2024-04-14
31,50000,MORTGAGE,7.0,VENTURE,A,6000,5.99,0,0.12,N,8,2024-08-28
27,50000,OWN,8.0,VENTURE,A,12000,5.42,0,0.24,N,7,2024-02-12
31,47000,RENT,4.0,VENTURE,A,6000,6.99,0,0.13,N,7,2024-06-12
28,50000,OWN,3.0,EDUCATION,A,3200,8.49,0,0.06,N,5,2024-07-08
27,50000,MORTGAGE,5.0,VENTURE,B,2000,10.99,0,0.04,N,6,2024-02-05
30,47581,RENT,2.0,MEDICAL,C,6000,13.16,0,0.13,Y,9,2024-10-27
31,48000,RENT,1.0,MEDICAL,A,6000,6.03,0,0.13,N,6,2024-01-22
29,50000,OWN,3.0,PERSONAL,C,6000,13.99,0,0.12,N,8,2024-01-09
33,50000,OWN,5.0,EDUCATION,A,8300,11.013786929274843,0,0.17,N,7,2024-05-06
30,42000,RENT,1.0,MEDICAL,D,6000,14.46,1,0.14,N,5,2024-01-19
30,50000,MORTGAGE,2.0,EDUCATION,B,3975,10.99,0,0.08,N,8,2024-05-02
28,50000,MORTGAGE,7.0,PERSONAL,D,6000,15.99,0,0.12,Y,9,2024-01-27
32,50000,OWN,16.0,HOMEIMPROVEMENT,A,8000,7.49,0,0.16,N,9,2024-11-13
33,44000,MORTGAGE,2.0,EDUCATION,C,7000,12.99,1,0.16,Y,8,2024-06-10
29,42996,RENT,5.0,VENTURE,C,6000,15.96,1,0.14,N,5,2024-09-08
27,50000,MORTGAGE,4.0,EDUCATION,C,2200,12.99,0,0.04,Y,10,2024-11-07
27,49000,RENT,11.0,MEDICAL,C,6000,15.27,0,0.12,Y,9,2024-05-02
33,49000,RENT,2.0,VENTURE,B,6000,10.99,0,0.12,N,6,2024-07-11
33,50000,MORTGAGE,8.0,MEDICAL,A,4000,5.42,0,0.08,N,10,2024-12-26
28,50000,MORTGAGE,13.0,HOMEIMPROVEMENT,B,8450,11.013786929274843,0,0.17,N,9,2024-01-08
27,49500,RENT,6.0,PERSONAL,C,6000,11.22,0,0.12,N,8,2024-10-31
29,50000,RENT,5.0,DEBTCONSOLIDATION,C,6000,13.49,0,0.12,Y,7,2024-11-25
29,50000,MORTGAGE,2.0,MEDICAL,A,5000,11.013786929274843,0,0.1,N,6,2024-10-19
34,50000,RENT,5.0,PERSONAL,B,6000,9.91,0,0.12,N,8,2024-03-30
30,50000,OWN,3.0,EDUCATION,A,5000,5.99,0,0.1,N,7,2024-07-12
31,50000,RENT,4.0,PERSONAL,D,6000,15.62,0,0.12,Y,10,2024-07-21
29,50000,RENT,13.0,HOMEIMPROVEMENT,B,6000,9.99,0,0.12,N,7,2024-05-26
29,50000,OWN,8.0,HOMEIMPROVEMENT,B,9725,12.12,0,0.19,N,6,2024-10-29
29,50000,MORTGAGE,13.0,MEDICAL,B,13650,10.99,0,0.27,N,9,2024-11-09
33,50000,MORTGAGE,7.0,PERSONAL,B,10000,9.99,0,0.2,N,5,2024-03-30
35,50000,OWN,6.0,MEDICAL,A,13650,6.99,0,0.27,N,10,2024-09-02
30,50000,RENT,4.0,PERSONAL,A,6000,5.79,0,0.12,N,7,2024-10-28
30,50000,MORTGAGE,2.0,HOMEIMPROVEMENT,B,3000,10.59,0,0.06,N,5,2024-04-20
27,50000,RENT,3.0,VENTURE,B,6000,11.36,0,0.12,N,9,2024-05-19
28,50000,MORTGAGE,12.0,EDUCATION,C,18000,13.49,0,0.36,Y,7,2024-12-07
33,44000,RENT,6.0,DEBTCONSOLIDATION,D,6000,14.96,1,0.14,N,8,2024-01-05
28,50000,MORTGAGE,1.0,VENTURE,A,8000,5.99,0,0.16,N,7,2024-11-12
27,44004,RENT,2.0,PERSONAL,E,6000,17.19,1,0.14,Y,5,2024-05-12
34,50004,RENT,6.0,EDUCATION,A,6000,7.88,0,0.12,N,5,2024-02-28
31,50100,RENT,5.0,DEBTCONSOLIDATION,B,6000,10.0,0,0.12,N,5,2024-09-18
29,50000,OWN,6.0,MEDICAL,A,4000,5.42,0,0.08,N,8,2024-11-27
28,51000,RENT,5.0,DEBTCONSOLIDATION,B,6000,12.69,0,0.12,N,5,2024-03-17
34,51000,RENT,1.0,MEDICAL,A,6000,5.99,0,0.12,N,6,2024-03-05
29,45000,RENT,1.0,HOMEIMPROVEMENT,A,6000,5.79,1,0.13,N,10,2024-07-23
30,50000,MORTGAGE,12.0,DEBTCONSOLIDATION,C,8000,13.06,0,0.16,Y,5,2024-06-09
29,51000,RENT,2.0,MEDICAL,A,6000,7.29,0,0.12,N,10,2024-12-30
27,51600,RENT,12.0,EDUCATION,A,6000,8.49,0,0.12,N,6,2024-06-24
28,52000,RENT,6.0,DEBTCONSOLIDATION,A,6000,7.14,0,0.12,N,6,2024-09-28
34,52000,RENT,1.0,EDUCATION,B,6000,12.53,0,0.12,N,9,2024-03-30
29,50000,MORTGAGE,5.0,PERSONAL,B,8000,10.37,0,0.16,N,7,2024-11-09
29,47000,RENT,8.0,EDUCATION,D,6000,17.49,1,0.13,N,7,2024-04-01
29,54000,RENT,2.0,DEBTCONSOLIDATION,A,6000,7.9,0,0.11,N,7,2024-06-22
28,54000,RENT,9.0,VENTURE,A,6000,5.42,0,0.11,N,5,2024-08-10
30,50000,MORTGAGE,11.0,MEDICAL,B,10000,11.013786929274843,0,0.2,N,6,2024-12-13
27,54000,RENT,11.0,VENTURE,D,6000,14.59,0,0.11,Y,5,2024-03-16
29,49000,RENT,3.0,PERSONAL,C,6000,13.99,1,0.12,N,6,2024-10-02
31,49000,RENT,5.0,HOMEIMPROVEMENT,B,6000,10.59,1,0.12,N,9,2024-09-19
28,55000,RENT,3.0,MEDICAL,B,6000,10.74,0,0.11,N,8,2024-02-21
30,50000,MORTGAGE,14.0,MEDICAL,C,1000,11.013786929274843,0,0.02,N,6,2024-01-07
33,55000,RENT,3.0,EDUCATION,C,6000,13.35,0,0.11,Y,5,2024-03-04
31,55000,RENT,3.0,PERSONAL,B,6000,10.38,0,0.11,N,6,2024-05-12
34,44000,MORTGAGE,8.0,DEBTCONSOLIDATION,C,4500,12.98,1,0.1,N,6,2024-09-20
29,55000,RENT,13.0,DEBTCONSOLIDATION,B,6000,11.013786929274843,0,0.11,N,9,2024-06-18
28,50000,OWN,3.0,HOMEIMPROVEMENT,D,8500,14.83,0,0.17,Y,5,2024-12-22
31,55560,RENT,11.0,EDUCATION,B,6000,11.99,0,0.11,N,6,2024-09-07
30,55840,RENT,6.0,MEDICAL,B,6000,10.25,0,0.11,N,5,2024-07-01
30,50000,MORTGAGE,11.0,DEBTCONSOLIDATION,B,1400,10.36,0,0.03,N,8,2024-06-23
31,56160,RENT,1.0,DEBTCONSOLIDATION,C,6000,13.98,0,0.11,Y,9,2024-08-08
28,57000,RENT,2.0,HOMEIMPROVEMENT,C,6000,13.49,0,0.11,Y,8,2024-04-14
31,57006,RENT,7.0,VENTURE,A,6000,7.29,0,0.11,N,10,2024-08-20
28,50000,MORTGAGE,12.0,VENTURE,B,3000,10.36,0,0.06,N,7,2024-08-03
34,57016,RENT,14.0,HOMEIMPROVEMENT,B,6000,11.83,0,0.11,N,6,2024-02-20
29,57600,RENT,1.0,MEDICAL,B,6000,9.91,0,0.1,N,10,2024-03-12
27,44000,MORTGAGE,3.0,DEBTCONSOLIDATION,B,24000,8.88,1,0.55,N,9,2024-10-14
29,59000,RENT,3.0,DEBTCONSOLIDATION,B,6000,10.37,0,0.1,N,7,2024-06-09
29,59000,RENT,3.0,EDUCATION,A,6000,7.88,0,0.1,N,9,2024-12-04
32,59004,RENT,2.0,HOMEIMPROVEMENT,B,6000,11.49,0,0.1,N,8,2024-03-03
30,50000,OWN,5.0,EDUCATION,A,5000,7.14,0,0.1,N,7,2024-01-17
32,59363,RENT,2.0,PERSONAL,C,6000,13.22,0,0.1,Y,10,2024-04-02
30,50000,OWN,4.0,DEBTCONSOLIDATION,D,10000,15.95,0,0.2,Y,7,2024-01-24
32,59500,RENT,3.0,EDUCATION,D,6000,13.36,0,0.1,Y,8,2024-06-07
27,59578,RENT,11.0,HOMEIMPROVEMENT,D,6000,14.59,0,0.1,Y,7,2024-04-18
29,60000,RENT,1.0,HOMEIMPROVEMENT,C,6000,14.79,0,0.1,N,9,2024-02-06
32,54000,RENT,2.0,HOMEIMPROVEMENT,E,6000,15.95,1,0.11,N,7,2024-02-01
32,60000,RENT,6.0,MEDICAL,C,6000,13.98,0,0.1,N,5,2024-02-06
30,50000,MORTGAGE,1.0,PERSONAL,B,16000,10.38,0,0.32,N,7,2024-11-24
32,60000,RENT,2.0,PERSONAL,B,6000,11.36,0,0.1,N,8,2024-05-18
27,60000,RENT,6.0,PERSONAL,A,6000,8.94,0,0.1,N,9,2024-10-28
32,50000,MORTGAGE,5.0,PERSONAL,A,9600,6.76,0,0.19,N,9,2024-02-20
30,50000,MORTGAGE,14.0,VENTURE,A,5000,7.88,0,0.1,N,5,2024-02-02
34,60000,RENT,3.0,VENTURE,A,6000,8.0,0,0.1,N,9,2024-11-07
29,60000,RENT,1.0,HOMEIMPROVEMENT,B,6000,10.01,0,0.1,N,10,2024-02-01
32,50000,MORTGAGE,3.0,PERSONAL,A,6000,6.76,0,0.12,N,6,2024-10-31
30,61400,RENT,4.0,VENTURE,C,6000,15.96,0,0.1,N,9,2024-10-25
34,50000,MORTGAGE,7.0,HOMEIMPROVEMENT,D,5000,11.013786929274843,0,0.1,N,10,2024-04-13
33,61500,RENT,7.0,EDUCATION,A,6000,5.79,0,0.1,N,10,2024-01-30
32,62000,RENT,6.0,MEDICAL,B,6000,11.013786929274843,0,0.1,N,5,2024-12-29
34,62000,RENT,1.0,HOMEIMPROVEMENT,A,6000,7.49,0,0.1,N,9,2024-03-20
32,22800,RENT,1.0,VENTURE,D,7125,15.28,1,0.31,N,5,2024-11-12
31,50000,MORTGAGE,1.0,DEBTCONSOLIDATION,A,12000,7.88,0,0.24,N,6,2024-12-09
30,50000,OWN,4.0,VENTURE,C,3000,14.22,0,0.06,Y,10,2024-02-24
27,41200,RENT,1.0,MEDICAL,A,7100,7.88,0,0.17,N,10,2024-09-29
31,50000,MORTGAGE,5.0,VENTURE,A,2000,6.39,0,0.04,N,7,2024-08-31
35,25200,RENT,2.0,DEBTCONSOLIDATION,C,7050,12.23,0,0.28,Y,7,2024-04-18
31,50000,MORTGAGE,2.0,DEBTCONSOLIDATION,B,5000,10.62,0,0.1,N,10,2024-09-24
31,50000,OWN,1.0,HOMEIMPROVEMENT,C,16000,13.85,0,0.32,N,6,2024-07-30
27,20000,RENT,1.0,PERSONAL,A,7025,5.42,1,0.35,N,9,2024-09-26
28,50000,MORTGAGE,3.0,PERSONAL,A,3000,11.013786929274843,0,0.06,N,10,2024-05-17
31,13000,RENT,6.0,HOMEIMPROVEMENT,B,7000,9.62,1,0.54,N,9,2024-07-25
29,14400,RENT,2.0,PERSONAL,C,7000,12.84,1,0.49,N,5,2024-03-12
30,14500,RENT,15.0,DEBTCONSOLIDATION,A,7000,6.76,1,0.48,N,5,2024-01-11
27,15000,RENT,1.0,HOMEIMPROVEMENT,B,7000,12.21,1,0.47,N,10,2024-08-10
27,50000,MORTGAGE,2.0,HOMEIMPROVEMENT,C,10750,13.48,0,0.21,N,5,2024-07-17
29,50000,MORTGAGE,9.0,MEDICAL,A,10000,7.88,0,0.2,N,8,2024-10-14
29,18000,RENT,5.0,VENTURE,B,7000,10.99,1,0.39,N,5,2024-03-05
27,50000,MORTGAGE,3.0,VENTURE,B,15000,9.88,0,0.3,N,8,2024-12-02
29,21000,RENT,7.0,MEDICAL,C,7000,13.72,1,0.33,N,10,2024-10-23
27,23400,RENT,5.0,EDUCATION,D,7000,15.7,1,0.3,Y,5,2024-12-12
27,24000,RENT,4.0,DEBTCONSOLIDATION,B,7000,10.75,0,0.29,N,10,2024-11-01
30,50000,MORTGAGE,3.0,PERSONAL,B,5000,11.013786929274843,0,0.1,N,5,2024-06-22
28,24996,RENT,2.0,DEBTCONSOLIDATION,C,7000,12.53,0,0.28,N,8,2024-10-01
27,50000,OWN,8.0,EDUCATION,D,4500,14.61,0,0.09,N,6,2024-06-12
28,50000,MORTGAGE,8.0,EDUCATION,A,7000,8.59,0,0.14,N,9,2024-04-18
31,57000,RENT,15.0,EDUCATION,B,6000,11.013786929274843,1,0.11,N,8,2024-01-03
29,63000,RENT,4.0,PERSONAL,A,6000,7.51,0,0.1,N,7,2024-01-20
30,63000,RENT,2.0,HOMEIMPROVEMENT,A,6000,11.013786929274843,0,0.1,N,7,2024-12-05
28,50000,MORTGAGE,3.0,DEBTCONSOLIDATION,A,5000,7.74,0,0.1,N,6,2024-10-10
33,63550,RENT,6.0,MEDICAL,A,6000,11.013786929274843,0,0.09,N,8,2024-02-26
27,65000,RENT,11.0,HOMEIMPROVEMENT,C,6000,14.65,0,0.09,Y,7,2024-01-07
31,65000,RENT,9.0,VENTURE,A,6000,6.99,0,0.09,N,10,2024-10-24
31,65000,RENT,2.0,EDUCATION,B,6000,11.49,0,0.09,N,6,2024-06-23
29,50000,MORTGAGE,5.0,DEBTCONSOLIDATION,C,3250,14.26,0,0.07,N,5,2024-08-01
32,65000,RENT,4.0,MEDICAL,A,6000,7.49,0,0.09,N,5,2024-04-11
29,65000,RENT,2.0,VENTURE,B,6000,11.14,0,0.09,N,10,2024-09-15
35,65004,RENT,2.0,DEBTCONSOLIDATION,A,6000,7.29,0,0.09,N,10,2024-10-21
33,50000,OWN,2.0,PERSONAL,C,1200,14.26,0,0.02,N,6,2024-03-27
27,50000,MORTGAGE,1.0,VENTURE,A,6500,7.74,0,0.13,N,6,2024-04-21
27,65600,RENT,3.0,EDUCATION,D,6000,15.62,0,0.09,Y,9,2024-11-24
27,67000,RENT,3.0,DEBTCONSOLIDATION,B,6000,9.99,0,0.09,N,8,2024-05-03
31,68000,RENT,1.0,HOMEIMPROVEMENT,A,6000,7.49,0,0.09,N,10,2024-08-15
29,44000,MORTGAGE,9.0,DEBTCONSOLIDATION,D,10000,14.74,1,0.23,N,5,2024-11-04
27,50000,MORTGAGE,5.0,VENTURE,A,12000,9.32,0,0.24,N,8,2024-03-17
27,69996,RENT,1.0,PERSONAL,B,6000,11.86,0,0.09,N,6,2024-08-15
27,50000,MORTGAGE,3.0,DEBTCONSOLIDATION,C,10000,12.84,0,0.2,N,10,2024-02-07
28,70000,RENT,2.0,DEBTCONSOLIDATION,B,6000,10.36,0,0.09,N,9,2024-06-16
27,50000,OWN,3.0,MEDICAL,C,9000,12.53,0,0.18,N,8,2024-01-18
30,50000,MORTGAGE,3.0,HOMEIMPROVEMENT,B,5000,10.95,0,0.1,N,9,2024-06-07
30,50000,MORTGAGE,14.0,DEBTCONSOLIDATION,A,1875,8.0,0,0.04,N,9,2024-01-16
33,44000,MORTGAGE,6.0,DEBTCONSOLIDATION,D,4500,14.74,1,0.1,N,10,2024-10-01
34,70000,RENT,1.0,EDUCATION,B,6000,11.89,0,0.09,N,5,2024-11-18
28,71000,RENT,4.0,MEDICAL,A,6000,8.49,0,0.08,N,10,2024-02-18
33,50000,OWN,1.0,VENTURE,D,12000,13.99,0,0.24,Y,7,2024-10-19
27,72000,RENT,4.0,DEBTCONSOLIDATION,C,6000,15.96,0,0.08,N,10,2024-02-09
27,50000,MORTGAGE,11.0,PERSONAL,C,7500,11.59,0,0.15,Y,6,2024-11-03
32,72000,RENT,5.0,VENTURE,A,6000,8.49,0,0.08,N,10,2024-09-08
29,72000,RENT,1.0,VENTURE,B,6000,9.63,0,0.08,N,5,2024-12-01
31,72000,RENT,15.0,HOMEIMPROVEMENT,C,6000,13.23,0,0.08,N,5,2024-02-05
32,50000,MORTGAGE,1.0,MEDICAL,B,7500,10.39,0,0.15,N,7,2024-02-06
31,66000,RENT,4.0,DEBTCONSOLIDATION,C,6000,14.35,1,0.09,N,5,2024-08-19
27,66000,RENT,11.0,DEBTCONSOLIDATION,D,6000,11.013786929274843,1,0.09,N,8,2024-06-11
27,50000,MORTGAGE,1.0,PERSONAL,A,3000,7.68,0,0.06,N,5,2024-09-23
27,50000,OWN,7.0,EDUCATION,C,8800,12.29,0,0.18,N,7,2024-01-06
29,74000,RENT,2.0,HOMEIMPROVEMENT,A,6000,5.42,0,0.08,N,10,2024-10-02
29,50000,MORTGAGE,11.0,HOMEIMPROVEMENT,C,4000,10.78,0,0.08,N,5,2024-01-03
27,50000,OWN,9.0,EDUCATION,A,3000,7.75,0,0.06,N,6,2024-03-28
28,50004,OWN,4.0,EDUCATION,A,10000,7.49,0,0.2,N,5,2024-05-07
29,50004,MORTGAGE,5.0,PERSONAL,A,10000,5.99,0,0.2,N,5,2024-07-28
29,75000,RENT,2.0,MEDICAL,A,6000,8.49,0,0.08,N,6,2024-02-28
30,75000,RENT,2.0,MEDICAL,C,6000,12.68,0,0.08,N,8,2024-11-11
28,75000,RENT,4.0,EDUCATION,A,6000,6.92,0,0.08,N,6,2024-02-24
27,75000,RENT,11.0,VENTURE,D,6000,15.21,0,0.08,Y,9,2024-03-12
27,50004,OWN,5.0,MEDICAL,B,10200,10.37,0,0.2,N,10,2024-12-28
31,75000,RENT,2.0,VENTURE,A,6000,7.68,0,0.08,N,10,2024-09-21
31,59500,RENT,1.0,MEDICAL,B,6000,11.71,1,0.09,N,6,2024-07-30
31,76000,RENT,4.0,HOMEIMPROVEMENT,A,6000,7.49,0,0.08,N,5,2024-11-28
34,76000,RENT,4.0,MEDICAL,B,6000,11.013786929274843,0,0.08,N,10,2024-02-07
28,77385,RENT,3.0,MEDICAL,A,6000,7.66,0,0.08,N,6,2024-03-13
29,61628,RENT,2.0,MEDICAL,E,6000,16.95,1,0.08,Y,9,2024-10-11
29,50004,MORTGAGE,1.0,HOMEIMPROVEMENT,C,1500,13.11,0,0.03,Y,6,2024-11-14
32,80000,RENT,16.0,PERSONAL,C,6000,11.013786929274843,0,0.07,Y,6,2024-10-12
32,80000,RENT,3.0,VENTURE,B,6000,12.69,0,0.07,N,7,2024-05-30
35,44004,MORTGAGE,7.0,MEDICAL,B,10000,11.36,1,0.23,N,7,2024-11-04
32,50004,MORTGAGE,2.0,EDUCATION,C,6250,12.87,0,0.12,Y,6,2024-07-08
31,80000,RENT,2.0,MEDICAL,A,6000,6.03,0,0.07,N,10,2024-04-21
33,80000,RENT,10.0,DEBTCONSOLIDATION,A,6000,8.49,0,0.07,N,6,2024-02-24
29,80000,RENT,3.0,PERSONAL,A,6000,6.99,0,0.07,N,10,2024-12-02
29,50004,MORTGAGE,3.0,DEBTCONSOLIDATION,B,20000,11.58,0,0.4,N,7,2024-08-06
31,50004,MORTGAGE,15.0,DEBTCONSOLIDATION,A,10000,8.0,0,0.2,N,8,2024-09-27
27,81000,RENT,4.0,VENTURE,B,6000,11.86,0,0.07,N,10,2024-08-13
34,82000,RENT,3.0,MEDICAL,A,6000,8.9,0,0.07,N,5,2024-02-28
29,84000,RENT,3.0,MEDICAL,B,6000,11.49,0,0.07,N,6,2024-11-24
27,50055,MORTGAGE,5.0,VENTURE,B,15000,10.62,0,0.3,N,5,2024-01-15
31,78996,RENT,5.0,HOMEIMPROVEMENT,A,6000,7.51,1,0.08,N,5,2024-02-11
28,50123,MORTGAGE,11.0,PERSONAL,B,2200,11.49,0,0.04,N,8,2024-02-01
32,85000,RENT,7.0,DEBTCONSOLIDATION,B,6000,11.71,0,0.07,N,5,2024-05-21
27,85000,RENT,11.0,PERSONAL,B,6000,11.013786929274843,0,0.07,N,7,2024-04-08
27,85000,RENT,11.0,DEBTCONSOLIDATION,C,6000,13.43,0,0.07,Y,5,2024-09-17
31,50268,MORTGAGE,4.0,PERSONAL,D,12000,12.61,0,0.24,N,9,2024-09-03
28,50343,OWN,11.0,HOMEIMPROVEMENT,A,22000,7.49,0,0.44,N,5,2024-01-20
31,87500,RENT,4.0,DEBTCONSOLIDATION,B,6000,11.99,0,0.07,N,5,2024-07-10
32,44400,MORTGAGE,3.0,EDUCATION,A,15000,8.9,1,0.34,N,5,2024-12-03
35,88020,RENT,6.0,PERSONAL,D,6000,15.37,0,0.07,Y,8,2024-10-28
30,89004,RENT,6.0,MEDICAL,C,6000,13.16,0,0.07,Y,5,2024-10-16
27,89700,RENT,1.0,VENTURE,B,6000,11.99,0,0.07,N,7,2024-01-27
27,90000,RENT,1.0,VENTURE,B,6000,11.71,0,0.07,N,8,2024-08-24
27,44400,MORTGAGE,10.0,VENTURE,C,4000,13.99,1,0.09,Y,7,2024-05-17
28,50400,MORTGAGE,4.0,VENTURE,A,12000,11.013786929274843,0,0.24,N,8,2024-05-31
30,50400,MORTGAGE,7.0,PERSONAL,A,3000,7.29,0,0.06,N,6,2024-12-03
33,50400,MORTGAGE,3.0,VENTURE,A,6000,6.92,0,0.12,N,9,2024-12-28
29,92004,RENT,8.0,EDUCATION,B,6000,10.38,0,0.07,N,10,2024-04-18
29,50400,OWN,4.0,EDUCATION,B,9000,10.37,0,0.18,N,9,2024-11-19
35,93000,RENT,4.0,PERSONAL,C,6000,14.27,0,0.06,Y,9,2024-07-05
28,94773,RENT,3.0,HOMEIMPROVEMENT,B,6000,11.83,0,0.06,N,10,2024-10-06
27,50400,MORTGAGE,9.0,EDUCATION,A,5000,7.51,0,0.1,N,5,2024-11-01
34,50400,MORTGAGE,9.0,VENTURE,F,22800,18.67,0,0.45,N,10,2024-07-31
33,44400,MORTGAGE,3.0,MEDICAL,C,2000,14.22,1,0.05,Y,6,2024-05-19
27,50400,MORTGAGE,7.0,MEDICAL,A,11000,8.94,0,0.22,N,5,2024-12-28
31,50402,MORTGAGE,4.0,PERSONAL,C,3000,13.22,0,0.06,N,9,2024-09-02
34,100000,RENT,5.0,PERSONAL,B,6000,10.99,0,0.06,N,9,2024-01-16
27,108000,RENT,4.0,DEBTCONSOLIDATION,B,6000,10.65,0,0.06,N,7,2024-09-22
31,110000,RENT,15.0,DEBTCONSOLIDATION,A,6000,6.99,0,0.05,N,6,2024-11-13
31,50600,MORTGAGE,2.0,MEDICAL,A,8500,11.013786929274843,0,0.17,N,7,2024-12-10
34,111280,RENT,3.0,HOMEIMPROVEMENT,B,6000,9.99,0,0.05,N,9,2024-01-18
28,112000,RENT,1.0,HOMEIMPROVEMENT,B,6000,12.69,0,0.05,N,10,2024-07-31
32,114000,RENT,17.0,HOMEIMPROVEMENT,B,6000,10.37,0,0.05,N,5,2024-05-09
27,115000,RENT,3.0,VENTURE,A,6000,7.4,0,0.05,N,5,2024-01-16
28,125004,RENT,12.0,PERSONAL,A,6000,7.51,0,0.05,N,10,2024-04-23
30,155000,RENT,9.0,DEBTCONSOLIDATION,A,6000,7.14,0,0.04,N,10,2024-04-18
35,165996,RENT,1.0,DEBTCONSOLIDATION,A,6000,5.42,0,0.04,N,10,2024-03-24
27,185000,RENT,2.0,HOMEIMPROVEMENT,A,6000,11.013786929274843,0,0.03,N,10,2024-08-14
28,240000,RENT,2.0,MEDICAL,B,6000,11.46,0,0.03,N,6,2024-12-27
34,564000,RENT,2.0,MEDICAL,A,6000,7.14,0,0.01,N,5,2024-08-13
29,48000,RENT,6.0,MEDICAL,B,6025,10.65,0,0.13,N,9,2024-09-29
32,12000,RENT,2.0,DEBTCONSOLIDATION,B,6075,12.42,1,0.51,N,8,2024-02-04
27,40000,RENT,4.0,EDUCATION,C,6125,13.23,0,0.15,Y,5,2024-02-26
29,70000,RENT,2.0,VENTURE,A,6125,7.49,0,0.09,N,8,2024-10-14
32,108000,RENT,16.0,PERSONAL,A,6125,5.99,1,0.06,N,5,2024-09-24
33,45000,MORTGAGE,17.0,HOMEIMPROVEMENT,A,10800,7.51,1,0.24,N,8,2024-02-10
32,12000,RENT,2.0,EDUCATION,A,6200,6.17,1,0.52,N,9,2024-09-02
28,51000,MORTGAGE,12.0,VENTURE,A,8000,7.51,0,0.16,N,5,2024-03-07
29,51000,OWN,6.0,MEDICAL,A,19750,7.49,0,0.39,N,8,2024-08-10
35,24996,RENT,2.0,DEBTCONSOLIDATION,B,6200,11.013786929274843,0,0.25,N,5,2024-07-06
30,51000,MORTGAGE,4.0,PERSONAL,B,2000,10.99,0,0.04,N,10,2024-07-15
29,51000,MORTGAGE,12.0,PERSONAL,B,1800,11.49,0,0.04,N,8,2024-05-29
27,51000,OWN,11.0,PERSONAL,A,12000,7.49,0,0.24,N,7,2024-11-25
27,51000,OWN,11.0,VENTURE,A,18000,7.49,0,0.35,N,8,2024-04-20
33,45000,MORTGAGE,3.0,HOMEIMPROVEMENT,D,8000,16.49,1,0.18,Y,6,2024-12-17
30,51000,MORTGAGE,6.0,HOMEIMPROVEMENT,A,6600,6.92,0,0.13,N,9,2024-06-02
31,60000,RENT,1.0,MEDICAL,A,6200,8.59,0,0.1,N,7,2024-05-30
32,51000,MORTGAGE,1.0,VENTURE,B,10000,9.99,0,0.2,N,5,2024-05-15
28,81000,RENT,13.0,VENTURE,A,6225,7.9,0,0.08,N,7,2024-08-26
29,51000,MORTGAGE,8.0,PERSONAL,B,25000,11.49,0,0.49,N,10,2024-11-13
29,18000,RENT,4.0,HOMEIMPROVEMENT,B,6250,9.99,1,0.35,N,6,2024-04-24
32,51000,MORTGAGE,2.0,DEBTCONSOLIDATION,B,15000,11.36,0,0.29,N,9,2024-03-18
28,21000,RENT,6.0,EDUCATION,A,6250,7.9,0,0.3,N,7,2024-08-17
27,23004,RENT,1.0,MEDICAL,B,6250,10.38,0,0.27,N,6,2024-07-28
30,51000,MORTGAGE,6.0,DEBTCONSOLIDATION,C,15000,12.73,0,0.29,Y,5,2024-10-02
33,51000,MORTGAGE,12.0,MEDICAL,A,7200,6.76,0,0.14,N,5,2024-06-27
27,51000,OWN,3.0,HOMEIMPROVEMENT,A,3500,7.88,0,0.07,N,5,2024-09-26
29,55400,RENT,2.0,HOMEIMPROVEMENT,C,7000,10.28,0,0.13,Y,6,2024-02-16
28,49900,RENT,6.0,HOMEIMPROVEMENT,C,7000,14.27,1,0.14,N,9,2024-11-01
31,56000,RENT,4.0,MEDICAL,A,7000,7.29,0,0.13,N,8,2024-11-18
30,45000,MORTGAGE,11.0,PERSONAL,D,10000,14.74,1,0.22,N,6,2024-09-18
27,58000,RENT,11.0,VENTURE,A,7000,11.013786929274843,0,0.12,N,9,2024-04-06
32,60000,RENT,7.0,HOMEIMPROVEMENT,A,7000,7.51,0,0.12,N,8,2024-05-05
28,51150,MORTGAGE,1.0,MEDICAL,A,7200,9.63,0,0.14,N,10,2024-04-26
29,45200,MORTGAGE,7.0,MEDICAL,D,6000,16.49,1,0.13,Y,10,2024-05-27
27,60000,RENT,8.0,VENTURE,A,7000,6.99,0,0.12,N,10,2024-12-20
27,51267,MORTGAGE,8.0,EDUCATION,A,4000,7.68,0,0.08,N,10,2024-12-23
31,51320,OWN,1.0,MEDICAL,C,5000,11.97,0,0.1,Y,9,2024-10-03
27,60000,RENT,3.0,VENTURE,F,7000,19.47,0,0.12,N,7,2024-03-18
27,51456,OWN,3.0,PERSONAL,B,8000,10.62,0,0.16,N,7,2024-07-03
30,62000,RENT,1.0,MEDICAL,C,7000,14.27,0,0.11,Y,5,2024-04-22
33,62000,RENT,17.0,VENTURE,A,7000,6.99,0,0.11,N,9,2024-06-09
29,51540,MORTGAGE,3.0,DEBTCONSOLIDATION,A,4000,5.79,0,0.08,N,7,2024-07-17
30,56400,RENT,1.0,DEBTCONSOLIDATION,B,7000,11.49,1,0.12,N,9,2024-08-21
29,56500,RENT,3.0,MEDICAL,B,7000,11.013786929274843,1,0.12,N,8,2024-03-13
27,51600,MORTGAGE,12.0,MEDICAL,A,6000,8.9,0,0.12,N,9,2024-12-08
28,64000,RENT,13.0,MEDICAL,B,7000,10.59,0,0.11,N,6,2024-07-31
29,64000,RENT,3.0,DEBTCONSOLIDATION,A,7000,7.51,0,0.11,N,6,2024-05-21
30,51600,MORTGAGE,4.0,EDUCATION,D,12200,15.28,0,0.24,N,7,2024-11-17
28,65000,RENT,3.0,HOMEIMPROVEMENT,B,7000,12.69,0,0.11,N,10,2024-08-22
27,51600,MORTGAGE,5.0,DEBTCONSOLIDATION,A,10800,6.91,0,0.21,N,8,2024-08-27
30,65000,RENT,14.0,DEBTCONSOLIDATION,C,7000,13.49,0,0.11,N,8,2024-05-11
28,65000,RENT,3.0,HOMEIMPROVEMENT,A,7000,8.49,0,0.11,N,6,2024-04-24
34,51621,MORTGAGE,5.0,PERSONAL,B,3500,11.49,0,0.07,N,6,2024-08-03
27,65000,RENT,5.0,PERSONAL,E,7000,16.82,0,0.11,N,9,2024-07-21
33,65000,RENT,3.0,DEBTCONSOLIDATION,C,7000,14.26,0,0.11,N,10,2024-03-28
27,65000,RENT,5.0,VENTURE,C,7000,13.57,0,0.11,N,7,2024-03-28
30,51750,OWN,5.0,VENTURE,B,12000,11.14,0,0.23,N,10,2024-10-04
33,51888,MORTGAGE,13.0,PERSONAL,C,7000,13.98,0,0.13,N,10,2024-11-25
30,51996,MORTGAGE,5.0,VENTURE,A,3200,6.99,0,0.06,N,10,2024-06-01
28,61350,RENT,12.0,DEBTCONSOLIDATION,C,7000,12.98,1,0.11,Y,8,2024-04-07
27,51996,OWN,8.0,DEBTCONSOLIDATION,D,9600,14.09,0,0.18,N,9,2024-10-16
35,51996,OWN,16.0,VENTURE,A,2000,6.17,0,0.04,N,8,2024-05-24
33,51996,MORTGAGE,3.0,DEBTCONSOLIDATION,B,14000,8.88,0,0.27,N,9,2024-05-03
33,68508,RENT,17.0,MEDICAL,A,7000,8.0,0,0.1,N,6,2024-12-26
29,70000,RENT,6.0,EDUCATION,A,7000,7.74,0,0.1,N,6,2024-06-13
28,51996,MORTGAGE,4.0,PERSONAL,A,5000,7.51,0,0.1,N,7,2024-06-17
28,72000,RENT,2.0,MEDICAL,B,7000,11.49,0,0.1,N,7,2024-07-10
29,72500,RENT,1.0,PERSONAL,A,7000,7.29,0,0.1,N,5,2024-12-17
31,73000,RENT,2.0,VENTURE,A,7000,7.9,0,0.1,N,7,2024-02-16
29,75000,RENT,2.0,HOMEIMPROVEMENT,B,7000,11.71,0,0.09,N,9,2024-04-12
32,75000,RENT,2.0,PERSONAL,C,7000,12.61,0,0.09,N,6,2024-07-21
30,78000,RENT,12.0,PERSONAL,A,7000,6.54,0,0.09,N,5,2024-05-08
28,52000,OWN,6.0,HOMEIMPROVEMENT,B,14000,12.42,0,0.27,N,10,2024-07-04
33,61200,RENT,3.0,MEDICAL,D,7000,14.96,1,0.1,Y,8,2024-06-13
35,80000,RENT,5.0,EDUCATION,A,7000,7.29,0,0.09,N,8,2024-07-25
31,52000,MORTGAGE,7.0,DEBTCONSOLIDATION,A,5000,7.51,0,0.1,N,8,2024-03-11
32,52000,MORTGAGE,5.0,HOMEIMPROVEMENT,C,20000,11.013786929274843,0,0.38,N,9,2024-09-12
27,52000,MORTGAGE,4.0,DEBTCONSOLIDATION,A,8000,8.9,0,0.15,N,10,2024-05-15
33,46000,MORTGAGE,8.0,PERSONAL,B,14300,9.91,1,0.31,N,6,2024-11-10
31,81000,RENT,8.0,VENTURE,C,7000,13.61,0,0.09,Y,8,2024-12-01
28,52000,MORTGAGE,11.0,MEDICAL,A,6000,11.013786929274843,0,0.12,N,5,2024-08-25
35,52000,MORTGAGE,7.0,DEBTCONSOLIDATION,A,7000,6.03,0,0.13,N,5,2024-07-13
33,52000,MORTGAGE,4.0,HOMEIMPROVEMENT,A,1800,7.51,0,0.03,N,5,2024-05-03
35,84175,RENT,4.0,EDUCATION,A,7000,7.29,0,0.08,N,8,2024-04-22
31,29640,RENT,4.0,DEBTCONSOLIDATION,D,6250,14.96,1,0.21,N,7,2024-07-27
29,52000,MORTGAGE,12.0,MEDICAL,A,5000,5.42,0,0.1,N,7,2024-10-14
27,52000,MORTGAGE,4.0,HOMEIMPROVEMENT,A,8000,6.99,0,0.15,N,8,2024-10-16
30,90000,RENT,1.0,MEDICAL,B,7000,9.25,0,0.08,N,8,2024-03-14
32,52000,MORTGAGE,1.0,VENTURE,A,1000,6.99,0,0.02,N,7,2024-04-09
28,90000,RENT,5.0,DEBTCONSOLIDATION,C,7000,12.87,0,0.08,Y,10,2024-03-14
31,46000,MORTGAGE,5.0,EDUCATION,C,8000,13.49,1,0.17,Y,5,2024-05-26
29,92000,RENT,5.0,VENTURE,A,7000,9.32,0,0.08,N,10,2024-09-12
33,94000,RENT,4.0,HOMEIMPROVEMENT,B,7000,11.49,0,0.07,N,10,2024-05-04
27,52000,MORTGAGE,11.0,HOMEIMPROVEMENT,A,6000,7.49,0,0.12,N,8,2024-07-07
31,52000,MORTGAGE,6.0,EDUCATION,A,10000,8.49,0,0.19,N,5,2024-02-16
28,52000,MORTGAGE,5.0,HOMEIMPROVEMENT,B,2800,10.99,0,0.05,N,8,2024-05-01
30,52000,MORTGAGE,4.0,EDUCATION,C,4200,11.013786929274843,0,0.08,Y,6,2024-07-02
33,97000,RENT,4.0,HOMEIMPROVEMENT,C,7000,12.98,0,0.07,N,5,2024-06-08
29,99000,RENT,1.0,VENTURE,B,7000,11.11,0,0.07,N,10,2024-04-08
34,105000,RENT,3.0,MEDICAL,A,7000,9.63,0,0.07,N,10,2024-01-05
35,108000,RENT,1.0,PERSONAL,B,7000,11.013786929274843,0,0.06,N,7,2024-03-30
29,52000,MORTGAGE,6.0,VENTURE,D,12000,15.65,0,0.23,N,8,2024-03-19
27,52000,MORTGAGE,5.0,PERSONAL,A,10000,7.29,0,0.19,N,7,2024-01-01
28,112200,RENT,11.0,MEDICAL,C,7000,11.66,0,0.06,Y,7,2024-12-09
32,108000,RENT,3.0,HOMEIMPROVEMENT,D,7000,16.29,1,0.06,Y,6,2024-09-28
30,52000,MORTGAGE,4.0,PERSONAL,B,14675,9.63,0,0.28,N,8,2024-03-27
31,123000,RENT,2.0,VENTURE,A,7000,8.49,0,0.06,N,10,2024-02-15
35,125000,RENT,6.0,DEBTCONSOLIDATION,C,7000,13.06,0,0.06,Y,5,2024-10-03
29,52000,MORTGAGE,6.0,MEDICAL,B,7800,10.36,0,0.15,N,9,2024-12-08
35,218000,RENT,4.0,DEBTCONSOLIDATION,D,7000,14.11,1,0.03,Y,9,2024-09-04
35,52000,OWN,3.0,VENTURE,B,10400,9.99,0,0.2,N,7,2024-05-12
27,52000,MORTGAGE,8.0,VENTURE,C,1800,12.98,0,0.03,N,8,2024-01-21
27,32200,RENT,1.0,EDUCATION,E,6300,16.45,1,0.2,N,6,2024-09-18
32,49000,RENT,16.0,MEDICAL,B,6300,9.91,0,0.13,N,8,2024-09-28
30,54000,RENT,1.0,EDUCATION,B,6300,10.0,0,0.12,N,7,2024-02-21
32,52000,OWN,14.0,VENTURE,A,15000,6.91,0,0.29,N,6,2024-09-04
29,54380,RENT,4.0,VENTURE,B,6300,10.75,0,0.12,N,10,2024-05-27
29,46000,MORTGAGE,13.0,HOMEIMPROVEMENT,B,4800,11.86,1,0.1,N,9,2024-09-21
28,61000,RENT,3.0,VENTURE,C,6300,13.61,0,0.1,Y,9,2024-08-25
31,83000,RENT,5.0,PERSONAL,B,6300,10.65,0,0.08,N,5,2024-06-24
29,52000,OWN,13.0,VENTURE,C,1000,13.23,0,0.02,N,8,2024-04-18
31,52000,MORTGAGE,8.0,HOMEIMPROVEMENT,A,6400,7.88,0,0.12,N,10,2024-12-20
27,52000,MORTGAGE,6.0,PERSONAL,A,11500,7.14,0,0.22,N,9,2024-09-23
32,38000,RENT,3.0,VENTURE,A,6350,5.79,0,0.17,N,6,2024-10-15
28,52000,MORTGAGE,10.0,EDUCATION,A,13600,7.88,0,0.26,N,7,2024-10-01
27,16800,RENT,3.0,DEBTCONSOLIDATION,B,6500,11.99,1,0.39,N,8,2024-11-04
32,52000,MORTGAGE,3.0,MEDICAL,C,10000,14.35,0,0.19,Y,8,2024-01-20
33,52000,MORTGAGE,1.0,EDUCATION,C,12000,13.85,0,0.23,N,5,2024-07-23
33,21600,RENT,2.0,EDUCATION,C,6500,11.013786929274843,0,0.3,N,10,2024-05-01
30,23000,RENT,3.0,PERSONAL,C,6500,14.72,0,0.28,N,10,2024-04-26
35,23000,RENT,13.0,MEDICAL,A,6500,8.63,0,0.28,N,6,2024-07-27
29,26400,RENT,2.0,VENTURE,B,6500,10.38,0,0.25,N,10,2024-10-18
30,52000,MORTGAGE,7.0,PERSONAL,D,5500,14.96,0,0.11,Y,10,2024-02-22
34,52000,MORTGAGE,15.0,PERSONAL,B,8000,11.14,0,0.15,N,7,2024-12-11
30,30000,RENT,4.0,HOMEIMPROVEMENT,D,6500,15.65,1,0.22,Y,6,2024-04-26
29,37000,RENT,1.0,MEDICAL,B,6500,11.013786929274843,0,0.18,N,8,2024-10-21
30,38000,RENT,2.0,EDUCATION,A,6500,7.14,0,0.17,N,9,2024-07-26
34,38400,RENT,1.0,MEDICAL,B,6500,9.91,0,0.17,N,7,2024-06-03
27,46000,MORTGAGE,2.0,PERSONAL,C,4000,12.53,1,0.09,Y,9,2024-06-21
31,52000,MORTGAGE,15.0,PERSONAL,B,15200,12.21,0,0.29,N,8,2024-01-04
27,39996,RENT,4.0,VENTURE,A,6500,9.63,0,0.16,N,7,2024-04-02
30,52000,MORTGAGE,3.0,EDUCATION,C,5750,13.79,0,0.11,N,10,2024-10-04
28,40000,RENT,1.0,MEDICAL,B,6500,10.74,0,0.16,N,6,2024-01-19
27,46000,MORTGAGE,11.0,EDUCATION,A,8725,9.32,1,0.19,N,9,2024-01-11
27,52000,MORTGAGE,2.0,HOMEIMPROVEMENT,B,7000,11.89,0,0.13,N,8,2024-04-22
33,41000,RENT,2.0,VENTURE,A,6500,7.51,0,0.16,N,7,2024-04-16
30,52000,MORTGAGE,9.0,PERSONAL,D,9000,12.49,0,0.17,Y,6,2024-11-09
30,52000,MORTGAGE,2.0,PERSONAL,C,18500,10.91,0,0.36,N,7,2024-05-11
27,52000,MORTGAGE,7.0,DEBTCONSOLIDATION,A,5000,7.75,0,0.1,N,7,2024-09-12
31,42500,RENT,3.0,MEDICAL,A,6500,7.29,0,0.15,N,10,2024-04-04
34,36500,RENT,4.0,DEBTCONSOLIDATION,D,6500,15.65,1,0.18,N,10,2024-02-03
27,45000,RENT,4.0,PERSONAL,B,6500,10.99,0,0.14,N,8,2024-11-03
28,52260,MORTGAGE,4.0,EDUCATION,A,9000,7.51,0,0.17,N,7,2024-05-30
29,50000,RENT,1.0,MEDICAL,C,6500,15.96,0,0.13,N,7,2024-02-18
32,50000,RENT,3.0,VENTURE,D,6500,16.32,0,0.13,Y,10,2024-03-16
31,50000,RENT,8.0,DEBTCONSOLIDATION,A,6500,9.38,0,0.13,N,5,2024-10-31
32,52500,MORTGAGE,9.0,HOMEIMPROVEMENT,C,7000,12.99,0,0.13,N,9,2024-10-10
33,56000,RENT,1.0,EDUCATION,A,6500,6.76,0,0.12,N,6,2024-07-11
32,52500,MORTGAGE,15.0,DEBTCONSOLIDATION,A,9500,6.92,0,0.18,N,7,2024-10-21
33,54000,RENT,1.0,DEBTCONSOLIDATION,D,6500,14.96,1,0.12,Y,7,2024-05-05
29,46500,MORTGAGE,1.0,EDUCATION,D,11000,12.99,1,0.24,Y,6,2024-11-03
28,52524,MORTGAGE,11.0,MEDICAL,A,9200,9.32,0,0.18,N,7,2024-03-09
27,63360,RENT,1.0,EDUCATION,B,6500,9.99,0,0.1,N,8,2024-12-26
33,67000,RENT,1.0,VENTURE,A,6500,7.74,0,0.1,N,5,2024-08-12
30,67275,RENT,4.0,HOMEIMPROVEMENT,A,6500,8.94,0,0.1,N,7,2024-08-20
27,69476,RENT,3.0,VENTURE,A,6500,6.17,0,0.09,N,7,2024-03-19
27,52656,MORTGAGE,4.0,VENTURE,B,13000,11.013786929274843,0,0.25,N,10,2024-02-13
27,52680,OWN,11.0,PERSONAL,D,8000,14.54,0,0.15,N,10,2024-10-21
29,75000,RENT,6.0,HOMEIMPROVEMENT,B,6500,10.74,0,0.09,N,9,2024-07-09
29,52800,MORTGAGE,7.0,EDUCATION,D,25475,16.29,0,0.48,Y,7,2024-01-06
32,52800,MORTGAGE,2.0,HOMEIMPROVEMENT,A,24000,7.51,0,0.45,N,10,2024-08-23
29,52800,MORTGAGE,1.0,PERSONAL,C,4800,14.79,0,0.09,N,9,2024-08-23
30,52800,MORTGAGE,14.0,VENTURE,A,15000,5.99,0,0.28,N,5,2024-05-31
29,32000,RENT,1.0,MEDICAL,D,6525,16.07,1,0.2,Y,9,2024-11-02
29,29500,RENT,3.0,VENTURE,A,6550,7.9,0,0.22,N,10,2024-10-27
27,42000,RENT,2.0,MEDICAL,A,6550,7.88,0,0.16,N,8,2024-08-31
27,30000,RENT,5.0,PERSONAL,C,6575,13.49,1,0.22,N,9,2024-01-20
31,26000,RENT,1.0,MEDICAL,B,6600,11.013786929274843,0,0.25,N,6,2024-04-21
28,52828,MORTGAGE,6.0,MEDICAL,A,14500,7.29,0,0.27,N,7,2024-11-03
29,52833,MORTGAGE,7.0,VENTURE,A,12250,6.62,0,0.23,N,6,2024-02-06
29,30000,RENT,2.0,MEDICAL,D,6600,15.33,1,0.22,Y,8,2024-07-30
28,53000,MORTGAGE,12.0,HOMEIMPROVEMENT,B,17050,12.42,0,0.32,N,7,2024-05-11
35,53000,OWN,1.0,PERSONAL,C,10000,15.27,0,0.19,Y,6,2024-02-06
31,39000,RENT,5.0,MEDICAL,C,6600,13.79,0,0.17,Y,9,2024-05-13
27,40200,RENT,2.0,VENTURE,B,6600,11.14,0,0.16,N,7,2024-06-04
27,50100,RENT,11.0,VENTURE,A,6600,8.0,0,0.13,N,7,2024-01-03
28,53000,OWN,3.0,EDUCATION,A,7475,7.9,0,0.14,N,8,2024-12-29
31,53000,MORTGAGE,15.0,VENTURE,D,10000,11.013786929274843,0,0.19,N,10,2024-09-26
34,53000,MORTGAGE,7.0,DEBTCONSOLIDATION,A,3100,7.9,0,0.06,N,6,2024-07-14
30,53000,MORTGAGE,3.0,HOMEIMPROVEMENT,A,12500,6.03,0,0.24,N,7,2024-04-04
31,53000,MORTGAGE,15.0,HOMEIMPROVEMENT,A,15875,7.9,0,0.3,N,5,2024-11-04
31,53000,MORTGAGE,8.0,EDUCATION,C,3000,15.23,0,0.06,N,5,2024-11-25
35,130000,RENT,11.0,EDUCATION,E,6600,17.93,0,0.05,N,5,2024-10-22
33,24947,RENT,3.0,HOMEIMPROVEMENT,B,6625,12.69,1,0.27,N,9,2024-10-08
31,51000,RENT,4.0,EDUCATION,B,6625,10.38,0,0.13,N,10,2024-05-25
31,53000,MORTGAGE,2.0,MEDICAL,B,7200,10.37,0,0.14,N,8,2024-12-30
28,47000,MORTGAGE,5.0,HOMEIMPROVEMENT,B,6000,8.88,1,0.13,N,6,2024-08-29
33,53000,MORTGAGE,2.0,MEDICAL,A,6000,5.79,0,0.11,N,5,2024-07-05
33,25700,RENT,3.0,EDUCATION,B,6700,10.99,0,0.26,N,10,2024-04-14
31,47000,MORTGAGE,10.0,VENTURE,D,23000,14.84,1,0.49,N,9,2024-01-17
32,28600,RENT,3.0,VENTURE,B,6700,10.37,0,0.23,N,9,2024-06-17
33,53000,RENT,6.0,HOMEIMPROVEMENT,C,6700,13.49,0,0.13,N,6,2024-11-04
29,53000,MORTGAGE,13.0,DEBTCONSOLIDATION,C,10750,13.11,0,0.2,N,7,2024-01-09
27,53000,MORTGAGE,3.0,EDUCATION,C,6400,13.11,0,0.12,Y,8,2024-07-10
30,20000,RENT,4.0,PERSONAL,C,6800,12.84,1,0.34,N,6,2024-07-21
32,22704,RENT,4.0,DEBTCONSOLIDATION,B,6800,11.013786929274843,0,0.3,N,8,2024-06-12
34,53000,OWN,9.0,HOMEIMPROVEMENT,A,9600,8.94,0,0.18,N,10,2024-09-26
27,53000,MORTGAGE,6.0,VENTURE,A,5000,11.013786929274843,0,0.09,N,7,2024-11-15
27,47000,MORTGAGE,2.0,DEBTCONSOLIDATION,D,25000,14.96,1,0.53,Y,9,2024-11-01
27,47000,MORTGAGE,11.0,DEBTCONSOLIDATION,G,7750,11.013786929274843,1,0.16,N,7,2024-04-09
32,39270,RENT,5.0,EDUCATION,C,6800,12.99,0,0.17,Y,7,2024-06-16
34,47818,RENT,9.0,MEDICAL,A,6800,6.92,0,0.14,N,9,2024-11-15
31,50000,RENT,4.0,EDUCATION,E,6800,19.29,0,0.14,N,8,2024-11-22
32,53000,MORTGAGE,1.0,EDUCATION,C,6800,12.84,0,0.13,Y,7,2024-05-06
33,45000,RENT,13.0,EDUCATION,C,6800,11.22,1,0.15,Y,6,2024-04-18
29,53000,MORTGAGE,3.0,EDUCATION,A,6000,8.0,0,0.11,N,8,2024-07-28
31,53000,MORTGAGE,7.0,VENTURE,C,4550,11.03,0,0.09,Y,6,2024-07-03
28,53004,MORTGAGE,2.0,HOMEIMPROVEMENT,C,10000,12.98,0,0.19,N,10,2024-09-29
28,47004,MORTGAGE,12.0,PERSONAL,C,10000,13.61,1,0.21,Y,6,2024-09-02
27,53004,MORTGAGE,10.0,EDUCATION,B,5600,11.86,0,0.11,N,6,2024-04-04
29,53004,MORTGAGE,2.0,HOMEIMPROVEMENT,A,15000,9.63,0,0.28,N,10,2024-06-16
32,53100,MORTGAGE,14.0,MEDICAL,B,7500,11.26,0,0.14,N,10,2024-01-18
29,53200,MORTGAGE,7.0,HOMEIMPROVEMENT,C,1000,13.49,0,0.02,Y,6,2024-02-27
32,53200,MORTGAGE,13.0,PERSONAL,A,5000,11.013786929274843,0,0.09,N,8,2024-08-28
30,53208,MORTGAGE,5.0,EDUCATION,C,8500,11.013786929274843,0,0.16,Y,5,2024-03-05
31,53329,MORTGAGE,6.0,HOMEIMPROVEMENT,A,8250,5.99,0,0.15,N,9,2024-03-30
29,53360,MORTGAGE,11.0,EDUCATION,A,10475,7.88,0,0.2,N,9,2024-01-05
27,53400,MORTGAGE,8.0,PERSONAL,B,4000,9.99,0,0.07,N,6,2024-09-12
32,53408,MORTGAGE,8.0,VENTURE,B,1400,10.99,0,0.03,N,6,2024-07-18
35,53500,MORTGAGE,3.0,MEDICAL,B,10000,9.91,0,0.19,N,5,2024-01-07
29,53500,MORTGAGE,3.0,DEBTCONSOLIDATION,C,5000,13.49,0,0.09,N,10,2024-09-24
27,47500,MORTGAGE,5.0,MEDICAL,A,13000,7.88,1,0.27,N,8,2024-06-11
35,53500,MORTGAGE,1.0,VENTURE,C,20000,12.53,0,0.37,Y,7,2024-04-15
34,53549,MORTGAGE,17.0,DEBTCONSOLIDATION,A,14200,6.99,0,0.27,N,6,2024-01-26
29,53590,MORTGAGE,2.0,HOMEIMPROVEMENT,B,11225,11.14,0,0.21,N,7,2024-12-19
29,30000,RENT,2.0,EDUCATION,C,6400,12.87,0,0.21,N,5,2024-10-03
28,53796,MORTGAGE,12.0,HOMEIMPROVEMENT,B,7000,9.91,0,0.13,N,8,2024-10-19
28,31800,RENT,2.0,VENTURE,E,6400,16.82,1,0.2,Y,5,2024-08-04
30,53979,MORTGAGE,5.0,EDUCATION,B,25000,10.08,0,0.46,N,7,2024-07-05
29,31836,RENT,2.0,EDUCATION,D,6400,14.96,1,0.2,Y,5,2024-03-14
32,54000,MORTGAGE,4.0,MEDICAL,C,12000,15.27,0,0.22,N,6,2024-07-27
27,54000,MORTGAGE,1.0,HOMEIMPROVEMENT,B,27575,11.013786929274843,0,0.51,N,10,2024-07-26
29,34000,RENT,2.0,DEBTCONSOLIDATION,B,6400,6.0,0,0.19,N,8,2024-03-26
27,54000,MORTGAGE,1.0,DEBTCONSOLIDATION,C,6000,14.27,0,0.11,Y,7,2024-12-10
29,54000,MORTGAGE,2.0,EDUCATION,C,2500,13.49,0,0.05,Y,9,2024-09-14
33,48000,MORTGAGE,7.0,PERSONAL,B,7000,12.42,1,0.15,N,5,2024-02-20
27,54000,MORTGAGE,4.0,MEDICAL,A,9000,6.62,0,0.17,N,10,2024-05-10
30,36000,RENT,2.0,EDUCATION,B,6400,10.59,0,0.18,N,9,2024-04-14
30,54000,MORTGAGE,6.0,MEDICAL,A,5375,11.013786929274843,0,0.1,N,5,2024-06-03
30,54000,MORTGAGE,14.0,EDUCATION,B,14500,10.65,0,0.27,N,9,2024-05-07
34,37000,RENT,2.0,EDUCATION,C,6400,13.61,0,0.17,N,9,2024-09-08
30,54000,MORTGAGE,13.0,MEDICAL,A,10000,7.9,0,0.19,N,10,2024-09-18
28,48000,MORTGAGE,13.0,PERSONAL,C,5000,15.27,1,0.1,Y,5,2024-06-03
34,54000,MORTGAGE,5.0,HOMEIMPROVEMENT,A,27000,7.9,0,0.5,N,5,2024-11-16
33,54000,MORTGAGE,8.0,MEDICAL,A,3800,8.9,0,0.07,N,7,2024-05-26
34,43000,RENT,1.0,MEDICAL,A,6400,9.63,0,0.15,N,5,2024-04-30
32,54000,MORTGAGE,16.0,PERSONAL,A,11200,6.03,0,0.21,N,9,2024-02-15
30,54000,MORTGAGE,1.0,HOMEIMPROVEMENT,A,4000,6.03,0,0.07,N,5,2024-01-31
32,41000,RENT,2.0,MEDICAL,D,6400,15.65,1,0.16,Y,6,2024-10-04
33,54000,MORTGAGE,3.0,EDUCATION,C,10000,15.23,0,0.19,Y,8,2024-03-19
27,54000,MORTGAGE,11.0,MEDICAL,A,4000,11.013786929274843,0,0.07,N,8,2024-01-06
32,50000,RENT,16.0,HOMEIMPROVEMENT,D,6400,11.013786929274843,0,0.13,Y,10,2024-07-11
30,50000,RENT,2.0,VENTURE,B,6400,11.71,0,0.13,N,6,2024-11-24
28,54000,MORTGAGE,12.0,MEDICAL,A,4150,7.49,0,0.08,N,6,2024-04-01
33,54000,MORTGAGE,6.0,EDUCATION,B,2100,9.99,0,0.04,N,6,2024-09-08
27,50000,RENT,4.0,HOMEIMPROVEMENT,C,6400,13.23,0,0.13,Y,7,2024-07-10
29,54000,MORTGAGE,13.0,MEDICAL,B,12000,11.99,0,0.22,N,8,2024-01-14
28,56000,RENT,4.0,PERSONAL,A,6400,7.29,0,0.11,N,9,2024-09-10
34,56000,RENT,2.0,PERSONAL,C,6400,11.013786929274843,0,0.11,Y,5,2024-06-22
32,57192,RENT,5.0,PERSONAL,A,6400,8.0,0,0.11,N,5,2024-01-17
34,54000,MORTGAGE,5.0,PERSONAL,A,3500,5.99,0,0.06,N,6,2024-05-17
33,58000,RENT,5.0,MEDICAL,A,6400,7.51,0,0.11,N,8,2024-04-06
32,54000,MORTGAGE,9.0,EDUCATION,B,3000,11.013786929274843,0,0.06,N,7,2024-02-28
27,58500,RENT,11.0,VENTURE,B,6400,12.53,0,0.11,N,5,2024-07-17
29,54000,MORTGAGE,1.0,VENTURE,D,10000,16.89,0,0.19,N,5,2024-04-22
32,54000,MORTGAGE,3.0,DEBTCONSOLIDATION,A,10975,7.66,0,0.2,N,7,2024-10-20
28,64775,RENT,9.0,PERSONAL,C,6400,12.87,1,0.1,Y,10,2024-10-14
33,66000,RENT,2.0,VENTURE,D,6400,14.96,1,0.1,N,7,2024-07-12
35,69000,RENT,5.0,DEBTCONSOLIDATION,D,6400,16.77,1,0.09,Y,8,2024-05-01
29,75000,RENT,5.0,VENTURE,A,6400,7.49,0,0.09,N,8,2024-12-06
32,54000,MORTGAGE,3.0,DEBTCONSOLIDATION,A,12000,7.66,0,0.22,N,6,2024-08-11
32,54000,MORTGAGE,6.0,EDUCATION,A,4800,11.013786929274843,0,0.09,N,7,2024-10-06
32,80000,RENT,1.0,MEDICAL,B,6400,10.99,0,0.08,N,10,2024-11-16
34,54000,MORTGAGE,5.0,MEDICAL,A,10000,7.29,0,0.19,N,7,2024-06-20
28,87000,RENT,7.0,VENTURE,B,6400,10.39,0,0.07,N,6,2024-04-08
30,90000,RENT,2.0,EDUCATION,A,6400,6.62,0,0.07,N,7,2024-11-18
28,54000,MORTGAGE,3.0,VENTURE,B,10000,9.99,0,0.19,N,9,2024-02-15
34,90000,RENT,4.0,MEDICAL,B,6400,11.013786929274843,0,0.07,N,7,2024-04-10
32,95000,RENT,5.0,HOMEIMPROVEMENT,C,6400,11.54,0,0.07,N,5,2024-03-31
29,96000,RENT,3.0,HOMEIMPROVEMENT,B,6400,11.49,0,0.07,N,8,2024-12-19
28,54000,MORTGAGE,1.0,PERSONAL,A,11000,6.54,0,0.2,N,9,2024-09-24
28,54000,MORTGAGE,1.0,VENTURE,B,6250,9.99,0,0.12,N,6,2024-12-26
31,48000,MORTGAGE,15.0,PERSONAL,B,5000,10.36,1,0.1,N,5,2024-09-18
31,54000,MORTGAGE,12.0,DEBTCONSOLIDATION,A,6000,7.14,0,0.11,N,5,2024-07-21
30,54000,MORTGAGE,12.0,MEDICAL,C,15000,14.72,0,0.28,Y,9,2024-10-18
28,54000,MORTGAGE,12.0,DEBTCONSOLIDATION,A,11500,7.88,0,0.21,N,6,2024-05-24
32,54000,MORTGAGE,12.0,PERSONAL,A,3500,7.88,0,0.06,N,6,2024-11-13
28,54000,MORTGAGE,11.0,HOMEIMPROVEMENT,A,1200,7.51,0,0.02,N,7,2024-06-05
27,27000,RENT,3.0,MEDICAL,B,6900,9.99,0,0.26,N,7,2024-09-13
31,48000,MORTGAGE,9.0,MEDICAL,A,8000,7.14,1,0.17,N,8,2024-02-14
30,39500,RENT,3.0,EDUCATION,A,6925,7.88,0,0.18,N,9,2024-02-23
30,54000,MORTGAGE,5.0,EDUCATION,A,5000,7.88,0,0.09,N,5,2024-04-11
28,54000,MORTGAGE,2.0,EDUCATION,B,9250,11.36,0,0.17,N,10,2024-01-25
32,43000,RENT,2.0,MEDICAL,B,6950,9.91,0,0.16,N,9,2024-02-08
29,54000,MORTGAGE,2.0,DEBTCONSOLIDATION,A,5000,7.14,0,0.09,N,5,2024-10-10
34,54000,OWN,8.0,MEDICAL,B,5000,10.62,0,0.09,N,7,2024-03-04
33,54000,MORTGAGE,7.0,VENTURE,C,7500,13.22,0,0.14,N,10,2024-09-27
27,54000,OWN,2.0,HOMEIMPROVEMENT,B,9600,12.18,0,0.18,N,8,2024-10-26
28,54000,MORTGAGE,9.0,EDUCATION,A,10000,8.59,0,0.19,N,8,2024-02-15
29,27000,RENT,4.0,VENTURE,C,7000,13.72,0,0.26,N,7,2024-11-16
32,54000,MORTGAGE,16.0,MEDICAL,A,10000,7.74,0,0.19,N,7,2024-10-10
27,27720,RENT,1.0,EDUCATION,B,7000,10.95,0,0.25,N,6,2024-05-21
30,28000,RENT,1.0,PERSONAL,C,7000,13.22,0,0.25,Y,10,2024-10-17
30,54000,MORTGAGE,8.0,PERSONAL,A,5000,8.0,0,0.09,N,8,2024-09-09
29,54000,MORTGAGE,9.0,DEBTCONSOLIDATION,A,12000,9.32,0,0.22,N,7,2024-12-24
32,54000,MORTGAGE,9.0,VENTURE,C,13000,12.53,0,0.24,N,10,2024-02-06
32,28800,RENT,3.0,MEDICAL,A,7000,7.51,0,0.24,N,10,2024-10-18
27,29004,RENT,6.0,DEBTCONSOLIDATION,A,7000,6.03,0,0.24,N,10,2024-08-02
31,29736,RENT,4.0,EDUCATION,A,7000,6.92,0,0.24,N,8,2024-06-25
27,30000,RENT,5.0,MEDICAL,D,7000,15.62,1,0.23,N,6,2024-08-25
31,30000,RENT,5.0,MEDICAL,B,7000,11.99,0,0.23,N,8,2024-04-23
33,54072,MORTGAGE,1.0,DEBTCONSOLIDATION,A,3000,6.99,0,0.06,N,7,2024-07-29
34,54072,MORTGAGE,12.0,PERSONAL,B,7000,11.89,0,0.13,N,9,2024-10-16
28,54080,MORTGAGE,7.0,HOMEIMPROVEMENT,B,13750,11.14,0,0.25,N,7,2024-02-29
27,30000,RENT,2.0,DEBTCONSOLIDATION,B,7000,10.37,0,0.23,N,7,2024-12-12
29,30000,RENT,8.0,MEDICAL,C,7000,13.35,0,0.23,Y,10,2024-04-01
29,54099,MORTGAGE,2.0,DEBTCONSOLIDATION,B,21000,9.96,0,0.39,N,6,2024-10-26
29,30000,RENT,4.0,VENTURE,B,7000,12.18,0,0.23,N,9,2024-12-18
27,54120,MORTGAGE,2.0,VENTURE,B,6000,11.36,0,0.11,N,6,2024-10-07
27,54216,MORTGAGE,4.0,PERSONAL,A,9000,5.99,0,0.17,N,5,2024-10-26
30,30000,RENT,3.0,MEDICAL,A,7000,11.013786929274843,0,0.23,N,8,2024-08-07
27,31200,RENT,3.0,PERSONAL,B,7000,9.88,0,0.22,N,9,2024-11-05
32,32000,RENT,1.0,HOMEIMPROVEMENT,D,7000,14.91,1,0.22,Y,9,2024-06-24
29,54500,MORTGAGE,7.0,PERSONAL,D,4275,11.013786929274843,0,0.08,N,5,2024-05-23
29,54548,MORTGAGE,8.0,VENTURE,A,6000,7.14,0,0.11,N,9,2024-11-19
31,33000,RENT,2.0,VENTURE,A,7000,8.9,0,0.21,N,10,2024-08-16
30,54600,MORTGAGE,11.0,VENTURE,B,2500,9.99,0,0.05,N,7,2024-09-16
27,34000,RENT,7.0,MEDICAL,C,7000,15.96,0,0.21,Y,10,2024-01-14
28,35000,RENT,1.0,PERSONAL,B,7000,12.69,0,0.2,N,8,2024-07-09
29,54912,MORTGAGE,11.0,DEBTCONSOLIDATION,C,5500,12.53,0,0.1,Y,8,2024-11-14
29,35000,RENT,7.0,MEDICAL,C,7000,12.68,0,0.2,Y,9,2024-10-29
29,35000,RENT,3.0,MEDICAL,B,7000,8.88,0,0.2,N,5,2024-01-17
35,36000,RENT,5.0,MEDICAL,A,7000,6.91,0,0.19,N,9,2024-05-03
32,54996,MORTGAGE,1.0,MEDICAL,A,7000,6.92,0,0.13,N,8,2024-08-22
31,36000,RENT,14.0,EDUCATION,C,7000,13.72,0,0.19,N,8,2024-10-25
28,30416,RENT,7.0,HOMEIMPROVEMENT,D,7000,14.96,1,0.23,Y,7,2024-08-22
30,30475,RENT,2.0,HOMEIMPROVEMENT,B,7000,11.013786929274843,1,0.23,N,5,2024-04-19
27,36500,RENT,3.0,DEBTCONSOLIDATION,C,7000,10.78,0,0.19,N,8,2024-06-04
30,48996,MORTGAGE,14.0,EDUCATION,C,1200,14.35,1,0.02,N,7,2024-01-20
27,54996,OWN,5.0,PERSONAL,C,16400,13.98,0,0.3,N,9,2024-06-20
28,37000,RENT,3.0,DEBTCONSOLIDATION,A,7000,9.32,0,0.19,N,8,2024-08-14
32,37120,RENT,7.0,PERSONAL,C,7000,13.47,0,0.19,Y,10,2024-02-26
28,54996,MORTGAGE,12.0,PERSONAL,A,6400,11.013786929274843,0,0.12,N,5,2024-02-08
32,37440,RENT,8.0,VENTURE,B,7000,9.91,0,0.19,N,8,2024-10-19
29,32000,RENT,2.0,EDUCATION,C,7000,14.65,1,0.22,Y,10,2024-06-21
27,38000,RENT,12.0,VENTURE,A,7000,7.66,0,0.18,N,6,2024-07-03
27,38400,RENT,2.0,MEDICAL,A,7000,7.51,0,0.18,N,6,2024-07-15
31,39000,RENT,2.0,PERSONAL,C,7000,11.013786929274843,0,0.18,N,9,2024-04-04
35,33000,RENT,4.0,EDUCATION,A,7000,7.9,1,0.21,N,9,2024-06-20
27,54996,OWN,2.0,HOMEIMPROVEMENT,D,8000,14.11,0,0.15,Y,9,2024-11-14
29,39996,RENT,3.0,PERSONAL,A,7000,9.32,0,0.18,N,6,2024-06-28
29,39996,RENT,3.0,MEDICAL,C,7000,12.84,0,0.18,N,5,2024-09-28
28,34000,RENT,2.0,EDUCATION,C,7000,13.49,1,0.21,Y,5,2024-05-23
33,55000,MORTGAGE,7.0,HOMEIMPROVEMENT,B,3500,10.65,0,0.06,N,5,2024-05-21
31,40000,RENT,2.0,EDUCATION,B,7000,9.62,0,0.17,N,9,2024-07-23
30,55000,MORTGAGE,9.0,HOMEIMPROVEMENT,B,16000,11.013786929274843,0,0.29,N,6,2024-05-09
29,40000,RENT,14.0,VENTURE,A,7000,7.14,0,0.17,N,5,2024-08-31
27,55000,MORTGAGE,5.0,PERSONAL,A,5000,6.62,0,0.09,N,6,2024-04-09
35,40000,RENT,3.0,VENTURE,D,7000,16.07,0,0.17,Y,8,2024-01-23
28,40000,RENT,2.0,PERSONAL,A,7000,8.59,0,0.17,N,10,2024-12-19
31,55000,MORTGAGE,15.0,VENTURE,B,4000,12.42,0,0.07,N,9,2024-09-07
28,55000,MORTGAGE,4.0,HOMEIMPROVEMENT,A,20000,6.62,0,0.36,N,10,2024-10-27
29,55000,MORTGAGE,9.0,HOMEIMPROVEMENT,A,5000,11.013786929274843,0,0.09,N,8,2024-03-15
35,41000,RENT,2.0,EDUCATION,C,7000,13.49,0,0.17,Y,7,2024-06-05
30,55000,MORTGAGE,2.0,EDUCATION,A,11500,7.9,0,0.21,N,9,2024-12-03
27,41000,RENT,3.0,DEBTCONSOLIDATION,C,7000,12.73,0,0.17,Y,5,2024-11-13
28,55000,OWN,13.0,PERSONAL,A,18000,7.9,0,0.33,N,6,2024-01-11
27,35520,RENT,1.0,VENTURE,D,7000,14.91,1,0.2,Y,8,2024-09-15
29,41779,RENT,5.0,EDUCATION,A,7000,5.79,0,0.17,N,10,2024-05-07
27,55000,MORTGAGE,6.0,PERSONAL,A,10000,7.9,0,0.18,N,6,2024-08-28
27,55000,MORTGAGE,1.0,DEBTCONSOLIDATION,A,9000,7.51,0,0.16,N,8,2024-08-17
31,42000,RENT,2.0,MEDICAL,A,7000,7.9,0,0.17,N,7,2024-05-21
33,36000,RENT,5.0,DEBTCONSOLIDATION,A,7000,5.79,1,0.19,N,5,2024-02-13
28,55000,MORTGAGE,7.0,MEDICAL,A,8000,11.013786929274843,0,0.15,N,8,2024-09-23
28,55000,MORTGAGE,7.0,DEBTCONSOLIDATION,A,22000,11.013786929274843,0,0.4,N,10,2024-05-25
34,55000,MORTGAGE,6.0,HOMEIMPROVEMENT,C,2500,13.49,0,0.05,N,7,2024-09-30
34,55000,MORTGAGE,4.0,EDUCATION,C,7000,13.49,0,0.13,Y,10,2024-10-22
27,55000,OWN,3.0,EDUCATION,C,4500,13.49,0,0.08,N,8,2024-06-15
29,55000,MORTGAGE,1.0,VENTURE,A,12625,7.9,0,0.23,N,6,2024-02-10
31,55000,MORTGAGE,9.0,DEBTCONSOLIDATION,A,8000,7.49,0,0.15,N,9,2024-03-26
28,43000,RENT,12.0,MEDICAL,A,7000,11.013786929274843,0,0.16,N,8,2024-09-24
29,55000,MORTGAGE,5.0,PERSONAL,A,12000,7.49,0,0.22,N,6,2024-12-01
33,43000,RENT,2.0,EDUCATION,A,7000,7.88,0,0.16,N,6,2024-03-19
30,55000,MORTGAGE,1.0,PERSONAL,B,6500,10.99,0,0.12,N,9,2024-04-04
28,55000,MORTGAGE,6.0,EDUCATION,A,2400,11.013786929274843,0,0.04,N,8,2024-07-27
27,44000,RENT,2.0,MEDICAL,A,7000,7.14,0,0.16,N,7,2024-08-27
28,55000,OWN,7.0,VENTURE,A,20000,7.49,0,0.36,N,6,2024-01-13
34,55000,MORTGAGE,3.0,VENTURE,A,12800,5.42,0,0.23,N,9,2024-04-22
27,44400,RENT,7.0,VENTURE,B,7000,10.0,0,0.16,N,6,2024-12-21
28,49000,MORTGAGE,11.0,VENTURE,C,8025,11.013786929274843,1,0.16,Y,7,2024-05-28
28,55000,MORTGAGE,12.0,MEDICAL,A,7000,11.013786929274843,0,0.13,N,6,2024-12-11
35,55000,MORTGAGE,7.0,EDUCATION,B,1450,10.59,0,0.03,N,5,2024-11-19
33,55000,MORTGAGE,3.0,MEDICAL,A,1775,7.49,0,0.03,N,7,2024-10-22
27,45000,RENT,1.0,EDUCATION,A,7000,7.49,0,0.16,N,9,2024-09-13
28,45000,RENT,3.0,MEDICAL,C,7000,13.43,0,0.16,Y,7,2024-02-12
34,45000,RENT,3.0,PERSONAL,B,7000,11.86,0,0.16,N,8,2024-09-23
30,55000,MORTGAGE,13.0,DEBTCONSOLIDATION,B,12000,11.013786929274843,0,0.22,N,7,2024-07-27
31,55000,MORTGAGE,7.0,HOMEIMPROVEMENT,A,12000,7.49,0,0.22,N,5,2024-11-08
27,39000,RENT,4.0,PERSONAL,C,7000,13.79,1,0.18,Y,7,2024-02-23
34,46000,RENT,1.0,MEDICAL,A,7000,8.9,0,0.15,N,8,2024-09-28
29,55000,MORTGAGE,11.0,MEDICAL,B,4000,10.99,0,0.07,N,6,2024-11-18
27,55000,MORTGAGE,3.0,PERSONAL,A,11000,7.49,0,0.2,N,10,2024-07-13
29,40000,RENT,2.0,DEBTCONSOLIDATION,D,7000,14.91,1,0.17,Y,9,2024-12-19
32,49000,MORTGAGE,3.0,MEDICAL,B,11500,10.99,1,0.23,N,9,2024-03-16
35,55000,MORTGAGE,14.0,PERSONAL,A,15000,8.49,0,0.27,N,10,2024-09-22
29,47000,RENT,2.0,EDUCATION,B,7000,10.36,0,0.15,N,7,2024-09-03
30,49000,MORTGAGE,2.0,PERSONAL,C,16000,13.49,1,0.33,N,7,2024-05-14
33,48000,RENT,1.0,MEDICAL,B,7000,11.99,0,0.15,N,8,2024-10-08
29,55000,MORTGAGE,4.0,PERSONAL,B,8000,10.0,0,0.15,N,6,2024-11-16
28,48000,RENT,12.0,MEDICAL,B,7000,11.36,0,0.15,N,9,2024-02-10
29,55000,MORTGAGE,4.0,PERSONAL,A,3600,6.92,0,0.07,N,10,2024-11-07
30,48409,RENT,4.0,MEDICAL,B,7000,11.013786929274843,0,0.14,N,10,2024-01-28
31,49000,RENT,8.0,DEBTCONSOLIDATION,B,7000,12.69,0,0.14,N,6,2024-05-07
33,49896,RENT,8.0,MEDICAL,A,7000,11.013786929274843,0,0.14,N,9,2024-05-03
34,55000,MORTGAGE,6.0,EDUCATION,C,5000,13.43,0,0.09,Y,10,2024-01-06
35,50000,RENT,4.0,DEBTCONSOLIDATION,B,7000,11.49,0,0.14,N,9,2024-03-13
35,55000,MORTGAGE,3.0,DEBTCONSOLIDATION,A,3200,5.79,0,0.06,N,10,2024-09-22
29,50000,RENT,3.0,DEBTCONSOLIDATION,B,7000,11.013786929274843,0,0.14,N,6,2024-08-22
29,50400,RENT,6.0,DEBTCONSOLIDATION,A,7000,6.17,0,0.14,N,8,2024-04-07
29,55000,MORTGAGE,13.0,MEDICAL,C,8000,13.72,0,0.15,N,9,2024-12-08
29,52000,RENT,13.0,PERSONAL,D,7000,16.77,0,0.13,N,5,2024-03-03
33,55000,MORTGAGE,5.0,PERSONAL,A,15000,6.54,0,0.27,N,6,2024-04-07
28,52000,RENT,3.0,HOMEIMPROVEMENT,B,7000,11.99,0,0.13,N,8,2024-06-27
27,55000,MORTGAGE,2.0,MEDICAL,B,9600,9.62,0,0.17,N,9,2024-08-18
31,52249,RENT,7.0,HOMEIMPROVEMENT,A,7000,7.49,0,0.13,N,7,2024-09-09
31,55000,MORTGAGE,3.0,DEBTCONSOLIDATION,B,6250,9.99,0,0.11,N,9,2024-07-19
30,55000,MORTGAGE,4.0,DEBTCONSOLIDATION,A,12000,5.79,0,0.22,N,10,2024-03-07
28,55000,MORTGAGE,5.0,PERSONAL,A,4800,5.79,0,0.09,N,6,2024-03-23
27,53250,RENT,1.0,MEDICAL,B,7000,10.37,0,0.13,N,6,2024-12-21
27,55000,MORTGAGE,2.0,VENTURE,D,7000,11.013786929274843,0,0.13,Y,7,2024-08-07
30,55000,MORTGAGE,3.0,DEBTCONSOLIDATION,B,12000,10.38,0,0.22,N,8,2024-08-09
34,55000,RENT,4.0,MEDICAL,B,7000,8.88,0,0.13,N,9,2024-01-18
30,85000,RENT,14.0,PERSONAL,B,7000,10.65,0,0.08,N,9,2024-02-29
30,85000,RENT,4.0,HOMEIMPROVEMENT,A,7000,8.9,0,0.08,N,5,2024-11-11
27,85000,RENT,2.0,VENTURE,C,7000,13.99,0,0.08,Y,9,2024-08-25
29,85000,RENT,3.0,EDUCATION,A,7000,6.92,0,0.08,N,8,2024-05-30
31,55000,MORTGAGE,2.0,PERSONAL,A,8000,7.14,0,0.15,N,10,2024-11-09
29,55000,MORTGAGE,3.0,VENTURE,A,6400,7.88,0,0.12,N,9,2024-11-04
35,90000,RENT,15.0,PERSONAL,B,7000,11.71,0,0.08,N,9,2024-01-11
32,55000,MORTGAGE,4.0,HOMEIMPROVEMENT,C,6500,13.98,0,0.12,N,10,2024-12-01
28,49000,MORTGAGE,5.0,HOMEIMPROVEMENT,D,19750,15.58,1,0.4,Y,9,2024-02-02
32,40100,RENT,3.0,EDUCATION,C,7175,12.99,0,0.18,Y,7,2024-09-13
35,17280,RENT,6.0,VENTURE,D,7200,12.36,1,0.42,Y,8,2024-08-16
27,18200,RENT,8.0,VENTURE,A,7200,7.49,1,0.4,N,9,2024-07-18
29,55000,OWN,4.0,VENTURE,B,10000,11.36,0,0.18,N,8,2024-11-17
31,55000,OWN,15.0,PERSONAL,A,8000,7.51,0,0.15,N,8,2024-01-23
33,55000,OWN,4.0,HOMEIMPROVEMENT,A,12000,7.51,0,0.22,N,9,2024-08-09
29,26400,RENT,4.0,MEDICAL,A,7200,7.49,0,0.27,N,10,2024-10-07
30,55000,OWN,6.0,EDUCATION,D,21250,15.7,0,0.39,Y,6,2024-05-26
32,55000,MORTGAGE,16.0,PERSONAL,C,7000,13.48,0,0.13,Y,8,2024-06-10
27,29120,RENT,6.0,MEDICAL,C,7200,13.11,0,0.25,N,6,2024-03-01
30,55000,OWN,2.0,EDUCATION,B,6500,10.99,0,0.12,N,9,2024-10-14
31,30000,RENT,2.0,PERSONAL,C,7200,15.96,0,0.24,Y,6,2024-09-15
33,30000,RENT,6.0,PERSONAL,B,7200,12.69,1,0.24,N,10,2024-02-10
27,30000,RENT,1.0,PERSONAL,A,7200,7.29,0,0.24,N,7,2024-02-14
30,30000,RENT,7.0,DEBTCONSOLIDATION,B,7200,10.36,0,0.24,N,6,2024-08-28
29,31000,RENT,1.0,PERSONAL,C,7200,11.03,1,0.23,N,8,2024-05-27
33,31500,RENT,16.0,MEDICAL,A,7200,5.79,0,0.23,N,6,2024-06-08
35,55000,MORTGAGE,4.0,EDUCATION,A,8500,7.88,0,0.15,N,8,2024-02-02
35,32000,RENT,3.0,MEDICAL,C,7200,12.61,0,0.23,N,5,2024-10-30
29,33000,RENT,2.0,EDUCATION,B,7200,11.71,1,0.22,N,10,2024-10-27
35,34200,RENT,3.0,EDUCATION,A,7200,6.99,0,0.21,N,6,2024-12-02
34,35000,RENT,2.0,VENTURE,B,7200,12.42,0,0.21,N,9,2024-01-04
28,35000,RENT,2.0,MEDICAL,A,7200,7.66,0,0.21,N,6,2024-05-20
32,55000,OWN,4.0,HOMEIMPROVEMENT,E,15250,16.35,0,0.28,Y,6,2024-04-17
31,55000,OWN,5.0,EDUCATION,D,15850,11.013786929274843,0,0.29,N,7,2024-08-08
27,40000,RENT,1.0,VENTURE,C,7200,13.22,0,0.18,N,6,2024-04-12
31,40000,RENT,4.0,EDUCATION,A,7200,9.63,0,0.18,N,8,2024-02-10
31,40351,RENT,12.0,PERSONAL,A,7200,7.29,0,0.18,N,9,2024-08-12
33,55000,MORTGAGE,4.0,HOMEIMPROVEMENT,B,8000,11.14,0,0.15,N,9,2024-08-03
28,55000,MORTGAGE,4.0,VENTURE,B,10650,11.58,0,0.19,N,8,2024-10-25
31,41196,RENT,1.0,VENTURE,A,7200,7.9,0,0.17,N,7,2024-07-31
34,35316,RENT,5.0,MEDICAL,D,7200,14.84,1,0.2,N,10,2024-09-06
30,42000,RENT,2.0,MEDICAL,B,7200,10.99,0,0.17,N,6,2024-03-04
27,42504,RENT,2.0,DEBTCONSOLIDATION,B,7200,10.59,0,0.17,N,6,2024-07-07
29,43108,RENT,7.0,VENTURE,A,7200,6.03,0,0.17,N,7,2024-01-09
27,39000,RENT,4.0,DEBTCONSOLIDATION,B,7200,10.65,1,0.18,N,5,2024-02-24
28,55000,MORTGAGE,2.0,EDUCATION,D,18000,14.11,0,0.33,N,5,2024-01-04
34,39000,RENT,5.0,HOMEIMPROVEMENT,B,7200,11.71,1,0.18,N,5,2024-09-11
30,48000,RENT,1.0,EDUCATION,B,7200,10.39,0,0.15,N,8,2024-03-15
33,49000,RENT,6.0,MEDICAL,B,7200,12.42,0,0.15,N,7,2024-03-06
35,50000,RENT,6.0,VENTURE,B,7200,11.99,0,0.14,N,9,2024-09-17
27,55000,MORTGAGE,8.0,VENTURE,C,7500,12.22,0,0.14,Y,6,2024-11-30
28,50000,RENT,4.0,DEBTCONSOLIDATION,B,7200,11.013786929274843,0,0.14,N,7,2024-03-18
28,56052,RENT,8.0,VENTURE,C,7200,11.28,0,0.13,Y,8,2024-01-12
27,55140,MORTGAGE,8.0,HOMEIMPROVEMENT,C,10000,13.49,0,0.18,Y,8,2024-06-02
27,60000,RENT,4.0,HOMEIMPROVEMENT,A,7200,8.9,0,0.12,N,7,2024-03-15
28,60000,RENT,5.0,HOMEIMPROVEMENT,A,7200,5.42,0,0.12,N,7,2024-02-05
27,49200,MORTGAGE,2.0,DEBTCONSOLIDATION,E,7500,16.32,1,0.15,N,7,2024-02-14
28,62000,RENT,4.0,PERSONAL,C,7200,12.99,0,0.12,Y,9,2024-07-23
27,55200,OWN,4.0,EDUCATION,B,4000,11.013786929274843,0,0.07,N,10,2024-08-07
28,55200,MORTGAGE,12.0,VENTURE,C,3000,11.72,0,0.05,N,10,2024-09-14
28,65000,RENT,2.0,MEDICAL,C,7200,13.98,0,0.11,Y,8,2024-05-05
29,65000,RENT,1.0,MEDICAL,B,7200,11.12,0,0.11,N,8,2024-06-07
34,68000,RENT,5.0,PERSONAL,B,7200,11.013786929274843,0,0.11,N,9,2024-09-21
30,70000,RENT,3.0,DEBTCONSOLIDATION,C,7200,11.013786929274843,0,0.1,Y,10,2024-11-05
27,49500,MORTGAGE,7.0,VENTURE,C,4750,15.27,1,0.1,N,7,2024-01-04
31,74076,RENT,9.0,MEDICAL,B,7200,11.013786929274843,0,0.1,N,9,2024-12-08
29,75000,RENT,2.0,DEBTCONSOLIDATION,A,7200,7.9,0,0.1,N,10,2024-12-29
28,75000,RENT,8.0,DEBTCONSOLIDATION,B,7200,9.88,0,0.1,N,7,2024-06-24
29,55530,MORTGAGE,13.0,EDUCATION,A,18825,8.9,0,0.34,N,7,2024-10-22
30,55536,MORTGAGE,14.0,DEBTCONSOLIDATION,C,1000,11.013786929274843,0,0.02,N,9,2024-12-25
29,76000,RENT,2.0,MEDICAL,B,7200,11.013786929274843,0,0.09,N,8,2024-01-19
30,82060,RENT,1.0,EDUCATION,A,7200,11.013786929274843,0,0.09,N,7,2024-10-16
27,55596,MORTGAGE,5.0,MEDICAL,A,2000,7.51,0,0.04,N,9,2024-04-05
32,55600,OWN,14.0,EDUCATION,B,8800,9.99,0,0.16,N,6,2024-02-06
27,55600,OWN,2.0,EDUCATION,B,4200,10.37,0,0.08,N,9,2024-02-04
33,83000,RENT,5.0,EDUCATION,A,7200,8.0,0,0.09,N,8,2024-09-22
28,55640,MORTGAGE,6.0,MEDICAL,B,20000,11.013786929274843,0,0.36,N,8,2024-05-01
28,55640,MORTGAGE,9.0,MEDICAL,C,5000,11.013786929274843,0,0.09,N,7,2024-07-27
31,55680,MORTGAGE,7.0,VENTURE,C,4000,12.73,0,0.07,N,7,2024-12-05
30,55684,MORTGAGE,13.0,EDUCATION,B,5200,12.69,0,0.09,N,9,2024-06-19
27,84000,RENT,8.0,EDUCATION,C,7200,11.013786929274843,0,0.09,N,10,2024-03-02
32,85000,RENT,9.0,EDUCATION,B,7200,11.58,0,0.08,N,10,2024-10-29
28,55704,MORTGAGE,12.0,DEBTCONSOLIDATION,A,8400,7.51,0,0.15,N,9,2024-03-10
30,49777,MORTGAGE,7.0,MEDICAL,D,6000,14.54,1,0.12,N,6,2024-04-24
29,89000,RENT,2.0,PERSONAL,A,7200,11.013786929274843,0,0.08,N,10,2024-10-04
30,90000,RENT,2.0,EDUCATION,B,7200,11.99,0,0.08,N,7,2024-05-07
33,55920,MORTGAGE,9.0,EDUCATION,A,22000,7.88,0,0.39,N,6,2024-09-03
29,55992,MORTGAGE,2.0,PERSONAL,B,5000,11.013786929274843,0,0.09,N,10,2024-05-30
33,94000,RENT,4.0,VENTURE,A,7200,11.013786929274843,0,0.08,N,6,2024-10-23
27,98500,RENT,5.0,HOMEIMPROVEMENT,C,7200,14.35,0,0.07,Y,6,2024-01-15
28,112123,RENT,2.0,VENTURE,A,7200,8.59,0,0.06,N,9,2024-11-23
27,56000,OWN,7.0,VENTURE,C,1000,14.65,0,0.02,N,8,2024-09-09
29,125004,RENT,3.0,MEDICAL,B,7200,9.99,0,0.06,N,6,2024-02-26
33,56000,MORTGAGE,13.0,MEDICAL,A,12000,6.62,0,0.21,N,6,2024-07-15
29,28800,RENT,2.0,EDUCATION,A,7225,6.92,0,0.25,N,7,2024-06-04
29,56000,OWN,5.0,EDUCATION,A,9200,6.03,0,0.16,N,9,2024-11-12
28,39750,RENT,5.0,EDUCATION,A,7250,8.49,0,0.18,N,8,2024-04-07
35,105000,RENT,11.0,VENTURE,C,7250,11.013786929274843,0,0.07,Y,5,2024-11-27
29,35000,RENT,6.0,MEDICAL,B,7300,11.71,0,0.21,N,9,2024-08-10
29,56000,MORTGAGE,8.0,MEDICAL,B,6000,10.99,0,0.11,N,9,2024-04-03
28,56000,MORTGAGE,4.0,DEBTCONSOLIDATION,A,15000,7.49,0,0.27,N,9,2024-03-30
31,56000,OWN,6.0,VENTURE,A,11500,11.013786929274843,0,0.21,N,9,2024-07-04
27,50000,RENT,5.0,MEDICAL,A,7300,7.29,0,0.15,N,9,2024-02-04
33,50000,MORTGAGE,14.0,DEBTCONSOLIDATION,D,10000,16.89,1,0.2,N,7,2024-10-06
30,115000,RENT,7.0,DEBTCONSOLIDATION,B,7300,10.25,0,0.06,N,9,2024-01-20
28,44995,RENT,2.0,EDUCATION,A,7350,7.49,0,0.16,N,10,2024-02-27
27,56000,MORTGAGE,4.0,DEBTCONSOLIDATION,B,10050,9.63,0,0.18,N,8,2024-02-17
32,31000,RENT,2.0,HOMEIMPROVEMENT,D,7400,16.77,1,0.24,Y,9,2024-05-24
33,69000,RENT,8.0,HOMEIMPROVEMENT,B,7400,9.76,0,0.11,N,5,2024-06-01
31,56000,MORTGAGE,3.0,MEDICAL,A,12000,6.54,0,0.21,N,5,2024-01-27
32,56000,MORTGAGE,13.0,EDUCATION,B,3000,8.88,0,0.05,N,9,2024-12-24
28,56000,OWN,10.0,HOMEIMPROVEMENT,C,12000,14.72,0,0.21,Y,7,2024-07-16
29,55000,RENT,6.0,HOMEIMPROVEMENT,D,7450,15.62,0,0.14,N,8,2024-03-30
27,62900,RENT,9.0,MEDICAL,D,7450,15.99,1,0.1,N,10,2024-06-29
27,50000,MORTGAGE,8.0,MEDICAL,D,8400,11.013786929274843,1,0.17,N,7,2024-05-15
33,56000,MORTGAGE,2.0,PERSONAL,A,11500,7.14,0,0.21,N,10,2024-05-11
32,56000,MORTGAGE,5.0,PERSONAL,A,10000,7.14,0,0.18,N,8,2024-11-03
29,56000,MORTGAGE,8.0,VENTURE,A,13000,7.88,0,0.23,N,5,2024-11-21
30,21996,RENT,4.0,MEDICAL,B,7500,10.37,1,0.34,N,9,2024-01-29
31,56000,MORTGAGE,4.0,EDUCATION,A,8000,8.59,0,0.14,N,5,2024-07-18
30,56000,MORTGAGE,1.0,MEDICAL,B,14000,12.18,0,0.25,N,7,2024-05-07
29,25400,RENT,1.0,EDUCATION,D,7500,14.59,1,0.3,Y,5,2024-06-11
29,56000,MORTGAGE,4.0,EDUCATION,D,18000,14.61,0,0.32,Y,9,2024-11-13
28,56000,MORTGAGE,9.0,VENTURE,D,4800,14.61,0,0.09,Y,6,2024-05-18
27,27000,RENT,2.0,MEDICAL,B,7500,12.69,0,0.28,N,10,2024-04-16
29,27600,RENT,2.0,EDUCATION,A,7500,6.62,0,0.27,N,9,2024-12-25
27,30000,RENT,5.0,EDUCATION,D,7500,14.84,0,0.25,N,7,2024-02-04
33,30000,RENT,14.0,EDUCATION,B,7500,11.86,1,0.25,N,5,2024-08-09
35,56000,MORTGAGE,1.0,HOMEIMPROVEMENT,B,15000,11.26,0,0.27,N,10,2024-05-12
31,31000,RENT,5.0,PERSONAL,A,7500,7.49,0,0.24,N,9,2024-10-06
30,56000,MORTGAGE,5.0,EDUCATION,B,1500,11.013786929274843,0,0.03,N,7,2024-04-29
30,56004,MORTGAGE,9.0,HOMEIMPROVEMENT,A,9600,5.99,0,0.17,N,6,2024-08-03
27,33000,RENT,2.0,MEDICAL,D,7500,15.65,1,0.23,Y,7,2024-03-29
29,34000,RENT,4.0,MEDICAL,A,7500,11.013786929274843,0,0.22,N,10,2024-09-03
28,34200,RENT,8.0,PERSONAL,A,7500,8.94,0,0.22,N,7,2024-08-05
27,56004,MORTGAGE,5.0,HOMEIMPROVEMENT,A,5000,7.74,0,0.09,N,7,2024-08-12
27,56004,MORTGAGE,4.0,PERSONAL,A,3100,9.32,0,0.06,N,7,2024-12-05
30,56030,MORTGAGE,14.0,PERSONAL,B,13000,11.89,0,0.23,N,7,2024-06-03
29,56033,MORTGAGE,7.0,VENTURE,C,16000,14.65,0,0.29,N,6,2024-05-16
33,56100,OWN,13.0,HOMEIMPROVEMENT,A,16000,6.03,0,0.29,N,8,2024-09-03
28,56148,MORTGAGE,12.0,DEBTCONSOLIDATION,C,2400,13.99,0,0.04,N,6,2024-10-05
27,56244,MORTGAGE,11.0,HOMEIMPROVEMENT,C,12000,14.22,0,0.21,N,8,2024-07-11
32,56256,MORTGAGE,2.0,PERSONAL,A,6500,6.17,0,0.12,N,5,2024-09-05
35,30000,RENT,1.0,EDUCATION,C,7500,11.013786929274843,1,0.25,Y,6,2024-12-20
27,56331,MORTGAGE,7.0,EDUCATION,B,10000,10.36,0,0.18,N,10,2024-10-27
34,56400,MORTGAGE,2.0,DEBTCONSOLIDATION,A,7000,7.9,0,0.12,N,10,2024-12-20
31,37000,RENT,5.0,PERSONAL,C,7500,15.23,0,0.2,N,6,2024-10-21
34,56400,OWN,8.0,MEDICAL,A,12100,5.79,0,0.21,N,9,2024-11-25
28,31000,RENT,1.0,HOMEIMPROVEMENT,D,7500,15.31,1,0.24,Y,5,2024-11-28
30,38168,RENT,5.0,PERSONAL,B,7500,9.76,0,0.2,N,6,2024-08-16
29,56500,MORTGAGE,13.0,MEDICAL,A,14750,11.013786929274843,0,0.26,N,8,2024-03-01
33,50500,MORTGAGE,2.0,MEDICAL,D,4000,11.013786929274843,1,0.08,Y,8,2024-05-25
30,40000,RENT,3.0,VENTURE,B,7500,12.69,0,0.19,N,5,2024-07-08
35,56566,MORTGAGE,3.0,EDUCATION,A,3200,11.013786929274843,0,0.06,N,6,2024-10-07
30,56604,MORTGAGE,3.0,VENTURE,D,3000,17.58,0,0.05,N,9,2024-01-07
30,56628,MORTGAGE,2.0,HOMEIMPROVEMENT,A,12000,8.94,0,0.21,N,10,2024-03-17
31,34000,RENT,2.0,HOMEIMPROVEMENT,D,7500,15.58,1,0.22,N,5,2024-11-04
28,56700,MORTGAGE,11.0,VENTURE,B,15000,12.12,0,0.26,N,7,2024-07-19
29,56700,MORTGAGE,9.0,VENTURE,C,10000,11.013786929274843,0,0.18,Y,5,2024-09-16
29,56700,OWN,14.0,MEDICAL,B,11000,10.62,0,0.19,N,6,2024-08-26
28,40000,RENT,2.0,PERSONAL,B,7500,11.86,0,0.19,N,8,2024-04-21
32,56784,OWN,3.0,PERSONAL,D,12000,14.96,0,0.21,Y,10,2024-09-12
28,50820,MORTGAGE,12.0,PERSONAL,B,10000,10.59,1,0.2,N,8,2024-11-27
28,56864,MORTGAGE,5.0,PERSONAL,A,12300,7.88,0,0.22,N,7,2024-06-21
29,40000,RENT,7.0,MEDICAL,C,7500,12.73,0,0.19,Y,9,2024-09-07
30,34000,RENT,1.0,VENTURE,C,7500,11.013786929274843,1,0.22,N,6,2024-11-19
28,40000,RENT,2.0,MEDICAL,C,7500,11.013786929274843,0,0.19,N,7,2024-01-23
32,40000,RENT,2.0,EDUCATION,A,7500,8.0,0,0.19,N,6,2024-10-01
28,57000,MORTGAGE,5.0,PERSONAL,A,9500,7.51,0,0.17,N,5,2024-04-03
28,36000,RENT,2.0,HOMEIMPROVEMENT,B,7500,10.39,1,0.21,N,9,2024-02-10
28,57000,MORTGAGE,13.0,PERSONAL,C,9600,15.96,0,0.17,Y,9,2024-06-07
29,44720,RENT,6.0,EDUCATION,B,7500,11.013786929274843,0,0.17,N,5,2024-08-15
27,57000,OWN,11.0,EDUCATION,A,15000,6.03,0,0.26,N,6,2024-03-26
27,45000,RENT,4.0,MEDICAL,C,7500,15.27,0,0.17,N,8,2024-03-02
27,57000,MORTGAGE,11.0,DEBTCONSOLIDATION,A,3000,7.51,0,0.05,N,5,2024-04-18
35,57000,MORTGAGE,8.0,MEDICAL,A,5500,7.49,0,0.1,N,5,2024-12-13
28,51000,MORTGAGE,1.0,PERSONAL,A,4775,7.49,1,0.09,N,6,2024-09-21
29,45756,RENT,7.0,EDUCATION,B,7500,10.0,0,0.16,N,7,2024-04-07
27,51000,MORTGAGE,1.0,HOMEIMPROVEMENT,A,10000,6.99,1,0.2,N,5,2024-03-23
27,46000,RENT,4.0,MEDICAL,C,7500,13.49,0,0.16,N,5,2024-10-24
30,57000,MORTGAGE,1.0,VENTURE,A,4500,7.49,0,0.08,N,10,2024-06-26
30,48000,RENT,4.0,MEDICAL,A,7500,7.49,0,0.16,N,6,2024-04-21
28,48500,RENT,3.0,VENTURE,D,7500,12.86,0,0.15,N,7,2024-01-10
27,42996,RENT,11.0,MEDICAL,C,7500,11.91,1,0.17,N,7,2024-05-02
32,57000,MORTGAGE,11.0,MEDICAL,C,9000,13.35,0,0.16,Y,5,2024-08-08
33,57000,MORTGAGE,4.0,DEBTCONSOLIDATION,A,13000,7.88,0,0.23,N,5,2024-01-11
29,57000,MORTGAGE,4.0,MEDICAL,A,2500,6.76,0,0.04,N,7,2024-03-13
30,57000,MORTGAGE,2.0,VENTURE,A,6000,7.51,0,0.11,N,8,2024-02-08
29,57000,OWN,5.0,MEDICAL,B,5000,11.86,0,0.09,N,10,2024-04-23
33,44000,RENT,1.0,EDUCATION,D,7500,12.92,1,0.17,Y,6,2024-11-16
31,57000,MORTGAGE,10.0,EDUCATION,B,8000,9.88,0,0.14,N,9,2024-09-16
30,50400,RENT,2.0,PERSONAL,B,7500,10.25,0,0.15,N,7,2024-04-25
28,57000,MORTGAGE,2.0,VENTURE,C,6000,12.73,0,0.11,N,10,2024-08-11
33,50750,RENT,2.0,PERSONAL,C,7500,11.91,0,0.15,Y,6,2024-12-01
28,51000,RENT,13.0,VENTURE,D,7500,16.49,0,0.15,Y,7,2024-01-31
28,51000,OWN,2.0,DEBTCONSOLIDATION,E,20400,17.74,1,0.4,Y,5,2024-09-27
30,45063,RENT,7.0,MEDICAL,D,7500,15.05,1,0.17,N,6,2024-10-23
28,57000,OWN,7.0,PERSONAL,B,3500,11.83,0,0.06,N,6,2024-11-02
31,54200,RENT,4.0,VENTURE,C,7500,12.61,0,0.14,N,10,2024-05-03
28,57000,MORTGAGE,12.0,HOMEIMPROVEMENT,A,13000,9.63,0,0.23,N,5,2024-10-04
33,51000,MORTGAGE,2.0,EDUCATION,A,1200,9.63,1,0.02,N,7,2024-07-11
29,57000,MORTGAGE,13.0,HOMEIMPROVEMENT,A,6000,9.32,0,0.11,N,5,2024-09-04
30,57000,MORTGAGE,6.0,PERSONAL,A,4000,8.0,0,0.07,N,7,2024-06-08
32,51000,MORTGAGE,5.0,MEDICAL,C,15000,11.013786929274843,1,0.29,Y,8,2024-05-07
33,57000,MORTGAGE,7.0,EDUCATION,B,15000,10.39,0,0.26,N,7,2024-09-02
28,55000,RENT,7.0,DEBTCONSOLIDATION,C,7500,12.84,0,0.14,Y,6,2024-02-18
31,56400,RENT,1.0,VENTURE,B,7500,11.48,0,0.13,N,10,2024-04-22
30,57000,RENT,4.0,VENTURE,C,7500,14.27,0,0.13,N,5,2024-02-07
31,57000,RENT,2.0,EDUCATION,B,7500,12.53,0,0.13,N,9,2024-11-25
34,57000,RENT,9.0,DEBTCONSOLIDATION,B,7500,11.14,0,0.13,N,7,2024-03-20
28,51043,MORTGAGE,12.0,PERSONAL,C,2100,12.29,1,0.04,N,8,2024-09-24
27,57996,RENT,11.0,EDUCATION,B,7500,12.21,0,0.13,N,10,2024-04-10
31,57200,MORTGAGE,3.0,DEBTCONSOLIDATION,C,7500,13.11,0,0.13,Y,5,2024-06-26
27,57240,OWN,4.0,VENTURE,B,15000,11.99,0,0.26,N,6,2024-07-11
31,57240,MORTGAGE,1.0,EDUCATION,A,10000,5.99,0,0.17,N,6,2024-03-11
28,57248,MORTGAGE,1.0,EDUCATION,A,9000,6.92,0,0.16,N,7,2024-04-10
29,57300,OWN,13.0,MEDICAL,B,12000,11.48,0,0.21,N,8,2024-11-24
31,57335,MORTGAGE,6.0,EDUCATION,D,16500,14.84,0,0.29,N,10,2024-12-29
28,57360,MORTGAGE,3.0,EDUCATION,B,23000,11.013786929274843,0,0.4,N,7,2024-04-12
31,57400,MORTGAGE,6.0,PERSONAL,A,7600,5.99,0,0.13,N,10,2024-05-29
31,60000,RENT,3.0,DEBTCONSOLIDATION,A,7500,5.79,0,0.13,N,9,2024-05-31
31,61000,RENT,3.0,MEDICAL,C,7500,11.013786929274843,0,0.12,Y,10,2024-09-26
27,62000,RENT,4.0,EDUCATION,C,7500,13.04,0,0.12,Y,6,2024-03-23
29,57500,MORTGAGE,7.0,PERSONAL,A,19600,7.88,0,0.34,N,8,2024-04-08
29,65000,RENT,5.0,EDUCATION,B,7500,12.69,0,0.12,N,10,2024-04-07
29,59000,RENT,3.0,HOMEIMPROVEMENT,B,7500,9.99,1,0.13,N,8,2024-03-28
31,65000,RENT,8.0,MEDICAL,B,7500,10.95,0,0.12,N,10,2024-01-19
27,51600,MORTGAGE,2.0,VENTURE,D,13650,16.29,1,0.26,N,9,2024-03-31
28,57600,MORTGAGE,12.0,PERSONAL,B,10625,12.42,0,0.18,N,6,2024-04-27
30,57600,MORTGAGE,13.0,PERSONAL,A,6000,11.013786929274843,0,0.1,N,10,2024-05-28
33,57600,MORTGAGE,3.0,HOMEIMPROVEMENT,A,17000,7.66,0,0.3,N,8,2024-05-18
27,70000,RENT,4.0,MEDICAL,A,7500,7.88,0,0.11,N,5,2024-07-24
27,57600,MORTGAGE,3.0,MEDICAL,B,3000,11.11,0,0.05,N,6,2024-01-27
34,51600,MORTGAGE,2.0,VENTURE,E,12000,17.88,1,0.23,N,8,2024-12-08
27,57600,MORTGAGE,11.0,PERSONAL,A,8500,7.14,0,0.15,N,5,2024-12-20
28,57600,MORTGAGE,9.0,EDUCATION,D,12000,15.58,0,0.21,Y,7,2024-11-06
28,75000,RENT,3.0,EDUCATION,B,7500,11.013786929274843,0,0.1,N,6,2024-06-24
31,57600,MORTGAGE,5.0,EDUCATION,B,15000,10.25,0,0.26,N,10,2024-03-12
33,80000,RENT,4.0,EDUCATION,A,7500,5.42,0,0.09,N,10,2024-11-15
27,80000,RENT,3.0,DEBTCONSOLIDATION,B,7500,12.18,0,0.09,N,5,2024-09-06
27,81000,RENT,5.0,HOMEIMPROVEMENT,B,7500,10.25,0,0.09,N,7,2024-06-18
31,85000,RENT,3.0,VENTURE,B,7500,10.08,0,0.09,N,5,2024-11-05
27,57770,MORTGAGE,3.0,PERSONAL,B,9975,11.49,0,0.17,N,5,2024-10-22
27,87360,RENT,1.0,DEBTCONSOLIDATION,C,7500,12.54,0,0.09,Y,8,2024-10-21
33,57800,MORTGAGE,12.0,MEDICAL,A,7000,6.99,0,0.12,N,6,2024-05-28
27,57886,MORTGAGE,7.0,VENTURE,A,4000,7.9,0,0.07,N,9,2024-01-01
34,57912,MORTGAGE,7.0,VENTURE,A,5600,5.42,0,0.1,N,8,2024-05-03
27,96000,RENT,7.0,HOMEIMPROVEMENT,B,7500,9.83,0,0.08,N,10,2024-01-23
31,99504,RENT,5.0,DEBTCONSOLIDATION,C,7500,13.57,0,0.08,N,10,2024-03-10
31,101000,RENT,2.0,EDUCATION,C,7500,13.22,0,0.07,Y,5,2024-05-24
29,105000,RENT,1.0,MEDICAL,C,7500,11.03,0,0.07,Y,9,2024-03-24
29,115000,RENT,5.0,HOMEIMPROVEMENT,A,7500,5.99,0,0.07,N,8,2024-05-14
33,115000,RENT,9.0,HOMEIMPROVEMENT,C,7500,11.03,0,0.07,Y,8,2024-08-05
27,57996,MORTGAGE,1.0,MEDICAL,A,4800,8.59,0,0.08,N,9,2024-10-12
34,120000,RENT,9.0,HOMEIMPROVEMENT,D,7500,16.29,0,0.06,N,5,2024-06-15
27,125000,RENT,8.0,EDUCATION,D,7500,11.013786929274843,0,0.06,N,5,2024-11-30
29,57996,MORTGAGE,6.0,EDUCATION,C,20475,12.72,0,0.35,N,10,2024-12-09
32,155000,RENT,3.0,PERSONAL,C,7500,11.59,0,0.05,Y,5,2024-09-05
31,160000,RENT,1.0,HOMEIMPROVEMENT,C,7500,11.28,0,0.05,N,7,2024-08-20
29,58000,MORTGAGE,9.0,EDUCATION,B,15900,11.013786929274843,0,0.27,N,6,2024-08-30
35,160000,RENT,3.0,MEDICAL,A,7500,8.0,0,0.05,N,8,2024-11-28
31,58000,MORTGAGE,15.0,VENTURE,A,8875,11.013786929274843,0,0.15,N,6,2024-09-08
29,165000,RENT,2.0,EDUCATION,B,7500,10.62,0,0.05,N,7,2024-01-19
33,58000,MORTGAGE,2.0,VENTURE,B,15000,9.91,0,0.26,N,9,2024-02-25
31,58000,OWN,6.0,PERSONAL,B,6200,10.65,0,0.11,N,6,2024-04-15
27,85000,RENT,1.0,DEBTCONSOLIDATION,A,7525,11.013786929274843,0,0.09,N,8,2024-08-27
35,40000,RENT,2.0,MEDICAL,C,7550,13.92,0,0.19,N,9,2024-07-06
27,52000,MORTGAGE,11.0,HOMEIMPROVEMENT,C,3000,15.96,1,0.06,Y,6,2024-02-10
35,58000,MORTGAGE,8.0,MEDICAL,C,6000,12.99,0,0.1,Y,8,2024-12-06
28,18000,RENT,9.0,HOMEIMPROVEMENT,A,7600,8.49,1,0.42,N,9,2024-10-25
27,28000,RENT,1.0,DEBTCONSOLIDATION,B,7600,10.99,0,0.27,N,7,2024-05-03
30,58000,MORTGAGE,14.0,DEBTCONSOLIDATION,B,5350,9.99,0,0.09,N,9,2024-12-15
28,58000,MORTGAGE,11.0,DEBTCONSOLIDATION,B,6700,9.99,0,0.12,N,5,2024-03-23
35,33000,RENT,2.0,VENTURE,C,7600,15.27,0,0.23,N,6,2024-01-12
27,33000,RENT,2.0,MEDICAL,A,7600,8.0,0,0.23,N,10,2024-10-17
27,58000,MORTGAGE,7.0,VENTURE,B,2800,11.99,0,0.05,N,8,2024-10-28
30,44208,RENT,1.0,MEDICAL,A,7600,7.74,0,0.17,N,8,2024-02-22
30,58000,MORTGAGE,9.0,HOMEIMPROVEMENT,A,3000,5.42,0,0.05,N,9,2024-02-04
27,45000,RENT,10.0,MEDICAL,D,7600,14.59,1,0.17,Y,8,2024-04-16
27,51996,RENT,7.0,HOMEIMPROVEMENT,C,7600,14.17,0,0.15,N,8,2024-06-16
30,61000,RENT,4.0,HOMEIMPROVEMENT,C,7600,11.013786929274843,0,0.12,Y,6,2024-08-24
28,58000,MORTGAGE,8.0,VENTURE,A,9600,7.49,0,0.17,N,7,2024-12-11
29,33000,RENT,4.0,HOMEIMPROVEMENT,E,7650,19.29,1,0.23,Y,6,2024-02-21
30,58000,OWN,7.0,PERSONAL,A,6000,5.79,0,0.1,N,5,2024-09-20
31,58000,OWN,15.0,MEDICAL,C,14500,13.06,0,0.25,N,7,2024-12-28
28,30000,RENT,2.0,MEDICAL,B,7700,12.42,0,0.26,N,8,2024-03-15
30,58000,MORTGAGE,2.0,MEDICAL,A,13200,11.013786929274843,0,0.23,N,10,2024-09-03
27,58000,MORTGAGE,11.0,MEDICAL,B,3250,11.86,0,0.06,N,8,2024-07-21
34,58000,OWN,8.0,MEDICAL,A,3000,6.76,0,0.05,N,10,2024-08-21
28,58000,MORTGAGE,12.0,EDUCATION,A,3000,11.013786929274843,0,0.05,N,8,2024-03-04
30,58000,MORTGAGE,2.0,HOMEIMPROVEMENT,C,9000,13.23,0,0.16,N,6,2024-06-25
27,58000,MORTGAGE,3.0,HOMEIMPROVEMENT,A,12000,7.51,0,0.21,N,8,2024-01-29
27,58000,MORTGAGE,9.0,DEBTCONSOLIDATION,C,6500,13.98,0,0.11,Y,8,2024-04-18
28,58000,MORTGAGE,3.0,VENTURE,A,4000,7.14,0,0.07,N,9,2024-05-25
29,58000,MORTGAGE,8.0,DEBTCONSOLIDATION,A,1800,6.76,0,0.03,N,8,2024-08-17
29,26400,RENT,5.0,MEDICAL,C,7750,14.27,1,0.29,N,7,2024-03-03
27,29000,RENT,3.0,MEDICAL,B,7750,11.86,0,0.27,N,5,2024-04-24
32,58000,OWN,3.0,VENTURE,C,8000,13.85,0,0.14,N,10,2024-07-04
28,32000,RENT,2.0,MEDICAL,C,7750,14.22,0,0.24,Y,5,2024-03-14
29,58000,MORTGAGE,13.0,HOMEIMPROVEMENT,A,14000,7.51,0,0.24,N,7,2024-03-29
31,41558,RENT,3.0,EDUCATION,E,7750,16.45,0,0.19,N,7,2024-02-12
27,58000,OWN,4.0,EDUCATION,B,4000,11.14,0,0.07,N,10,2024-04-21
27,58000,MORTGAGE,4.0,DEBTCONSOLIDATION,C,1500,11.013786929274843,0,0.03,N,9,2024-09-07
29,28000,RENT,8.0,PERSONAL,B,7800,8.88,0,0.28,N,7,2024-04-14
31,58000,OWN,7.0,VENTURE,C,14000,12.87,0,0.24,N,9,2024-04-22
28,58000,MORTGAGE,11.0,VENTURE,A,10000,9.32,0,0.17,N,10,2024-12-03
31,58000,MORTGAGE,15.0,HOMEIMPROVEMENT,A,6000,9.32,0,0.1,N,5,2024-09-24
29,40320,RENT,6.0,MEDICAL,B,7800,8.88,0,0.19,N,10,2024-06-02
27,41004,RENT,11.0,MEDICAL,B,7800,11.14,0,0.19,N,7,2024-10-23
29,52044,MORTGAGE,12.0,EDUCATION,A,8875,7.9,1,0.17,N,7,2024-03-22
27,58075,MORTGAGE,6.0,MEDICAL,A,4000,5.99,0,0.07,N,6,2024-12-07
28,58200,MORTGAGE,8.0,PERSONAL,B,4500,11.12,0,0.08,N,7,2024-06-10
34,54000,RENT,2.0,VENTURE,D,7800,14.84,1,0.14,N,6,2024-05-04
30,58239,MORTGAGE,3.0,VENTURE,A,10500,6.62,0,0.18,N,5,2024-06-07
28,70000,RENT,1.0,DEBTCONSOLIDATION,A,7800,7.9,0,0.11,N,8,2024-08-03
29,72000,RENT,4.0,DEBTCONSOLIDATION,C,7800,11.013786929274843,0,0.11,Y,8,2024-01-14
32,93158,RENT,16.0,HOMEIMPROVEMENT,D,7800,16.29,0,0.08,N,6,2024-09-18
30,52500,MORTGAGE,14.0,EDUCATION,A,10000,9.63,1,0.19,N,8,2024-07-15
35,58570,MORTGAGE,8.0,HOMEIMPROVEMENT,A,11000,7.88,0,0.19,N,9,2024-01-17
28,47000,RENT,9.0,MEDICAL,B,7875,11.013786929274843,0,0.17,N,10,2024-07-01
27,52600,MORTGAGE,2.0,PERSONAL,D,21600,17.27,1,0.41,N,9,2024-04-22
28,58600,OTHER,1.0,HOMEIMPROVEMENT,A,4550,8.0,0,0.08,N,8,2024-04-23
27,37000,RENT,4.0,EDUCATION,B,7900,11.11,0,0.21,N,7,2024-07-25
28,35000,RENT,3.0,DEBTCONSOLIDATION,D,7950,15.62,1,0.23,N,10,2024-09-27
35,58788,MORTGAGE,8.0,DEBTCONSOLIDATION,B,2200,11.99,0,0.04,N,6,2024-05-11
27,13500,RENT,2.0,MEDICAL,B,8000,12.18,1,0.59,N,5,2024-12-15
32,58800,OWN,16.0,PERSONAL,C,7000,13.99,0,0.12,N,7,2024-11-07
27,18000,RENT,3.0,EDUCATION,B,8000,10.75,1,0.44,N,10,2024-02-07
29,58800,MORTGAGE,13.0,VENTURE,B,16000,9.88,0,0.27,N,6,2024-06-11
28,58800,MORTGAGE,11.0,VENTURE,A,5500,6.76,0,0.09,N,9,2024-11-07
28,58868,MORTGAGE,12.0,MEDICAL,C,8400,13.57,0,0.14,Y,9,2024-12-02
28,20000,RENT,4.0,MEDICAL,B,8000,12.42,1,0.4,N,8,2024-02-06
33,59000,MORTGAGE,6.0,HOMEIMPROVEMENT,B,5500,9.91,0,0.09,N,9,2024-12-06
32,20400,RENT,2.0,DEBTCONSOLIDATION,A,8000,8.49,1,0.39,N,6,2024-09-15
29,21000,RENT,2.0,EDUCATION,B,8000,11.71,1,0.38,N,7,2024-10-11
27,21600,RENT,2.0,MEDICAL,B,8000,10.59,1,0.37,N,5,2024-06-23
28,59000,OWN,12.0,MEDICAL,A,10000,7.49,0,0.17,N,6,2024-10-25
29,59000,MORTGAGE,7.0,VENTURE,A,10000,7.49,0,0.17,N,7,2024-01-09
31,59000,MORTGAGE,13.0,MEDICAL,B,14000,11.013786929274843,0,0.24,N,6,2024-02-18
27,59000,MORTGAGE,11.0,MEDICAL,A,4000,5.79,0,0.07,N,6,2024-12-19
28,59000,MORTGAGE,2.0,VENTURE,B,14000,10.36,0,0.24,N,5,2024-03-20
29,59000,MORTGAGE,6.0,HOMEIMPROVEMENT,A,10000,6.91,0,0.17,N,5,2024-10-23
27,59000,MORTGAGE,11.0,HOMEIMPROVEMENT,C,16000,13.98,0,0.27,N,10,2024-07-09
27,24000,RENT,2.0,DEBTCONSOLIDATION,A,8000,7.29,1,0.33,N,7,2024-06-19
28,53000,MORTGAGE,12.0,EDUCATION,A,5000,7.14,1,0.09,N,10,2024-12-04
27,24000,RENT,3.0,PERSONAL,B,8000,11.013786929274843,1,0.33,N,8,2024-05-11
33,24000,RENT,1.0,VENTURE,B,8000,11.12,1,0.33,N,9,2024-06-24
35,24996,RENT,6.0,MEDICAL,A,8000,7.51,1,0.32,N,7,2024-05-31
27,59000,MORTGAGE,3.0,MEDICAL,B,6000,11.83,0,0.1,N,5,2024-07-05
31,59000,MORTGAGE,2.0,DEBTCONSOLIDATION,B,13000,11.14,0,0.22,N,7,2024-01-10
28,25000,RENT,5.0,MEDICAL,A,8000,6.91,1,0.32,N,6,2024-01-22
27,25000,RENT,4.0,PERSONAL,D,8000,14.84,1,0.32,Y,7,2024-04-27
27,59004,OWN,8.0,MEDICAL,B,24250,11.49,0,0.41,N,9,2024-04-16
35,26000,RENT,3.0,PERSONAL,A,8000,7.9,1,0.31,N,10,2024-10-16
27,59068,MORTGAGE,11.0,VENTURE,C,13500,13.22,0,0.23,Y,9,2024-08-14
28,26000,RENT,7.0,VENTURE,B,8000,11.36,1,0.31,N,5,2024-12-01
27,59147,MORTGAGE,11.0,MEDICAL,B,7000,11.26,0,0.12,N,5,2024-01-17
28,59160,MORTGAGE,2.0,EDUCATION,B,23500,11.013786929274843,0,0.4,N,10,2024-05-28
35,26400,RENT,4.0,PERSONAL,B,8000,11.013786929274843,0,0.3,N,8,2024-09-19
30,27996,RENT,5.0,PERSONAL,B,8000,10.99,0,0.29,N,8,2024-08-29
33,59450,MORTGAGE,1.0,EDUCATION,B,3000,10.38,0,0.05,N,6,2024-09-06
30,59500,MORTGAGE,15.0,HOMEIMPROVEMENT,A,15000,6.54,0,0.25,N,8,2024-01-21
33,59500,MORTGAGE,6.0,VENTURE,A,11000,11.013786929274843,0,0.18,N,8,2024-04-26
32,59506,OWN,13.0,VENTURE,D,8000,16.07,0,0.13,N,7,2024-03-05
28,59520,MORTGAGE,9.0,PERSONAL,A,5000,8.59,0,0.08,N,7,2024-03-18
28,59700,MORTGAGE,12.0,HOMEIMPROVEMENT,B,6000,10.99,0,0.1,N,5,2024-08-28
28,59904,MORTGAGE,12.0,MEDICAL,C,3000,12.53,0,0.05,Y,10,2024-02-24
30,28800,RENT,1.0,DEBTCONSOLIDATION,C,8000,12.73,0,0.28,N,10,2024-08-07
30,28800,RENT,1.0,MEDICAL,C,8000,13.22,0,0.28,N,9,2024-11-25
32,29962,RENT,4.0,MEDICAL,B,8000,12.53,0,0.27,N,7,2024-07-29
28,60000,MORTGAGE,12.0,MEDICAL,C,14400,13.49,0,0.24,N,7,2024-06-11
31,60000,MORTGAGE,5.0,MEDICAL,A,7200,6.03,0,0.12,N,8,2024-12-18
28,30000,RENT,4.0,MEDICAL,A,8000,11.013786929274843,0,0.27,N,8,2024-12-04
35,30000,RENT,3.0,EDUCATION,B,8000,11.013786929274843,0,0.27,N,6,2024-03-27
35,60000,MORTGAGE,12.0,MEDICAL,C,16000,15.96,0,0.27,Y,5,2024-12-09
29,60000,MORTGAGE,2.0,HOMEIMPROVEMENT,C,6000,13.49,0,0.1,Y,8,2024-08-01
28,60000,OWN,12.0,VENTURE,C,15000,15.96,0,0.25,Y,9,2024-11-30
30,30000,RENT,2.0,PERSONAL,C,8000,13.22,0,0.27,Y,9,2024-01-02
30,60000,MORTGAGE,7.0,HOMEIMPROVEMENT,A,4200,11.013786929274843,0,0.07,N,5,2024-01-31
33,60000,OWN,7.0,EDUCATION,A,12000,6.62,0,0.2,N,10,2024-06-18
28,60000,OWN,1.0,HOMEIMPROVEMENT,C,5000,14.27,0,0.08,Y,5,2024-11-04
27,32000,RENT,6.0,MEDICAL,B,8000,9.91,0,0.25,N,7,2024-12-10
27,54000,MORTGAGE,6.0,VENTURE,C,10000,14.27,1,0.19,N,10,2024-02-13
33,60000,MORTGAGE,3.0,DEBTCONSOLIDATION,A,3500,7.9,0,0.06,N,9,2024-06-25
34,32000,RENT,6.0,EDUCATION,D,8000,17.27,0,0.25,Y,10,2024-03-31
35,60000,MORTGAGE,3.0,EDUCATION,B,19600,9.91,0,0.33,N,5,2024-08-26
30,60000,OWN,3.0,HOMEIMPROVEMENT,A,21000,7.9,0,0.35,N,5,2024-03-27
28,33000,RENT,12.0,DEBTCONSOLIDATION,C,8000,14.65,1,0.24,Y,9,2024-05-24
30,60000,MORTGAGE,12.0,DEBTCONSOLIDATION,B,2500,12.69,0,0.04,N,7,2024-05-10
33,34000,RENT,6.0,DEBTCONSOLIDATION,B,8000,9.99,0,0.24,N,5,2024-09-20
28,60000,MORTGAGE,13.0,VENTURE,A,8650,8.9,0,0.14,N,10,2024-06-12
29,60000,MORTGAGE,2.0,HOMEIMPROVEMENT,A,1500,6.03,0,0.03,N,9,2024-10-22
27,35000,RENT,3.0,MEDICAL,C,8000,14.79,0,0.23,Y,9,2024-04-08
34,35000,RENT,9.0,DEBTCONSOLIDATION,A,8000,11.013786929274843,0,0.23,N,10,2024-09-22
31,60000,MORTGAGE,5.0,PERSONAL,A,17000,8.9,0,0.28,N,8,2024-09-12
34,35000,RENT,1.0,PERSONAL,A,8000,6.17,0,0.23,N,9,2024-01-26
32,60000,MORTGAGE,16.0,MEDICAL,A,6000,6.62,0,0.1,N,7,2024-03-19
31,60000,MORTGAGE,2.0,HOMEIMPROVEMENT,B,9000,12.69,0,0.15,N,8,2024-02-29
28,29000,RENT,1.0,MEDICAL,C,8000,13.11,1,0.28,Y,9,2024-07-26
27,35000,RENT,1.0,MEDICAL,B,8000,12.21,0,0.23,N,6,2024-06-10
28,60000,MORTGAGE,8.0,MEDICAL,B,20000,11.71,0,0.33,N,5,2024-07-19
30,60000,MORTGAGE,10.0,PERSONAL,B,16000,11.71,0,0.27,N,8,2024-06-22
28,60000,MORTGAGE,12.0,EDUCATION,A,13000,8.9,0,0.22,N,10,2024-05-06
29,30000,RENT,5.0,HOMEIMPROVEMENT,B,8000,12.69,1,0.27,N,6,2024-05-26
31,36000,RENT,4.0,MEDICAL,B,8000,10.65,0,0.22,N,6,2024-06-15
30,60000,MORTGAGE,14.0,VENTURE,A,8000,7.51,0,0.13,N,10,2024-10-26
30,60000,MORTGAGE,2.0,PERSONAL,B,10000,12.69,0,0.17,N,5,2024-06-30
35,60000,MORTGAGE,2.0,DEBTCONSOLIDATION,A,4000,6.03,0,0.07,N,7,2024-10-26
31,36000,RENT,3.0,PERSONAL,A,8000,8.49,0,0.22,N,8,2024-11-13
29,60000,MORTGAGE,1.0,PERSONAL,B,5600,12.42,0,0.09,N,10,2024-08-04
30,36000,RENT,3.0,PERSONAL,B,8000,11.36,0,0.22,N,8,2024-03-01
35,60000,MORTGAGE,5.0,HOMEIMPROVEMENT,B,9000,12.42,0,0.15,N,7,2024-05-11
31,36996,RENT,5.0,PERSONAL,A,8000,7.49,0,0.22,N,6,2024-11-01
27,37000,RENT,3.0,EDUCATION,C,8000,13.49,0,0.22,Y,10,2024-07-23
27,31000,RENT,4.0,DEBTCONSOLIDATION,A,8000,7.66,1,0.26,N,8,2024-06-14
28,60000,MORTGAGE,12.0,HOMEIMPROVEMENT,A,20000,7.9,0,0.33,N,7,2024-09-18
32,37050,RENT,2.0,DEBTCONSOLIDATION,A,8000,8.0,0,0.22,N,6,2024-04-12
33,54000,MORTGAGE,7.0,DEBTCONSOLIDATION,C,32000,15.23,1,0.59,N,7,2024-11-04
35,37440,RENT,2.0,MEDICAL,B,8000,10.99,0,0.21,N,9,2024-05-27
30,60000,MORTGAGE,5.0,HOMEIMPROVEMENT,A,7000,7.49,0,0.12,N,8,2024-06-25
31,37681,RENT,16.0,DEBTCONSOLIDATION,B,8000,10.99,0,0.21,N,7,2024-01-26
29,60000,MORTGAGE,14.0,PERSONAL,A,20000,6.99,0,0.33,N,7,2024-06-12
29,60000,OWN,1.0,PERSONAL,B,10000,10.99,0,0.17,N,10,2024-09-15
28,60000,OWN,12.0,EDUCATION,D,7000,15.99,0,0.12,N,7,2024-11-07
31,60000,MORTGAGE,4.0,DEBTCONSOLIDATION,C,1500,12.99,0,0.03,N,10,2024-04-09
35,38000,RENT,3.0,PERSONAL,B,8000,11.013786929274843,0,0.21,N,6,2024-01-13
28,32376,RENT,2.0,DEBTCONSOLIDATION,F,8000,11.013786929274843,1,0.25,Y,7,2024-04-22
30,32918,RENT,5.0,DEBTCONSOLIDATION,D,8000,14.59,1,0.24,Y,8,2024-09-26
29,33000,RENT,5.0,HOMEIMPROVEMENT,A,8000,5.79,1,0.24,N,8,2024-02-05
32,60000,MORTGAGE,4.0,HOMEIMPROVEMENT,C,3250,13.49,0,0.05,Y,5,2024-08-21
28,60000,MORTGAGE,3.0,EDUCATION,B,35000,10.59,0,0.58,N,6,2024-05-15
27,60000,OWN,4.0,HOMEIMPROVEMENT,A,10500,7.49,0,0.17,N,7,2024-10-19
27,60000,MORTGAGE,3.0,EDUCATION,A,5075,5.99,0,0.08,N,8,2024-01-27
28,60000,MORTGAGE,5.0,HOMEIMPROVEMENT,A,2500,11.013786929274843,0,0.04,N,7,2024-06-04
32,39600,RENT,2.0,MEDICAL,B,8000,9.91,0,0.2,N,10,2024-03-21
33,60000,MORTGAGE,5.0,PERSONAL,A,2000,5.42,0,0.03,N,8,2024-03-23
34,33666,RENT,4.0,PERSONAL,D,8000,17.49,1,0.24,Y,9,2024-04-18
35,39996,RENT,4.0,EDUCATION,A,8000,5.99,0,0.2,N,5,2024-09-12
29,54000,MORTGAGE,8.0,DEBTCONSOLIDATION,A,7500,7.49,1,0.14,N,9,2024-03-24
29,34000,RENT,6.0,DEBTCONSOLIDATION,D,8000,16.77,1,0.24,Y,10,2024-02-22
30,34000,RENT,1.0,MEDICAL,A,8000,7.9,1,0.24,N,5,2024-11-16
31,40000,RENT,1.0,DEBTCONSOLIDATION,A,8000,7.9,0,0.2,N,9,2024-09-30
27,40000,RENT,11.0,VENTURE,B,8000,11.99,0,0.2,N,7,2024-02-25
27,60000,MORTGAGE,6.0,VENTURE,B,5100,11.49,0,0.09,N,6,2024-07-02
32,40000,RENT,3.0,DEBTCONSOLIDATION,B,8000,9.62,0,0.2,N,9,2024-04-27
29,54000,OWN,11.0,MEDICAL,E,20000,18.79,1,0.37,Y,5,2024-01-21
28,54000,MORTGAGE,12.0,MEDICAL,C,6000,15.23,1,0.11,N,8,2024-01-28
31,40000,RENT,2.0,DEBTCONSOLIDATION,B,8000,11.89,0,0.2,N,7,2024-05-04
28,40000,RENT,3.0,MEDICAL,B,8000,10.95,0,0.2,N,6,2024-04-11
34,60000,MORTGAGE,7.0,EDUCATION,C,10175,11.013786929274843,0,0.17,N,5,2024-12-26
28,60000,MORTGAGE,12.0,HOMEIMPROVEMENT,D,3000,17.49,0,0.05,N,8,2024-04-20
29,41200,RENT,3.0,EDUCATION,B,8000,11.99,0,0.19,N,7,2024-05-29
28,60000,MORTGAGE,12.0,MEDICAL,B,5000,11.013786929274843,0,0.08,N,8,2024-03-16
31,42000,RENT,3.0,VENTURE,B,8000,12.42,0,0.19,N,7,2024-07-13
30,36000,RENT,7.0,DEBTCONSOLIDATION,D,8000,15.99,1,0.22,N,6,2024-12-29
29,60000,MORTGAGE,13.0,MEDICAL,A,8000,5.99,0,0.13,N,9,2024-09-16
30,42000,RENT,5.0,MEDICAL,B,8000,10.0,0,0.19,N,5,2024-08-12
31,60000,OWN,3.0,DEBTCONSOLIDATION,D,5000,16.49,0,0.08,N,9,2024-08-25
30,60000,MORTGAGE,5.0,VENTURE,A,4000,6.99,0,0.07,N,7,2024-05-08
27,60000,MORTGAGE,7.0,MEDICAL,B,3400,11.013786929274843,0,0.06,N,7,2024-05-15
27,42000,RENT,9.0,PERSONAL,A,8000,7.29,0,0.19,N,6,2024-03-17
32,60000,MORTGAGE,2.0,VENTURE,B,7125,9.99,0,0.12,N,7,2024-05-08
27,36672,RENT,11.0,PERSONAL,A,8000,7.9,1,0.22,N,9,2024-10-23
28,42682,RENT,1.0,PERSONAL,A,8000,6.03,0,0.19,N,9,2024-05-18
28,60000,MORTGAGE,2.0,EDUCATION,A,6000,5.99,0,0.1,N,8,2024-04-11
30,43000,RENT,4.0,VENTURE,D,8000,16.49,0,0.19,N,5,2024-05-16
33,60000,MORTGAGE,3.0,DEBTCONSOLIDATION,A,5000,5.42,0,0.08,N,7,2024-07-18
28,60000,MORTGAGE,6.0,DEBTCONSOLIDATION,B,15000,11.99,0,0.25,N,6,2024-08-02
27,43000,RENT,2.0,MEDICAL,C,8000,12.68,0,0.19,N,6,2024-08-16
33,43000,RENT,6.0,EDUCATION,B,8000,10.0,0,0.19,N,8,2024-06-17
27,60000,MORTGAGE,6.0,PERSONAL,A,10000,7.49,0,0.17,N,7,2024-05-26
33,60000,MORTGAGE,17.0,MEDICAL,A,7000,5.42,0,0.12,N,8,2024-06-02
31,60000,MORTGAGE,5.0,HOMEIMPROVEMENT,B,6500,10.99,0,0.11,N,5,2024-10-29
33,44000,RENT,5.0,VENTURE,D,8000,17.49,0,0.18,N,8,2024-11-21
27,60000,MORTGAGE,9.0,DEBTCONSOLIDATION,A,3600,5.42,0,0.06,N,9,2024-01-28
35,38760,RENT,2.0,MEDICAL,F,8000,18.09,1,0.21,Y,7,2024-08-02
30,60000,MORTGAGE,3.0,DEBTCONSOLIDATION,A,4125,5.99,0,0.07,N,5,2024-02-08
28,60000,MORTGAGE,6.0,DEBTCONSOLIDATION,B,4125,9.99,0,0.07,N,10,2024-02-27
31,54000,MORTGAGE,12.0,MEDICAL,A,15000,8.49,1,0.28,N,6,2024-10-31
31,45000,RENT,3.0,DEBTCONSOLIDATION,B,8000,10.99,0,0.18,N,10,2024-11-07
28,39000,RENT,6.0,MEDICAL,D,8000,14.91,1,0.21,Y,7,2024-11-07
29,60000,MORTGAGE,3.0,MEDICAL,A,10000,11.013786929274843,0,0.17,N,9,2024-04-02
27,45000,RENT,1.0,MEDICAL,C,8000,13.85,0,0.18,N,10,2024-06-12
29,60000,MORTGAGE,4.0,EDUCATION,A,5000,7.66,0,0.08,N,10,2024-06-14
31,60000,MORTGAGE,15.0,EDUCATION,C,15000,12.68,0,0.25,N,6,2024-04-03
31,60000,MORTGAGE,7.0,VENTURE,B,7000,11.013786929274843,0,0.12,N,7,2024-07-27
33,45000,RENT,2.0,PERSONAL,C,8000,12.53,0,0.18,N,6,2024-04-14
29,60000,MORTGAGE,7.0,VENTURE,A,5000,7.66,0,0.08,N,10,2024-04-07
28,60000,MORTGAGE,12.0,PERSONAL,B,6000,11.013786929274843,0,0.1,N,5,2024-09-02
30,60000,MORTGAGE,13.0,DEBTCONSOLIDATION,B,15000,10.74,0,0.25,N,5,2024-09-17
29,60000,MORTGAGE,7.0,PERSONAL,A,8500,6.92,0,0.14,N,6,2024-09-17
31,46000,RENT,6.0,PERSONAL,B,8000,11.013786929274843,0,0.17,N,9,2024-03-25
30,46000,RENT,5.0,DEBTCONSOLIDATION,A,8000,7.14,0,0.17,N,10,2024-03-19
27,46000,RENT,11.0,MEDICAL,B,8000,11.36,0,0.17,N,8,2024-01-04
31,46875,RENT,1.0,EDUCATION,B,8000,11.013786929274843,0,0.17,N,8,2024-06-26
27,60000,MORTGAGE,8.0,EDUCATION,A,2000,7.29,0,0.03,N,7,2024-05-15
32,47000,RENT,2.0,EDUCATION,A,8000,8.59,0,0.17,N,9,2024-04-19
27,41000,RENT,4.0,DEBTCONSOLIDATION,C,8000,12.84,1,0.2,Y,10,2024-09-24
28,60000,OWN,12.0,EDUCATION,A,7000,7.66,0,0.12,N,9,2024-06-26
27,60000,MORTGAGE,8.0,PERSONAL,B,5000,9.63,0,0.08,N,6,2024-02-15
29,60000,MORTGAGE,1.0,HOMEIMPROVEMENT,A,10000,5.79,0,0.17,N,6,2024-06-26
29,60000,MORTGAGE,4.0,DEBTCONSOLIDATION,A,12000,7.29,0,0.2,N,7,2024-06-22
30,48000,RENT,7.0,VENTURE,C,8000,13.23,0,0.17,Y,5,2024-12-20
30,60000,MORTGAGE,5.0,PERSONAL,A,8000,7.66,0,0.13,N,6,2024-10-27
29,60000,OWN,9.0,PERSONAL,C,9000,12.23,0,0.15,N,10,2024-06-25
28,60000,MORTGAGE,12.0,DEBTCONSOLIDATION,C,16800,12.61,0,0.28,Y,7,2024-10-26
29,50000,RENT,9.0,VENTURE,B,8000,11.71,0,0.16,N,9,2024-04-27
27,60000,MORTGAGE,11.0,MEDICAL,C,6000,13.35,0,0.1,N,8,2024-06-09
35,60000,MORTGAGE,5.0,DEBTCONSOLIDATION,A,2000,6.91,0,0.03,N,6,2024-11-10
28,60000,MORTGAGE,13.0,DEBTCONSOLIDATION,A,12000,5.79,0,0.2,N,8,2024-09-21
28,50000,RENT,12.0,MEDICAL,C,8000,14.65,0,0.16,N,9,2024-03-06
33,60000,MORTGAGE,4.0,PERSONAL,B,6300,9.62,0,0.1,N,10,2024-01-30
30,54000,MORTGAGE,3.0,EDUCATION,C,5000,12.61,1,0.09,Y,10,2024-02-10
28,60000,OWN,1.0,HOMEIMPROVEMENT,D,22000,14.09,0,0.37,Y,8,2024-11-10
28,60000,MORTGAGE,8.0,MEDICAL,C,1500,11.013786929274843,0,0.03,Y,6,2024-01-27
30,60000,OWN,11.0,MEDICAL,A,20000,6.17,0,0.33,N,5,2024-09-27
27,50000,RENT,5.0,MEDICAL,C,8000,13.43,0,0.16,N,10,2024-07-07
28,50000,RENT,4.0,MEDICAL,A,8000,7.14,0,0.16,N,7,2024-09-12
27,50000,RENT,1.0,EDUCATION,C,8000,13.98,0,0.16,N,9,2024-04-01
32,50000,RENT,2.0,MEDICAL,B,8000,10.62,0,0.16,N,8,2024-10-09
27,50000,RENT,5.0,VENTURE,A,8000,7.14,0,0.16,N,6,2024-09-18
32,60000,MORTGAGE,2.0,EDUCATION,D,15000,14.83,0,0.25,N,9,2024-12-04
28,50004,RENT,9.0,HOMEIMPROVEMENT,C,8000,15.23,0,0.16,Y,9,2024-01-28
28,60000,OWN,5.0,VENTURE,C,10000,11.013786929274843,0,0.17,N,7,2024-05-13
30,60000,MORTGAGE,14.0,PERSONAL,B,1750,9.99,0,0.03,N,8,2024-11-09
35,51000,RENT,8.0,DEBTCONSOLIDATION,C,8000,13.11,0,0.16,Y,10,2024-03-23
28,51000,RENT,5.0,HOMEIMPROVEMENT,A,8000,9.63,0,0.16,N,9,2024-03-27
32,51400,RENT,1.0,HOMEIMPROVEMENT,A,8000,7.51,0,0.16,N,10,2024-11-08
28,52000,RENT,1.0,VENTURE,C,8000,11.013786929274843,0,0.15,N,8,2024-03-08
30,60000,MORTGAGE,12.0,DEBTCONSOLIDATION,B,9600,9.99,0,0.16,N,10,2024-01-31
28,60000,MORTGAGE,4.0,HOMEIMPROVEMENT,B,4800,11.013786929274843,0,0.08,N,9,2024-07-29
30,52000,RENT,4.0,DEBTCONSOLIDATION,B,8000,11.11,0,0.15,N,8,2024-05-21
28,52500,RENT,2.0,PERSONAL,A,8000,7.51,0,0.15,N,6,2024-02-11
27,60000,OWN,11.0,VENTURE,C,4000,13.98,0,0.07,Y,7,2024-10-07
31,60000,MORTGAGE,15.0,DEBTCONSOLIDATION,B,5100,10.75,0,0.09,N,8,2024-09-12
29,60000,MORTGAGE,3.0,PERSONAL,A,7200,7.88,0,0.12,N,7,2024-06-24
33,53040,RENT,3.0,MEDICAL,B,8000,9.88,0,0.15,N,10,2024-06-10
27,60000,OWN,2.0,VENTURE,B,10000,10.38,0,0.17,N,6,2024-05-23
28,54000,RENT,5.0,DEBTCONSOLIDATION,C,8000,15.23,0,0.15,N,9,2024-09-14
27,54000,RENT,4.0,MEDICAL,C,8000,13.8,0,0.15,Y,5,2024-10-01
32,48000,RENT,1.0,HOMEIMPROVEMENT,D,8000,14.42,1,0.17,Y,8,2024-01-11
27,54590,RENT,9.0,VENTURE,B,8000,11.49,0,0.15,N,6,2024-11-26
30,54000,MORTGAGE,4.0,DEBTCONSOLIDATION,D,12000,15.58,1,0.22,N,5,2024-04-28
30,54996,RENT,4.0,DEBTCONSOLIDATION,A,8000,5.79,0,0.15,N,10,2024-11-15
31,60000,MORTGAGE,16.0,VENTURE,A,8800,7.51,0,0.15,N,9,2024-06-02
28,60000,MORTGAGE,4.0,MEDICAL,A,9600,7.51,0,0.16,N,10,2024-09-19
32,55000,RENT,4.0,HOMEIMPROVEMENT,C,8000,11.013786929274843,0,0.15,N,8,2024-12-10
29,60000,OWN,13.0,MEDICAL,C,9600,14.35,0,0.16,Y,6,2024-01-14
27,55000,RENT,11.0,HOMEIMPROVEMENT,A,8000,7.29,0,0.15,N,9,2024-02-23
29,60000,MORTGAGE,13.0,PERSONAL,A,13500,7.51,0,0.23,N,7,2024-03-17
27,60000,MORTGAGE,4.0,VENTURE,A,8000,7.88,0,0.13,N,8,2024-08-24
27,60000,MORTGAGE,2.0,HOMEIMPROVEMENT,B,15000,11.86,0,0.25,N,8,2024-02-09
28,60000,OWN,7.0,MEDICAL,A,12000,7.51,0,0.2,N,5,2024-07-03
32,60000,MORTGAGE,11.0,EDUCATION,B,15000,11.86,0,0.25,N,6,2024-03-25
27,55000,RENT,11.0,MEDICAL,B,8000,11.83,0,0.15,N,9,2024-09-22
30,60000,OWN,7.0,VENTURE,D,6000,14.84,0,0.1,Y,6,2024-03-17
28,54000,OWN,13.0,DEBTCONSOLIDATION,E,6500,16.45,1,0.12,Y,6,2024-01-30
34,60000,MORTGAGE,6.0,MEDICAL,C,2500,14.72,0,0.04,N,5,2024-04-06
31,55000,RENT,5.0,MEDICAL,C,8000,13.16,0,0.15,N,5,2024-02-04
31,50000,RENT,13.0,DEBTCONSOLIDATION,D,8000,14.09,1,0.16,Y,8,2024-06-22
32,56004,RENT,9.0,DEBTCONSOLIDATION,A,8000,7.66,0,0.14,N,5,2024-10-14
27,56400,RENT,4.0,PERSONAL,D,8000,16.77,0,0.14,Y,10,2024-11-23
27,56888,RENT,8.0,HOMEIMPROVEMENT,D,8000,16.29,0,0.14,N,5,2024-09-17
28,60000,MORTGAGE,4.0,DEBTCONSOLIDATION,A,8000,7.88,0,0.13,N,5,2024-07-14
30,60000,MORTGAGE,13.0,VENTURE,A,12250,7.51,0,0.2,N,6,2024-01-01
34,57996,RENT,3.0,PERSONAL,B,8000,11.12,0,0.14,N,8,2024-05-16
27,60000,MORTGAGE,3.0,PERSONAL,E,5000,16.45,0,0.08,N,6,2024-07-26
27,58000,RENT,1.0,VENTURE,B,8000,11.36,0,0.14,N,7,2024-08-05
27,60000,MORTGAGE,9.0,PERSONAL,A,5000,7.88,0,0.08,N,5,2024-06-23
33,54000,MORTGAGE,3.0,EDUCATION,F,16000,18.67,1,0.3,Y,10,2024-12-02
29,60000,RENT,3.0,DEBTCONSOLIDATION,B,8000,12.42,0,0.13,N,7,2024-12-06
27,60000,MORTGAGE,3.0,EDUCATION,C,5000,12.73,0,0.08,Y,8,2024-01-30
30,60000,MORTGAGE,8.0,PERSONAL,C,7400,13.11,0,0.12,Y,5,2024-01-20
35,60000,RENT,3.0,HOMEIMPROVEMENT,A,8000,5.79,0,0.13,N,10,2024-12-08
35,60000,MORTGAGE,12.0,DEBTCONSOLIDATION,C,25000,12.73,0,0.42,N,8,2024-11-02
33,60000,MORTGAGE,7.0,VENTURE,A,7000,7.14,0,0.12,N,10,2024-04-06
29,60000,RENT,4.0,VENTURE,B,8000,11.14,0,0.13,N,5,2024-09-19
35,60000,OWN,1.0,PERSONAL,D,5000,15.7,0,0.08,N,9,2024-04-27
33,60000,RENT,2.0,PERSONAL,B,8000,12.53,0,0.13,N,6,2024-09-26
28,60000,MORTGAGE,5.0,MEDICAL,B,6000,10.99,0,0.1,N,6,2024-06-27
32,60000,MORTGAGE,15.0,DEBTCONSOLIDATION,A,6000,7.14,0,0.1,N,9,2024-04-10
35,45000,RENT,4.0,PERSONAL,C,5200,13.06,0,0.12,Y,10,2024-06-01
28,50500,RENT,3.0,PERSONAL,C,5200,12.53,0,0.1,Y,8,2024-02-09
34,60000,MORTGAGE,4.0,PERSONAL,B,10000,9.88,0,0.17,N,8,2024-03-25
29,54000,MORTGAGE,1.0,PERSONAL,G,25000,20.16,1,0.46,Y,8,2024-05-31
33,60000,MORTGAGE,1.0,VENTURE,D,17000,16.07,0,0.28,Y,5,2024-08-05
34,60000,MORTGAGE,8.0,PERSONAL,B,10000,11.36,0,0.17,N,7,2024-01-06
29,75000,RENT,3.0,HOMEIMPROVEMENT,B,5200,10.75,0,0.07,N,8,2024-12-12
29,60000,OWN,13.0,VENTURE,A,1000,6.76,0,0.02,N,8,2024-10-19
35,60000,MORTGAGE,12.0,DEBTCONSOLIDATION,C,12000,13.11,0,0.2,N,9,2024-05-12
28,60000,OWN,5.0,MEDICAL,B,20000,11.013786929274843,0,0.33,N,5,2024-08-17
35,40000,RENT,6.0,DEBTCONSOLIDATION,C,5100,13.72,0,0.13,Y,5,2024-01-08
27,60000,MORTGAGE,3.0,HOMEIMPROVEMENT,B,10000,12.53,0,0.17,N,10,2024-12-29
27,60000,MORTGAGE,3.0,PERSONAL,B,6000,11.48,0,0.1,N,8,2024-11-16
29,47133,RENT,5.0,DEBTCONSOLIDATION,B,5100,11.86,0,0.11,N,7,2024-07-18
31,20000,RENT,7.0,DEBTCONSOLIDATION,C,5075,12.54,0,0.25,Y,10,2024-06-30
32,60000,MORTGAGE,4.0,PERSONAL,B,13250,11.83,0,0.22,N,10,2024-04-11
29,60000,MORTGAGE,7.0,DEBTCONSOLIDATION,C,15000,12.87,0,0.25,N,5,2024-02-07
29,50000,RENT,4.0,DEBTCONSOLIDATION,C,5050,12.73,0,0.1,N,5,2024-06-10
27,12000,RENT,2.0,MEDICAL,A,5000,8.49,1,0.42,N,10,2024-05-01
34,14000,RENT,3.0,PERSONAL,C,5000,13.35,1,0.36,N,10,2024-07-25
29,14573,RENT,6.0,HOMEIMPROVEMENT,B,5000,12.18,1,0.34,N,5,2024-08-08
35,60000,OWN,9.0,PERSONAL,B,24000,12.53,0,0.4,N,9,2024-11-10
29,54000,MORTGAGE,8.0,MEDICAL,D,14800,15.31,1,0.27,Y,10,2024-04-19
28,15000,RENT,1.0,PERSONAL,A,5000,7.4,1,0.33,N,9,2024-11-16
28,60000,MORTGAGE,12.0,MEDICAL,A,15000,8.94,0,0.25,N,9,2024-04-23
32,15600,RENT,4.0,HOMEIMPROVEMENT,A,5000,5.42,1,0.32,N,5,2024-05-20
28,15600,RENT,4.0,HOMEIMPROVEMENT,B,5000,10.37,1,0.32,N,9,2024-12-31
28,60000,OTHER,5.0,PERSONAL,B,16000,12.18,0,0.27,N,9,2024-01-18
28,16000,RENT,2.0,DEBTCONSOLIDATION,E,5000,16.45,1,0.31,Y,7,2024-09-05
29,60000,MORTGAGE,8.0,HOMEIMPROVEMENT,D,16000,14.96,0,0.27,Y,6,2024-11-01
35,60000,MORTGAGE,11.0,EDUCATION,D,25000,15.31,0,0.42,N,6,2024-11-15
29,16800,RENT,4.0,HOMEIMPROVEMENT,A,5000,6.92,1,0.3,N,10,2024-06-28
30,60000,MORTGAGE,6.0,EDUCATION,D,15000,15.31,0,0.25,Y,9,2024-11-07
27,60000,MORTGAGE,5.0,MEDICAL,A,6000,8.94,0,0.1,N,10,2024-01-06
29,17676,RENT,3.0,EDUCATION,C,5000,13.11,1,0.28,Y,10,2024-02-01
28,18600,RENT,4.0,MEDICAL,D,5000,11.013786929274843,1,0.27,Y,9,2024-12-02
29,54000,MORTGAGE,7.0,MEDICAL,F,14800,18.53,1,0.27,Y,8,2024-10-21
34,60000,MORTGAGE,5.0,EDUCATION,C,7000,12.53,0,0.12,Y,10,2024-10-23
27,19200,RENT,2.0,PERSONAL,B,5000,12.53,1,0.26,N,7,2024-12-01
27,60000,MORTGAGE,2.0,MEDICAL,B,4800,11.89,0,0.08,N,7,2024-06-27
28,20000,RENT,4.0,PERSONAL,B,5000,10.65,0,0.25,N,8,2024-05-03
34,20000,RENT,5.0,MEDICAL,A,5000,8.9,0,0.25,N,5,2024-10-10
31,60000,OTHER,2.0,HOMEIMPROVEMENT,B,15000,11.26,0,0.25,N,6,2024-12-13
31,60000,MORTGAGE,3.0,VENTURE,A,3600,7.68,0,0.06,N,9,2024-07-29
30,20000,RENT,2.0,PERSONAL,A,5000,8.59,0,0.25,N,5,2024-04-23
34,60000,MORTGAGE,6.0,EDUCATION,E,10500,15.68,0,0.17,N,10,2024-04-05
29,60000,MORTGAGE,13.0,DEBTCONSOLIDATION,B,6400,11.89,0,0.11,N,8,2024-06-21
30,54000,MORTGAGE,3.0,MEDICAL,D,15250,14.42,1,0.28,Y,8,2024-03-22
31,54000,MORTGAGE,5.0,MEDICAL,F,19400,18.53,1,0.36,N,10,2024-11-27
30,21600,RENT,4.0,VENTURE,B,5000,11.71,0,0.23,N,7,2024-01-21
31,60000,MORTGAGE,15.0,DEBTCONSOLIDATION,A,10000,9.63,0,0.17,N,8,2024-11-28
34,60000,MORTGAGE,4.0,EDUCATION,C,14000,12.84,0,0.23,N,5,2024-10-11
33,22000,RENT,4.0,EDUCATION,B,5000,12.42,0,0.23,N,6,2024-07-12
30,60000,MORTGAGE,14.0,EDUCATION,B,4500,10.83,0,0.07,N,10,2024-12-10
30,54000,MORTGAGE,8.0,HOMEIMPROVEMENT,G,24000,18.72,1,0.44,N,8,2024-10-22
29,60000,MORTGAGE,8.0,PERSONAL,B,8000,10.51,0,0.13,N,8,2024-02-18
29,23000,RENT,2.0,MEDICAL,B,5000,11.013786929274843,0,0.22,N,7,2024-01-14
33,23400,RENT,13.0,VENTURE,B,5000,12.69,0,0.21,N,10,2024-09-08
33,60000,MORTGAGE,2.0,EDUCATION,B,2500,10.83,0,0.04,N,8,2024-02-12
33,24000,RENT,10.0,DEBTCONSOLIDATION,B,5000,10.65,0,0.21,N,7,2024-04-25
32,60000,MORTGAGE,11.0,PERSONAL,C,7500,11.03,0,0.13,Y,10,2024-05-07
31,60000,MORTGAGE,4.0,HOMEIMPROVEMENT,B,9600,10.08,0,0.16,N,8,2024-10-06
29,24000,RENT,6.0,PERSONAL,B,5000,10.74,0,0.21,N,10,2024-08-29
30,24000,RENT,14.0,EDUCATION,B,5000,11.11,1,0.21,N,9,2024-02-05
33,60000,OWN,8.0,EDUCATION,C,8350,11.34,0,0.14,Y,7,2024-08-17
29,24000,RENT,1.0,MEDICAL,A,5000,6.92,0,0.21,N,10,2024-01-27
27,60000,OWN,11.0,DEBTCONSOLIDATION,D,18000,13.24,0,0.3,Y,7,2024-07-26
30,24000,RENT,6.0,MEDICAL,D,5000,11.013786929274843,1,0.21,Y,8,2024-01-16
27,60000,OWN,4.0,MEDICAL,B,10425,9.45,0,0.17,N,8,2024-11-09
27,24000,RENT,2.0,VENTURE,C,5000,14.72,0,0.21,N,10,2024-06-01
29,60096,MORTGAGE,3.0,EDUCATION,A,3000,7.66,0,0.05,N,10,2024-08-21
34,60100,MORTGAGE,6.0,EDUCATION,A,1500,6.03,0,0.02,N,6,2024-10-10
33,24720,RENT,5.0,DEBTCONSOLIDATION,A,5000,7.49,0,0.2,N,5,2024-01-01
31,60380,MORTGAGE,10.0,PERSONAL,B,6000,11.48,0,0.1,N,10,2024-05-11
30,25000,RENT,2.0,HOMEIMPROVEMENT,B,5000,9.91,1,0.2,N,7,2024-02-23
28,25000,RENT,1.0,EDUCATION,A,5000,7.51,0,0.2,N,7,2024-12-03
27,25000,RENT,2.0,PERSONAL,B,5000,9.62,0,0.2,N,7,2024-06-28
28,60589,MORTGAGE,1.0,HOMEIMPROVEMENT,B,2650,9.88,0,0.04,N,10,2024-06-02
28,54600,MORTGAGE,13.0,EDUCATION,B,20000,11.89,1,0.37,N,5,2024-12-31
30,60600,MORTGAGE,1.0,EDUCATION,A,3000,7.12,0,0.05,N,6,2024-11-12
29,25000,RENT,3.0,MEDICAL,B,5000,10.95,0,0.2,N,10,2024-01-11
34,25480,RENT,6.0,MEDICAL,D,5000,12.8,1,0.2,N,5,2024-05-14
32,25591,RENT,4.0,VENTURE,B,5000,10.65,0,0.2,N,9,2024-10-04
28,26000,RENT,2.0,DEBTCONSOLIDATION,A,5000,7.9,0,0.19,N,6,2024-12-10
28,26000,RENT,9.0,MEDICAL,B,5000,11.71,0,0.19,N,7,2024-08-11
28,60996,MORTGAGE,11.0,PERSONAL,E,24250,16.4,0,0.4,N,8,2024-06-14
28,54996,MORTGAGE,8.0,EDUCATION,B,16750,10.38,1,0.3,N,9,2024-11-17
33,26100,RENT,16.0,PERSONAL,B,5000,10.75,0,0.19,N,6,2024-11-03
28,26400,RENT,7.0,PERSONAL,C,5000,13.11,1,0.19,Y,6,2024-01-23
28,26496,RENT,2.0,MEDICAL,D,5000,14.83,1,0.19,Y,10,2024-05-20
28,61000,MORTGAGE,12.0,PERSONAL,A,12000,6.03,0,0.2,N,7,2024-09-07
30,61000,MORTGAGE,2.0,DEBTCONSOLIDATION,A,4000,7.9,0,0.07,N,7,2024-05-24
32,61000,MORTGAGE,3.0,PERSONAL,A,2000,7.9,0,0.03,N,7,2024-12-20
27,27000,RENT,1.0,DEBTCONSOLIDATION,A,5000,7.88,0,0.19,N,8,2024-03-05
29,27000,RENT,8.0,PERSONAL,A,5000,6.76,0,0.19,N,9,2024-03-21
34,61000,OWN,7.0,VENTURE,A,5000,5.42,0,0.08,N,6,2024-02-02
32,55000,MORTGAGE,14.0,HOMEIMPROVEMENT,B,16000,10.59,1,0.29,N,7,2024-03-24
28,61000,MORTGAGE,12.0,PERSONAL,B,12000,9.99,0,0.2,N,5,2024-05-23
27,61000,MORTGAGE,6.0,DEBTCONSOLIDATION,A,1050,8.49,0,0.02,N,9,2024-10-31
27,61000,MORTGAGE,11.0,MEDICAL,B,1200,10.37,0,0.02,N,5,2024-06-25
29,27911,RENT,1.0,MEDICAL,E,5000,17.51,1,0.18,N,7,2024-04-20
32,62000,RENT,1.0,HOMEIMPROVEMENT,B,8000,9.99,0,0.13,N,5,2024-11-26
30,61000,MORTGAGE,4.0,PERSONAL,A,4500,6.54,0,0.07,N,6,2024-06-24
29,61000,MORTGAGE,9.0,PERSONAL,A,9000,7.88,0,0.15,N,7,2024-10-19
33,62000,RENT,4.0,VENTURE,B,8000,11.48,0,0.13,N,7,2024-06-24
29,62400,RENT,3.0,HOMEIMPROVEMENT,A,8000,6.62,0,0.13,N,8,2024-07-10
28,63000,RENT,10.0,VENTURE,D,8000,16.29,0,0.13,N,7,2024-08-12
27,63000,RENT,2.0,HOMEIMPROVEMENT,A,8000,7.51,0,0.13,N,6,2024-08-02
28,61104,MORTGAGE,2.0,HOMEIMPROVEMENT,A,4400,8.9,0,0.07,N,8,2024-05-17
31,64000,RENT,9.0,HOMEIMPROVEMENT,C,8000,14.22,0,0.13,Y,9,2024-06-10
31,61104,MORTGAGE,3.0,HOMEIMPROVEMENT,B,15000,9.25,0,0.25,N,10,2024-04-11
27,64800,RENT,3.0,VENTURE,C,8000,13.49,0,0.12,N,10,2024-04-07
30,65000,RENT,2.0,MEDICAL,A,8000,7.51,0,0.12,N,5,2024-05-05
31,65000,RENT,2.0,MEDICAL,A,8000,6.99,0,0.12,N,9,2024-05-24
27,61200,MORTGAGE,5.0,MEDICAL,B,4500,11.86,0,0.07,N,7,2024-07-16
27,65000,RENT,11.0,EDUCATION,B,8000,10.37,0,0.12,N,6,2024-07-08
29,61240,MORTGAGE,4.0,VENTURE,D,7000,11.013786929274843,0,0.11,Y,7,2024-07-09
32,59000,RENT,1.0,PERSONAL,D,8000,14.96,1,0.14,Y,10,2024-03-26
31,61400,MORTGAGE,15.0,PERSONAL,B,15000,10.25,0,0.24,N,10,2024-09-24
27,61400,MORTGAGE,3.0,PERSONAL,C,10000,11.013786929274843,0,0.16,Y,9,2024-11-10
28,61425,OWN,2.0,VENTURE,A,9000,5.99,0,0.15,N,7,2024-03-24
35,61440,MORTGAGE,7.0,HOMEIMPROVEMENT,A,3500,7.9,0,0.06,N,9,2024-07-18
29,55476,MORTGAGE,1.0,MEDICAL,D,10000,15.33,1,0.18,Y,8,2024-05-24
34,61476,MORTGAGE,12.0,HOMEIMPROVEMENT,A,9200,7.74,0,0.15,N,7,2024-09-11
27,66000,RENT,2.0,EDUCATION,C,8000,14.79,0,0.12,Y,7,2024-06-10
32,66000,RENT,1.0,HOMEIMPROVEMENT,A,8000,7.29,0,0.12,N,10,2024-07-13
27,61500,MORTGAGE,3.0,HOMEIMPROVEMENT,B,6000,10.99,0,0.1,N,7,2024-01-02
27,68120,RENT,6.0,EDUCATION,B,8000,10.0,0,0.12,N,5,2024-06-29
27,68500,RENT,4.0,HOMEIMPROVEMENT,A,8000,6.62,0,0.12,N,10,2024-07-13
33,68500,RENT,6.0,HOMEIMPROVEMENT,B,8000,10.62,0,0.12,N,6,2024-11-25
32,63000,RENT,9.0,DEBTCONSOLIDATION,B,8000,10.74,1,0.13,N,5,2024-05-29
30,61800,MORTGAGE,6.0,DEBTCONSOLIDATION,B,20000,11.36,0,0.32,N,8,2024-07-02
28,61838,MORTGAGE,12.0,EDUCATION,A,10675,7.49,0,0.17,N,7,2024-11-22
29,61848,OWN,13.0,VENTURE,B,5000,10.38,0,0.08,N,10,2024-12-02
31,70000,RENT,4.0,EDUCATION,B,8000,10.99,0,0.11,N,6,2024-07-24
29,70000,RENT,13.0,EDUCATION,A,8000,7.49,0,0.11,N,5,2024-04-03
28,54400,RENT,1.0,MEDICAL,D,8000,15.65,1,0.13,N,10,2024-04-06
27,62000,MORTGAGE,6.0,DEBTCONSOLIDATION,B,15000,11.013786929274843,0,0.24,N,8,2024-05-14
30,70000,RENT,2.0,MEDICAL,C,8000,13.11,0,0.11,Y,6,2024-11-05
29,70000,RENT,9.0,PERSONAL,B,8000,12.53,0,0.11,N,5,2024-09-19
27,70000,RENT,11.0,HOMEIMPROVEMENT,D,8000,12.92,0,0.11,Y,6,2024-08-28
35,71000,RENT,3.0,EDUCATION,B,8000,11.49,0,0.11,N,6,2024-03-31
30,71000,RENT,8.0,MEDICAL,B,8000,11.12,0,0.11,N,8,2024-07-14
30,62000,MORTGAGE,1.0,VENTURE,A,15000,6.03,0,0.24,N,10,2024-11-15
29,62000,MORTGAGE,9.0,HOMEIMPROVEMENT,A,9000,6.62,0,0.15,N,7,2024-02-14
29,62000,OWN,4.0,EDUCATION,A,15000,6.03,0,0.24,N,7,2024-11-05
29,62000,MORTGAGE,6.0,VENTURE,A,12000,7.51,0,0.19,N,5,2024-03-15
31,62000,MORTGAGE,9.0,MEDICAL,C,2500,14.65,0,0.04,Y,6,2024-03-19
29,62000,MORTGAGE,5.0,DEBTCONSOLIDATION,A,10000,5.99,0,0.16,N,8,2024-01-30
27,62000,MORTGAGE,2.0,HOMEIMPROVEMENT,A,5000,5.42,0,0.08,N,5,2024-10-28
31,72100,RENT,1.0,HOMEIMPROVEMENT,C,8000,14.65,0,0.11,Y,10,2024-02-12
29,73000,RENT,2.0,HOMEIMPROVEMENT,A,8000,7.4,0,0.11,N,7,2024-09-04
30,73008,RENT,5.0,VENTURE,B,8000,9.99,0,0.11,N,7,2024-04-20
28,75000,RENT,6.0,EDUCATION,A,8000,7.9,0,0.11,N,6,2024-08-05
27,62000,MORTGAGE,11.0,EDUCATION,E,4150,18.39,0,0.07,N,5,2024-11-21
27,75000,RENT,2.0,EDUCATION,C,8000,13.49,0,0.11,Y,5,2024-10-13
29,62000,MORTGAGE,14.0,EDUCATION,E,9600,18.39,0,0.15,N,10,2024-07-02
29,56000,MORTGAGE,4.0,MEDICAL,B,8000,11.49,1,0.14,N,5,2024-01-13
31,62000,MORTGAGE,7.0,PERSONAL,B,7500,10.99,0,0.12,N,5,2024-09-04
30,62000,MORTGAGE,7.0,PERSONAL,B,9600,11.99,0,0.15,N,8,2024-02-21
29,76000,RENT,2.0,HOMEIMPROVEMENT,B,8000,11.36,0,0.11,N,5,2024-04-25
27,76860,RENT,4.0,DEBTCONSOLIDATION,A,8000,5.79,0,0.1,N,6,2024-06-16
31,78000,RENT,2.0,VENTURE,A,8000,7.9,0,0.1,N,7,2024-08-10
28,61200,RENT,12.0,MEDICAL,B,8000,10.38,1,0.11,N,8,2024-08-25
27,78500,RENT,6.0,VENTURE,A,8000,8.59,0,0.1,N,5,2024-05-04
31,62000,MORTGAGE,4.0,VENTURE,A,6550,5.79,0,0.11,N,5,2024-08-05
31,80000,RENT,1.0,EDUCATION,C,8000,12.61,0,0.1,Y,7,2024-12-28
27,56000,MORTGAGE,2.0,HOMEIMPROVEMENT,A,10000,6.91,1,0.18,N,8,2024-05-17
27,80500,RENT,2.0,PERSONAL,A,8000,8.49,0,0.1,N,9,2024-01-07
29,62000,MORTGAGE,10.0,EDUCATION,A,3600,7.14,0,0.06,N,9,2024-07-25
28,82000,RENT,12.0,PERSONAL,A,8000,7.49,0,0.1,N,10,2024-07-15
33,62000,MORTGAGE,3.0,EDUCATION,A,10000,7.88,0,0.16,N,6,2024-07-07
30,62000,MORTGAGE,4.0,PERSONAL,B,8000,11.013786929274843,0,0.13,N,10,2024-10-17
29,82710,RENT,2.0,PERSONAL,C,8000,13.49,0,0.1,Y,9,2024-11-17
29,62000,MORTGAGE,4.0,PERSONAL,D,3000,14.84,0,0.05,N,7,2024-11-07
31,62000,MORTGAGE,4.0,HOMEIMPROVEMENT,B,17000,11.013786929274843,0,0.27,N,10,2024-08-09
29,83500,RENT,1.0,MEDICAL,B,8000,11.49,0,0.1,N,8,2024-08-16
32,62000,MORTGAGE,6.0,PERSONAL,B,6000,11.36,0,0.1,N,6,2024-02-09
33,62000,MORTGAGE,3.0,EDUCATION,A,3700,6.39,0,0.06,N,7,2024-12-27
28,85000,RENT,8.0,DEBTCONSOLIDATION,B,8000,11.71,0,0.09,N,5,2024-12-12
30,62000,MORTGAGE,9.0,EDUCATION,C,5000,13.11,0,0.08,Y,8,2024-09-03
32,62000,MORTGAGE,3.0,EDUCATION,B,20000,11.36,0,0.32,N,9,2024-03-02
29,85000,RENT,12.0,PERSONAL,B,8000,10.62,0,0.09,N,8,2024-05-19
29,62000,MORTGAGE,4.0,HOMEIMPROVEMENT,C,20000,11.013786929274843,0,0.32,Y,10,2024-05-24
28,62000,MORTGAGE,8.0,PERSONAL,B,5000,10.25,0,0.08,N,6,2024-08-28
27,62000,MORTGAGE,6.0,VENTURE,A,3600,7.14,0,0.06,N,9,2024-06-06
28,86000,RENT,13.0,MEDICAL,A,8000,5.99,0,0.09,N,10,2024-05-24
32,62000,OWN,1.0,EDUCATION,B,15000,12.18,0,0.24,N,6,2024-06-18
33,62000,OWN,2.0,HOMEIMPROVEMENT,C,9800,13.79,0,0.16,Y,10,2024-05-14
27,93000,RENT,1.0,MEDICAL,A,8000,11.013786929274843,0,0.09,N,7,2024-03-10
34,93100,RENT,2.0,HOMEIMPROVEMENT,C,8000,11.013786929274843,0,0.09,N,9,2024-02-16
28,56000,MORTGAGE,5.0,HOMEIMPROVEMENT,C,5050,12.29,1,0.09,Y,5,2024-01-07
28,95000,RENT,5.0,EDUCATION,B,8000,12.42,0,0.08,N,6,2024-05-05
31,95000,RENT,5.0,PERSONAL,B,8000,11.013786929274843,0,0.08,N,10,2024-09-21
27,62000,MORTGAGE,1.0,HOMEIMPROVEMENT,B,3275,9.33,0,0.05,N,8,2024-08-22
29,99000,RENT,3.0,HOMEIMPROVEMENT,C,8000,12.99,0,0.08,Y,8,2024-01-20
33,104000,RENT,9.0,DEBTCONSOLIDATION,B,8000,11.58,0,0.08,N,8,2024-03-10
29,105500,RENT,4.0,PERSONAL,A,8000,7.49,0,0.08,N,7,2024-11-18
32,62217,MORTGAGE,2.0,MEDICAL,C,6000,14.27,0,0.1,Y,6,2024-05-19
30,62256,MORTGAGE,1.0,HOMEIMPROVEMENT,D,9000,15.05,0,0.14,Y,10,2024-11-28
30,108000,RENT,1.0,PERSONAL,D,8000,14.96,1,0.07,Y,7,2024-07-01
28,62352,MORTGAGE,3.0,DEBTCONSOLIDATION,A,3800,6.62,0,0.06,N,7,2024-07-31
35,125000,RENT,11.0,EDUCATION,D,8000,11.013786929274843,0,0.06,Y,7,2024-03-10
30,62400,MORTGAGE,2.0,HOMEIMPROVEMENT,A,6000,6.03,0,0.1,N,10,2024-05-19
33,56400,MORTGAGE,3.0,EDUCATION,B,8500,12.42,1,0.15,N,6,2024-09-10
34,130000,RENT,2.0,VENTURE,B,8000,10.99,0,0.06,N,10,2024-11-29
27,62400,MORTGAGE,11.0,VENTURE,A,1000,5.42,0,0.02,N,7,2024-01-12
30,132640,RENT,6.0,VENTURE,C,8000,13.57,0,0.06,N,5,2024-01-15
27,62400,MORTGAGE,12.0,DEBTCONSOLIDATION,A,12000,5.42,0,0.19,N,8,2024-02-02
28,150000,RENT,1.0,EDUCATION,B,8000,11.71,0,0.05,N,10,2024-11-19
31,62400,MORTGAGE,8.0,EDUCATION,D,8500,14.09,0,0.14,N,5,2024-02-01
27,150000,RENT,2.0,EDUCATION,B,8000,11.013786929274843,0,0.05,N,7,2024-03-30
33,155000,RENT,3.0,MEDICAL,A,8000,7.9,0,0.05,N,6,2024-08-23
28,160000,RENT,7.0,PERSONAL,B,8000,12.69,0,0.05,N,7,2024-12-28
27,160000,RENT,4.0,EDUCATION,B,8000,12.42,0,0.05,N,9,2024-07-19
29,215000,RENT,2.0,MEDICAL,B,8000,10.71,0,0.04,N,7,2024-04-03
32,62400,MORTGAGE,7.0,DEBTCONSOLIDATION,B,20000,12.53,0,0.32,N,6,2024-04-25
27,67000,RENT,1.0,DEBTCONSOLIDATION,C,8050,14.72,0,0.12,N,9,2024-04-10
33,55200,RENT,3.0,VENTURE,C,8100,11.013786929274843,0,0.15,Y,10,2024-12-01
30,62496,MORTGAGE,14.0,PERSONAL,B,3200,11.013786929274843,0,0.05,N,8,2024-10-08
32,35004,RENT,3.0,MEDICAL,D,8150,16.49,0,0.23,Y,5,2024-08-15
35,62500,OWN,2.0,MEDICAL,A,1600,5.42,0,0.03,N,5,2024-09-22
27,62500,MORTGAGE,2.0,DEBTCONSOLIDATION,A,12000,7.66,0,0.19,N,8,2024-02-20
30,62500,MORTGAGE,8.0,MEDICAL,A,15000,6.91,0,0.24,N,10,2024-10-22
33,42996,RENT,2.0,DEBTCONSOLIDATION,A,8200,7.88,0,0.19,N,9,2024-07-12
29,62500,MORTGAGE,13.0,DEBTCONSOLIDATION,B,5000,11.36,0,0.08,N,7,2024-08-18
35,48000,RENT,7.0,MEDICAL,A,8250,7.51,0,0.17,N,6,2024-09-30
27,62570,MORTGAGE,11.0,EDUCATION,D,25000,14.84,0,0.4,N,5,2024-09-13
28,56664,MORTGAGE,12.0,PERSONAL,D,16300,14.91,1,0.29,Y,10,2024-12-03
28,62851,MORTGAGE,8.0,DEBTCONSOLIDATION,B,12000,11.013786929274843,0,0.19,N,6,2024-06-11
33,62910,OWN,3.0,PERSONAL,D,7075,17.58,0,0.11,N,8,2024-01-31
32,19000,RENT,1.0,PERSONAL,A,8325,6.62,1,0.44,N,9,2024-12-12
31,26900,RENT,1.0,VENTURE,A,8325,7.51,1,0.31,N,7,2024-04-20
27,63000,MORTGAGE,12.0,DEBTCONSOLIDATION,C,15500,14.65,0,0.25,N,5,2024-03-11
33,63000,MORTGAGE,7.0,DEBTCONSOLIDATION,A,18250,8.9,0,0.29,N,9,2024-10-09
30,32000,RENT,3.0,HOMEIMPROVEMENT,C,8400,13.98,1,0.26,N,9,2024-11-19
30,63000,MORTGAGE,14.0,DEBTCONSOLIDATION,A,3500,7.49,0,0.06,N,7,2024-11-06
27,63000,MORTGAGE,11.0,EDUCATION,A,1700,8.49,0,0.03,N,5,2024-10-14
27,63000,MORTGAGE,11.0,DEBTCONSOLIDATION,A,4400,5.99,0,0.07,N,8,2024-11-15
28,63000,MORTGAGE,7.0,EDUCATION,C,8575,13.49,0,0.14,N,8,2024-10-14
35,33144,RENT,3.0,VENTURE,D,8400,14.91,0,0.25,N,8,2024-10-09
34,63000,MORTGAGE,9.0,DEBTCONSOLIDATION,B,18000,11.49,0,0.29,N,9,2024-11-03
34,57000,MORTGAGE,6.0,HOMEIMPROVEMENT,A,2600,5.99,1,0.05,N,7,2024-02-24
31,33276,RENT,2.0,MEDICAL,F,8400,18.43,1,0.25,Y,5,2024-11-23
29,63000,MORTGAGE,5.0,MEDICAL,B,7400,10.99,0,0.12,N,10,2024-09-16
28,63000,MORTGAGE,7.0,HOMEIMPROVEMENT,C,6400,14.79,0,0.1,N,9,2024-09-10
27,63000,MORTGAGE,11.0,DEBTCONSOLIDATION,A,4000,6.99,0,0.06,N,7,2024-10-17
27,63000,MORTGAGE,12.0,PERSONAL,A,18000,7.49,0,0.29,N,9,2024-08-26
27,37000,RENT,7.0,MEDICAL,B,8400,9.91,0,0.23,N,7,2024-06-29
34,33500,RENT,4.0,MEDICAL,B,8400,10.99,1,0.25,N,9,2024-11-12
33,41000,RENT,2.0,MEDICAL,B,8400,11.71,0,0.2,N,6,2024-02-23
32,63000,MORTGAGE,6.0,PERSONAL,A,8000,6.17,0,0.13,N,8,2024-10-30
28,63000,MORTGAGE,1.0,HOMEIMPROVEMENT,B,11500,9.99,0,0.18,N,8,2024-10-18
27,63000,MORTGAGE,9.0,DEBTCONSOLIDATION,B,4500,8.88,0,0.07,N,7,2024-05-18
28,63000,MORTGAGE,3.0,VENTURE,C,13500,13.23,0,0.21,N,5,2024-08-20
29,63000,OWN,13.0,HOMEIMPROVEMENT,A,15000,11.013786929274843,0,0.24,N,7,2024-05-05
35,49872,RENT,2.0,VENTURE,A,8400,7.29,0,0.17,N,9,2024-01-12
30,57000,MORTGAGE,3.0,MEDICAL,E,9000,17.93,1,0.16,Y,6,2024-12-21
30,63000,MORTGAGE,2.0,EDUCATION,B,8000,10.25,0,0.13,N,6,2024-10-26
34,63000,MORTGAGE,3.0,DEBTCONSOLIDATION,B,15000,10.99,0,0.24,N,9,2024-09-03
33,63000,OWN,2.0,EDUCATION,A,12800,7.88,0,0.2,N,10,2024-09-06
32,50400,RENT,11.0,EDUCATION,B,8400,12.42,0,0.17,N,7,2024-05-26
27,51000,RENT,1.0,HOMEIMPROVEMENT,B,8400,10.71,0,0.16,N,5,2024-08-29
28,63000,MORTGAGE,1.0,HOMEIMPROVEMENT,C,8000,12.73,0,0.13,N,9,2024-02-28
29,63000,MORTGAGE,5.0,HOMEIMPROVEMENT,B,5000,11.14,0,0.08,N,9,2024-07-22
31,63000,MORTGAGE,3.0,VENTURE,C,7000,13.92,0,0.11,N,7,2024-03-11
29,52000,RENT,3.0,VENTURE,A,8400,5.79,0,0.16,N,6,2024-03-16
29,63000,MORTGAGE,6.0,HOMEIMPROVEMENT,B,25000,11.48,0,0.4,N,8,2024-11-14
32,63000,MORTGAGE,12.0,EDUCATION,C,7000,13.57,0,0.11,Y,7,2024-09-06
27,52800,RENT,2.0,VENTURE,B,8400,11.86,0,0.16,N,10,2024-11-12
27,63000,OTHER,2.0,DEBTCONSOLIDATION,A,4500,9.63,0,0.07,N,8,2024-06-30
27,49600,RENT,2.0,EDUCATION,D,8400,11.013786929274843,1,0.17,N,5,2024-09-25
27,63000,MORTGAGE,11.0,PERSONAL,A,2500,7.68,0,0.04,N,7,2024-01-25
30,57996,RENT,2.0,DEBTCONSOLIDATION,C,8400,12.98,0,0.14,Y,8,2024-05-21
33,57000,MORTGAGE,3.0,EDUCATION,E,10000,15.68,1,0.18,Y,8,2024-07-01
30,52576,RENT,3.0,HOMEIMPROVEMENT,A,8400,7.49,1,0.16,N,6,2024-11-09
27,63000,OWN,2.0,MEDICAL,A,9500,8.07,0,0.15,N,6,2024-08-25
27,65000,RENT,4.0,EDUCATION,A,8400,6.99,0,0.13,N,5,2024-12-13
31,63324,MORTGAGE,8.0,DEBTCONSOLIDATION,B,24000,11.83,0,0.38,N,6,2024-02-02
27,63344,MORTGAGE,3.0,HOMEIMPROVEMENT,B,8000,11.36,0,0.13,N,10,2024-04-18
27,71000,RENT,11.0,EDUCATION,C,8400,12.61,0,0.12,Y,10,2024-04-06
28,66000,RENT,12.0,DEBTCONSOLIDATION,A,8400,7.51,1,0.13,N,8,2024-08-27
29,63440,OWN,7.0,EDUCATION,A,20000,8.9,0,0.32,N,10,2024-01-10
28,75000,RENT,4.0,DEBTCONSOLIDATION,B,8400,11.14,1,0.11,N,5,2024-01-02
30,63500,MORTGAGE,9.0,VENTURE,D,12000,15.33,0,0.19,Y,9,2024-12-29
34,102000,RENT,4.0,EDUCATION,E,8400,17.19,0,0.08,Y,10,2024-01-11
27,57504,MORTGAGE,11.0,MEDICAL,B,17000,12.18,1,0.3,N,8,2024-08-24
28,63550,MORTGAGE,12.0,HOMEIMPROVEMENT,A,12500,11.013786929274843,0,0.2,N,10,2024-08-24
28,63600,MORTGAGE,12.0,DEBTCONSOLIDATION,A,3000,11.013786929274843,0,0.05,N,7,2024-08-09
31,19200,RENT,5.0,HOMEIMPROVEMENT,B,8500,11.013786929274843,1,0.44,N,6,2024-06-20
28,20000,RENT,2.0,MEDICAL,B,8500,8.88,1,0.42,N,10,2024-03-24
29,63755,MORTGAGE,14.0,MEDICAL,C,3000,11.013786929274843,0,0.05,Y,10,2024-07-10
30,98000,RENT,14.0,PERSONAL,C,8525,10.78,1,0.09,N,9,2024-12-06
30,63830,MORTGAGE,2.0,HOMEIMPROVEMENT,E,15000,17.99,0,0.23,N,5,2024-08-20
27,63844,MORTGAGE,11.0,DEBTCONSOLIDATION,A,20000,6.54,0,0.31,N,10,2024-11-20
33,63996,MORTGAGE,15.0,DEBTCONSOLIDATION,A,3200,5.42,0,0.05,N,6,2024-12-29
29,63996,OWN,8.0,PERSONAL,C,12000,12.61,0,0.19,N,5,2024-09-29
27,35000,RENT,11.0,VENTURE,C,8575,15.27,0,0.24,N,6,2024-07-08
34,63996,MORTGAGE,2.0,EDUCATION,A,6400,8.0,0,0.1,N,9,2024-08-06
27,30000,RENT,2.0,EDUCATION,A,8600,7.51,0,0.29,N,8,2024-11-22
27,32000,RENT,2.0,MEDICAL,D,8600,16.02,1,0.27,Y,6,2024-04-03
35,35000,RENT,10.0,PERSONAL,D,8600,15.99,0,0.25,N,5,2024-01-18
30,64000,MORTGAGE,3.0,HOMEIMPROVEMENT,A,10200,6.62,0,0.16,N,8,2024-11-02
30,43200,RENT,6.0,VENTURE,B,8600,11.36,0,0.2,N,5,2024-08-05
27,30000,RENT,4.0,PERSONAL,A,8650,8.94,0,0.29,N,6,2024-10-02
31,60682,RENT,3.0,PERSONAL,A,8650,8.49,0,0.14,N,8,2024-10-11
28,64000,MORTGAGE,7.0,EDUCATION,B,7000,11.71,0,0.11,N,9,2024-05-28
28,64000,MORTGAGE,5.0,VENTURE,A,12000,6.03,0,0.19,N,8,2024-05-20
28,28320,RENT,4.0,VENTURE,D,8700,14.61,1,0.31,N,10,2024-12-29
30,32004,RENT,2.0,PERSONAL,D,8700,15.58,1,0.27,N,10,2024-11-16
32,40320,RENT,4.0,MEDICAL,C,8700,12.61,0,0.22,Y,5,2024-08-12
29,45000,RENT,4.0,EDUCATION,A,8700,7.88,0,0.19,N,9,2024-10-18
31,58000,MORTGAGE,15.0,DEBTCONSOLIDATION,E,16000,11.013786929274843,1,0.28,N,8,2024-02-15
27,64000,MORTGAGE,11.0,MEDICAL,B,3500,11.99,0,0.05,N,8,2024-03-11
33,64000,MORTGAGE,3.0,VENTURE,A,8800,7.49,0,0.14,N,5,2024-01-24
28,64000,MORTGAGE,4.0,PERSONAL,A,8825,5.99,0,0.14,N,5,2024-07-15
27,68000,RENT,4.0,HOMEIMPROVEMENT,A,8700,7.88,0,0.13,N,5,2024-12-22
34,64000,MORTGAGE,2.0,EDUCATION,A,9000,6.92,0,0.14,N,6,2024-07-05
31,59000,RENT,2.0,HOMEIMPROVEMENT,C,8750,12.68,0,0.15,N,9,2024-02-26
35,64000,MORTGAGE,11.0,DEBTCONSOLIDATION,A,14500,7.66,0,0.23,N,6,2024-03-20
34,64000,MORTGAGE,1.0,MEDICAL,A,7200,7.29,0,0.11,N,7,2024-12-01
27,65000,RENT,5.0,MEDICAL,B,8750,9.63,0,0.13,N,5,2024-12-29
28,64000,MORTGAGE,3.0,VENTURE,A,7200,7.29,0,0.11,N,8,2024-09-22
27,64000,OWN,11.0,VENTURE,A,5000,5.79,0,0.08,N,5,2024-09-07
34,42240,RENT,3.0,PERSONAL,C,8775,13.06,0,0.21,Y,6,2024-04-26
34,64000,MORTGAGE,2.0,HOMEIMPROVEMENT,A,8000,6.91,0,0.13,N,6,2024-05-31
32,145000,RENT,2.0,PERSONAL,B,8800,10.59,0,0.06,N,7,2024-03-18
28,64000,MORTGAGE,3.0,VENTURE,C,5000,13.23,0,0.08,Y,7,2024-03-16
32,64000,MORTGAGE,2.0,EDUCATION,A,8000,6.76,0,0.13,N,7,2024-12-06
33,58000,MORTGAGE,7.0,DEBTCONSOLIDATION,B,15000,10.62,1,0.26,N,5,2024-09-14
32,64000,MORTGAGE,3.0,HOMEIMPROVEMENT,A,13000,7.88,0,0.2,N,7,2024-03-19
31,64000,MORTGAGE,15.0,EDUCATION,B,24000,10.25,0,0.38,N,5,2024-07-04
31,64000,MORTGAGE,15.0,DEBTCONSOLIDATION,C,20000,11.013786929274843,0,0.31,Y,5,2024-08-24
35,58000,MORTGAGE,4.0,MEDICAL,D,15000,13.99,1,0.26,Y,9,2024-02-26
28,64049,MORTGAGE,7.0,EDUCATION,B,20000,12.69,0,0.31,N,7,2024-01-26
33,28200,RENT,2.0,EDUCATION,C,9000,11.013786929274843,1,0.32,N,8,2024-09-26
33,64197,MORTGAGE,7.0,MEDICAL,C,7600,12.99,0,0.12,N,7,2024-09-29
30,64300,MORTGAGE,4.0,HOMEIMPROVEMENT,D,14000,15.33,0,0.22,Y,10,2024-04-27
29,64320,MORTGAGE,13.0,MEDICAL,A,8000,6.03,0,0.12,N,9,2024-08-05
29,32000,RENT,5.0,PERSONAL,D,9000,16.77,0,0.28,N,5,2024-09-11
27,32000,RENT,4.0,MEDICAL,B,9000,11.48,1,0.28,N,8,2024-03-12
31,64500,MORTGAGE,5.0,EDUCATION,A,7000,7.88,0,0.11,N,5,2024-09-18
27,64500,MORTGAGE,6.0,VENTURE,B,24000,11.83,0,0.37,N,5,2024-05-12
35,64500,MORTGAGE,7.0,MEDICAL,C,4500,12.53,0,0.07,N,9,2024-09-29
29,64548,MORTGAGE,3.0,MEDICAL,B,15000,11.013786929274843,0,0.23,N,7,2024-02-20
33,34000,RENT,3.0,VENTURE,C,9000,14.17,1,0.26,Y,10,2024-03-31
31,34000,RENT,1.0,PERSONAL,B,9000,11.48,0,0.26,N,5,2024-08-22
30,34000,RENT,3.0,PERSONAL,A,9000,11.013786929274843,0,0.26,N,8,2024-03-21
28,64700,MORTGAGE,4.0,EDUCATION,B,12000,11.013786929274843,0,0.19,N,7,2024-08-09
29,29000,RENT,1.0,HOMEIMPROVEMENT,A,9000,6.54,1,0.31,N,9,2024-07-20
29,58800,MORTGAGE,7.0,DEBTCONSOLIDATION,B,5000,11.71,1,0.09,N,6,2024-08-20
30,64800,MORTGAGE,7.0,EDUCATION,B,5600,10.99,0,0.09,N,8,2024-07-26
31,29000,RENT,5.0,MEDICAL,D,9000,15.37,1,0.31,N,9,2024-09-10
27,64800,MORTGAGE,12.0,VENTURE,A,6500,11.013786929274843,0,0.1,N,6,2024-11-28
35,58800,MORTGAGE,5.0,MEDICAL,D,12000,15.7,1,0.2,N,9,2024-03-16
34,58800,MORTGAGE,3.0,HOMEIMPROVEMENT,E,17000,17.74,1,0.29,N,10,2024-04-19
29,30000,RENT,7.0,HOMEIMPROVEMENT,A,9000,6.91,1,0.3,N,8,2024-08-16
29,64992,MORTGAGE,4.0,EDUCATION,B,2500,9.62,0,0.04,N,6,2024-09-25
31,65000,MORTGAGE,3.0,DEBTCONSOLIDATION,A,23200,7.9,0,0.36,N,10,2024-12-23
28,65000,MORTGAGE,5.0,MEDICAL,C,4500,15.96,0,0.07,Y,9,2024-03-14
27,65000,MORTGAGE,11.0,PERSONAL,A,3000,7.51,0,0.05,N,8,2024-12-21
27,36400,RENT,5.0,MEDICAL,A,9000,7.49,0,0.25,N,8,2024-01-08
27,59000,MORTGAGE,11.0,PERSONAL,A,3000,7.9,1,0.05,N,9,2024-07-14
29,65000,MORTGAGE,2.0,VENTURE,A,10000,11.013786929274843,0,0.15,N,5,2024-01-21
32,37000,RENT,16.0,MEDICAL,A,9000,6.92,0,0.24,N,8,2024-09-16
27,37000,RENT,6.0,MEDICAL,A,9000,8.94,0,0.24,N,7,2024-07-15
31,37200,RENT,4.0,DEBTCONSOLIDATION,A,9000,7.51,0,0.24,N,6,2024-06-09
27,65000,MORTGAGE,5.0,VENTURE,B,13225,12.69,0,0.2,N,6,2024-06-08
35,38000,RENT,1.0,DEBTCONSOLIDATION,C,9000,14.65,0,0.24,Y,8,2024-03-23
30,65000,MORTGAGE,3.0,VENTURE,D,20000,16.77,0,0.31,Y,6,2024-12-04
31,65000,MORTGAGE,15.0,HOMEIMPROVEMENT,A,5000,6.03,0,0.08,N,9,2024-04-27
28,38000,RENT,8.0,DEBTCONSOLIDATION,B,9000,9.96,0,0.24,N,9,2024-09-03
31,65000,MORTGAGE,4.0,DEBTCONSOLIDATION,B,20000,11.71,0,0.31,N,9,2024-06-06
28,32200,RENT,2.0,EDUCATION,D,9000,13.99,1,0.28,Y,7,2024-06-27
28,32400,RENT,1.0,PERSONAL,D,9000,15.62,1,0.28,Y,10,2024-10-04
31,39000,RENT,5.0,MEDICAL,B,9000,10.71,0,0.23,N,6,2024-09-22
27,39000,RENT,1.0,MEDICAL,B,9000,10.08,0,0.23,N,8,2024-01-26
29,40000,RENT,2.0,VENTURE,C,9000,14.27,0,0.23,Y,5,2024-05-02
27,65000,MORTGAGE,5.0,VENTURE,B,10000,12.42,0,0.15,N,6,2024-11-07
30,40000,RENT,9.0,EDUCATION,D,9000,16.77,0,0.23,Y,5,2024-07-27
29,65000,MORTGAGE,7.0,PERSONAL,B,7000,11.013786929274843,0,0.11,N,10,2024-08-12
28,40000,RENT,2.0,MEDICAL,B,9000,12.53,0,0.23,N,5,2024-09-25
32,40020,RENT,2.0,DEBTCONSOLIDATION,C,9000,14.35,0,0.22,N,6,2024-08-28
31,40800,RENT,6.0,PERSONAL,A,9000,11.013786929274843,0,0.22,N,6,2024-09-01
31,65000,MORTGAGE,15.0,PERSONAL,D,3000,16.77,0,0.05,Y,7,2024-07-18
28,41000,RENT,1.0,MEDICAL,B,9000,9.88,0,0.22,N,8,2024-03-28
29,65000,MORTGAGE,2.0,MEDICAL,A,4800,11.013786929274843,0,0.07,N,5,2024-04-11
30,65000,MORTGAGE,6.0,PERSONAL,A,17500,11.013786929274843,0,0.27,N,8,2024-06-15
27,65000,MORTGAGE,8.0,MEDICAL,B,3000,12.42,0,0.05,N,10,2024-09-01
35,36000,RENT,4.0,MEDICAL,E,9000,18.39,1,0.25,Y,6,2024-01-03
29,42000,RENT,13.0,PERSONAL,C,9000,13.06,0,0.21,N,5,2024-11-05
31,65000,MORTGAGE,15.0,VENTURE,B,30000,12.69,0,0.46,N,9,2024-02-12
29,59000,MORTGAGE,5.0,VENTURE,D,8000,16.77,1,0.14,Y,8,2024-07-07
33,42000,RENT,3.0,MEDICAL,B,9000,11.013786929274843,0,0.21,N,8,2024-03-12
33,42597,RENT,5.0,VENTURE,B,9000,10.37,0,0.21,N,5,2024-11-17
33,65000,MORTGAGE,4.0,VENTURE,A,15000,7.51,0,0.23,N,8,2024-02-26
30,65000,OWN,1.0,HOMEIMPROVEMENT,D,1800,16.49,0,0.03,N,9,2024-10-20
32,38482,RENT,6.0,MEDICAL,D,9000,15.31,1,0.23,Y,7,2024-04-26
28,45000,RENT,4.0,DEBTCONSOLIDATION,C,9000,14.65,0,0.2,N,10,2024-12-23
31,65000,MORTGAGE,11.0,PERSONAL,B,5000,11.013786929274843,0,0.08,N,5,2024-11-07
28,65000,MORTGAGE,12.0,EDUCATION,B,15000,9.99,0,0.23,N,10,2024-01-25
32,65000,MORTGAGE,3.0,PERSONAL,A,8000,11.013786929274843,0,0.12,N,5,2024-07-13
31,45000,RENT,2.0,EDUCATION,C,9000,12.84,0,0.2,N,5,2024-02-18
33,65000,MORTGAGE,1.0,MEDICAL,B,15000,11.99,0,0.23,N,10,2024-12-26
31,65000,MORTGAGE,6.0,VENTURE,A,12000,7.49,0,0.18,N,6,2024-01-06
31,65000,MORTGAGE,15.0,MEDICAL,B,8000,11.49,0,0.12,N,5,2024-07-07
32,46000,RENT,4.0,MEDICAL,A,9000,7.51,0,0.2,N,9,2024-08-30
30,46000,RENT,5.0,VENTURE,A,9000,7.29,0,0.2,N,5,2024-09-09
27,47000,RENT,3.0,EDUCATION,C,9000,12.98,0,0.19,N,7,2024-08-15
34,47700,RENT,2.0,DEBTCONSOLIDATION,A,9000,7.14,0,0.19,N,7,2024-05-02
29,65000,MORTGAGE,5.0,EDUCATION,A,10000,8.49,0,0.15,N,10,2024-09-21
32,48000,RENT,3.0,DEBTCONSOLIDATION,C,9000,13.99,0,0.19,N,8,2024-03-19
27,48000,RENT,5.0,MEDICAL,B,9000,10.99,0,0.19,N,10,2024-07-13
27,65000,MORTGAGE,11.0,VENTURE,A,8000,7.49,0,0.12,N,8,2024-05-16
28,48000,RENT,11.0,MEDICAL,A,9000,8.59,0,0.19,N,7,2024-06-09
28,65000,MORTGAGE,12.0,EDUCATION,B,24000,10.99,0,0.37,N,5,2024-12-22
27,65000,MORTGAGE,11.0,DEBTCONSOLIDATION,A,19200,7.49,0,0.3,N,7,2024-01-19
33,50000,RENT,1.0,DEBTCONSOLIDATION,A,9000,7.51,0,0.18,N,5,2024-06-21
28,65000,MORTGAGE,3.0,VENTURE,A,10000,7.49,0,0.15,N,5,2024-09-15
34,65000,MORTGAGE,3.0,VENTURE,A,5000,6.99,0,0.08,N,7,2024-09-13
29,65000,MORTGAGE,4.0,HOMEIMPROVEMENT,A,10000,6.99,0,0.15,N,9,2024-12-09
28,65000,MORTGAGE,8.0,EDUCATION,D,3000,11.013786929274843,0,0.05,N,7,2024-01-08
29,65000,MORTGAGE,9.0,PERSONAL,A,6000,6.99,0,0.09,N,10,2024-09-23
34,65000,MORTGAGE,8.0,VENTURE,B,13750,11.013786929274843,0,0.21,N,5,2024-05-30
32,51000,RENT,1.0,PERSONAL,C,9000,12.99,0,0.18,Y,5,2024-05-04
31,51000,RENT,5.0,PERSONAL,B,9000,10.99,0,0.18,N,7,2024-11-10
30,51600,RENT,5.0,DEBTCONSOLIDATION,A,9000,6.54,0,0.17,N,6,2024-12-14
35,52000,RENT,2.0,VENTURE,B,9000,11.013786929274843,0,0.17,N,9,2024-12-02
29,65000,MORTGAGE,11.0,HOMEIMPROVEMENT,A,7000,11.013786929274843,0,0.11,N,10,2024-06-25
34,65000,MORTGAGE,5.0,EDUCATION,B,21200,9.99,0,0.33,N,6,2024-12-10
28,65000,MORTGAGE,4.0,HOMEIMPROVEMENT,A,2000,7.49,0,0.03,N,6,2024-05-28
28,46000,RENT,3.0,DEBTCONSOLIDATION,E,9000,17.56,1,0.2,Y,7,2024-12-05
28,65000,MORTGAGE,2.0,VENTURE,A,2500,5.99,0,0.04,N,7,2024-12-12
33,65000,MORTGAGE,14.0,DEBTCONSOLIDATION,C,3600,13.99,0,0.06,N,9,2024-06-11
27,65000,MORTGAGE,11.0,VENTURE,B,4500,11.99,0,0.07,N,10,2024-07-08
30,65000,MORTGAGE,14.0,PERSONAL,A,6200,11.013786929274843,0,0.1,N,5,2024-05-08
32,53000,RENT,4.0,MEDICAL,A,9000,5.79,0,0.17,N,6,2024-04-16
27,65000,OWN,6.0,EDUCATION,A,15000,6.99,0,0.23,N,5,2024-10-02
32,65000,OWN,12.0,VENTURE,B,10000,11.99,0,0.15,N,5,2024-05-29
34,65000,MORTGAGE,6.0,DEBTCONSOLIDATION,A,12300,11.013786929274843,0,0.19,N,10,2024-08-25
27,65000,MORTGAGE,11.0,VENTURE,A,9000,7.66,0,0.14,N,6,2024-07-15
35,55000,RENT,3.0,DEBTCONSOLIDATION,B,9000,10.25,0,0.16,N,6,2024-11-07
34,30000,RENT,3.0,PERSONAL,A,9050,5.99,0,0.3,N,9,2024-04-07
29,65000,MORTGAGE,2.0,DEBTCONSOLIDATION,A,7000,7.29,0,0.11,N,6,2024-02-08
33,62130,RENT,6.0,HOMEIMPROVEMENT,A,9050,7.29,0,0.15,N,7,2024-02-04
28,65000,MORTGAGE,3.0,DEBTCONSOLIDATION,A,5000,6.92,0,0.08,N,5,2024-12-16
30,65000,MORTGAGE,3.0,PERSONAL,A,12000,7.66,0,0.18,N,7,2024-09-02
34,62000,RENT,2.0,PERSONAL,C,9100,13.48,0,0.15,N,7,2024-10-16
28,65000,OWN,13.0,VENTURE,A,8000,7.66,0,0.12,N,7,2024-09-21
33,43000,RENT,1.0,EDUCATION,C,9150,13.16,0,0.21,Y,10,2024-11-10
33,120000,RENT,1.0,PERSONAL,C,9150,13.99,0,0.08,N,5,2024-01-17
28,65000,MORTGAGE,2.0,MEDICAL,A,7500,7.29,0,0.12,N,8,2024-06-10
30,65000,MORTGAGE,4.0,MEDICAL,A,3600,6.92,0,0.06,N,10,2024-08-20
29,65000,MORTGAGE,1.0,HOMEIMPROVEMENT,A,9600,5.79,0,0.15,N,5,2024-01-02
27,60000,RENT,2.0,VENTURE,B,9200,12.42,0,0.15,N,7,2024-12-28
32,65000,OWN,3.0,PERSONAL,C,12000,13.35,0,0.18,Y,9,2024-01-10
28,62000,RENT,3.0,MEDICAL,B,9200,10.0,0,0.15,N,9,2024-04-20
29,73000,RENT,2.0,EDUCATION,A,9200,7.88,0,0.13,N,5,2024-02-16
28,19000,RENT,1.0,DEBTCONSOLIDATION,B,9250,11.49,1,0.49,N,7,2024-04-09
30,65000,MORTGAGE,15.0,DEBTCONSOLIDATION,A,7500,6.17,0,0.12,N,9,2024-12-12
29,65000,MORTGAGE,5.0,MEDICAL,B,6000,10.36,0,0.09,N,7,2024-07-16
30,26000,RENT,3.0,EDUCATION,B,9250,11.013786929274843,1,0.36,N,5,2024-10-13
31,65000,MORTGAGE,15.0,EDUCATION,A,7750,7.51,0,0.12,N,8,2024-07-17
27,65000,OWN,8.0,MEDICAL,A,5000,7.88,0,0.08,N,5,2024-10-19
27,65000,MORTGAGE,3.0,DEBTCONSOLIDATION,B,15000,10.75,0,0.23,N,5,2024-11-19
31,65000,MORTGAGE,3.0,MEDICAL,C,10000,13.61,0,0.15,N,9,2024-02-20
29,32000,RENT,10.0,HOMEIMPROVEMENT,D,9250,15.65,1,0.29,N,7,2024-12-19
30,65000,MORTGAGE,2.0,HOMEIMPROVEMENT,D,4000,15.21,0,0.06,N,7,2024-02-27
35,34000,RENT,1.0,PERSONAL,B,9250,10.59,1,0.27,N,10,2024-12-15
34,65000,MORTGAGE,4.0,DEBTCONSOLIDATION,A,11200,7.88,0,0.17,N,6,2024-10-06
30,67000,RENT,2.0,VENTURE,A,9250,11.013786929274843,0,0.14,N,7,2024-01-26
27,36000,RENT,2.0,EDUCATION,D,9300,11.013786929274843,1,0.26,Y,9,2024-08-29
29,54996,RENT,8.0,MEDICAL,A,9300,9.32,0,0.17,N,7,2024-10-17
28,62000,RENT,3.0,DEBTCONSOLIDATION,C,9300,11.72,0,0.15,Y,5,2024-11-10
32,65000,MORTGAGE,12.0,VENTURE,A,12000,7.88,0,0.18,N,5,2024-12-18
32,12000,RENT,1.0,MEDICAL,A,9325,8.38,1,0.78,N,6,2024-03-26
32,30000,RENT,4.0,MEDICAL,D,9325,13.62,1,0.31,N,7,2024-11-20
34,65000,MORTGAGE,12.0,VENTURE,A,6000,7.14,0,0.09,N,10,2024-08-01
27,65000,MORTGAGE,11.0,PERSONAL,A,18000,7.51,0,0.28,N,8,2024-06-20
27,65000,MORTGAGE,7.0,HOMEIMPROVEMENT,B,12000,11.36,0,0.18,N,8,2024-05-02
32,83196,RENT,1.0,MEDICAL,B,9350,11.013786929274843,0,0.11,N,8,2024-04-28
32,65000,MORTGAGE,16.0,DEBTCONSOLIDATION,A,5500,7.51,0,0.08,N,7,2024-06-01
34,65000,MORTGAGE,17.0,PERSONAL,B,10000,11.36,0,0.15,N,7,2024-05-04
29,65000,MORTGAGE,13.0,EDUCATION,D,10000,15.33,0,0.15,Y,6,2024-11-01
27,31200,RENT,2.0,MEDICAL,A,9400,6.91,0,0.3,N,5,2024-06-06
33,65000,MORTGAGE,3.0,DEBTCONSOLIDATION,A,2000,7.88,0,0.03,N,7,2024-09-12
28,72800,RENT,12.0,HOMEIMPROVEMENT,B,9425,11.49,0,0.13,N,8,2024-01-15
32,28800,RENT,7.0,PERSONAL,C,9450,14.27,1,0.33,Y,10,2024-07-30
29,65000,MORTGAGE,9.0,HOMEIMPROVEMENT,A,11500,7.51,0,0.18,N,10,2024-08-09
34,59000,MORTGAGE,1.0,MEDICAL,C,20000,11.013786929274843,1,0.34,Y,7,2024-11-18
32,29000,RENT,16.0,DEBTCONSOLIDATION,D,9450,16.29,1,0.33,N,8,2024-03-27
28,65000,MORTGAGE,6.0,PERSONAL,D,22000,15.65,0,0.34,N,5,2024-07-10
27,65000,MORTGAGE,7.0,HOMEIMPROVEMENT,C,4500,13.92,0,0.07,N,7,2024-03-25
32,70000,RENT,1.0,DEBTCONSOLIDATION,B,9450,10.83,0,0.14,N,10,2024-10-23
27,65000,MORTGAGE,11.0,HOMEIMPROVEMENT,E,24000,17.74,0,0.37,Y,6,2024-03-12
27,65000,MORTGAGE,2.0,DEBTCONSOLIDATION,B,10000,12.53,0,0.15,N,7,2024-12-29
30,65000,MORTGAGE,1.0,PERSONAL,D,25000,15.65,0,0.38,Y,5,2024-03-18
34,36000,RENT,2.0,DEBTCONSOLIDATION,A,9500,8.59,0,0.26,N,8,2024-04-28
28,65000,OWN,1.0,MEDICAL,C,2500,13.22,0,0.04,Y,7,2024-11-10
29,59000,MORTGAGE,9.0,DEBTCONSOLIDATION,D,18000,15.65,1,0.31,Y,8,2024-06-13
29,40000,RENT,7.0,VENTURE,A,9500,11.013786929274843,0,0.24,N,7,2024-12-22
29,65000,MORTGAGE,13.0,PERSONAL,C,16000,12.87,0,0.25,Y,10,2024-11-15
28,59000,MORTGAGE,1.0,DEBTCONSOLIDATION,A,12000,9.63,1,0.2,N,10,2024-10-16
34,65000,OWN,2.0,PERSONAL,A,5600,8.0,0,0.09,N,6,2024-05-07
32,65000,MORTGAGE,6.0,PERSONAL,B,5600,11.58,0,0.09,N,5,2024-12-12
29,49000,RENT,3.0,EDUCATION,A,9500,11.013786929274843,1,0.19,N,5,2024-10-21
33,70000,RENT,10.0,DEBTCONSOLIDATION,A,9500,11.013786929274843,0,0.14,N,5,2024-12-30
29,72000,RENT,3.0,MEDICAL,B,9500,11.26,0,0.13,N,7,2024-12-16
28,65000,OWN,1.0,VENTURE,B,7500,10.96,0,0.12,N,5,2024-02-27
29,77040,RENT,1.0,EDUCATION,C,9500,12.84,0,0.12,Y,9,2024-06-07
32,96000,RENT,8.0,HOMEIMPROVEMENT,A,9500,11.013786929274843,0,0.1,N,5,2024-10-08
30,59000,MORTGAGE,4.0,MEDICAL,A,10000,8.0,1,0.17,N,9,2024-03-30
27,19498,RENT,3.0,HOMEIMPROVEMENT,A,9575,6.62,1,0.49,N,9,2024-03-17
33,65000,MORTGAGE,4.0,HOMEIMPROVEMENT,B,16800,9.76,0,0.26,N,6,2024-01-22
29,59000,MORTGAGE,7.0,DEBTCONSOLIDATION,B,15000,9.76,1,0.25,N,8,2024-02-24
32,24696,RENT,1.0,EDUCATION,A,9600,7.14,1,0.39,N,9,2024-07-10
34,65000,MORTGAGE,3.0,EDUCATION,E,10000,11.013786929274843,0,0.15,N,8,2024-06-27
35,65000,MORTGAGE,5.0,DEBTCONSOLIDATION,B,25000,9.51,0,0.38,N,10,2024-06-05
28,25000,RENT,1.0,MEDICAL,C,9600,14.27,1,0.38,Y,10,2024-08-31
30,65004,MORTGAGE,9.0,EDUCATION,A,15000,7.51,0,0.23,N,9,2024-03-09
35,28080,RENT,3.0,MEDICAL,C,9600,13.57,1,0.34,Y,7,2024-04-18
30,65004,MORTGAGE,3.0,PERSONAL,A,1500,5.99,0,0.02,N,9,2024-05-10
33,33504,RENT,4.0,DEBTCONSOLIDATION,B,9600,10.99,0,0.29,N,8,2024-04-23
28,65004,MORTGAGE,7.0,MEDICAL,A,9000,5.99,0,0.14,N,5,2024-06-08
29,65004,MORTGAGE,7.0,EDUCATION,A,5000,6.17,0,0.08,N,7,2024-01-31
28,34000,RENT,7.0,DEBTCONSOLIDATION,B,9600,10.99,0,0.28,N,5,2024-02-13
33,65004,MORTGAGE,14.0,VENTURE,B,8000,11.49,0,0.12,N,9,2024-10-30
27,37595,RENT,6.0,DEBTCONSOLIDATION,A,9600,7.14,0,0.26,N,8,2024-12-07
30,65004,MORTGAGE,6.0,PERSONAL,A,7100,8.0,0,0.11,N,10,2024-03-04
28,59004,MORTGAGE,1.0,PERSONAL,A,8000,7.37,1,0.14,N,6,2024-03-30
30,65004,MORTGAGE,3.0,DEBTCONSOLIDATION,A,5250,9.63,0,0.08,N,8,2024-05-30
27,65004,OWN,1.0,HOMEIMPROVEMENT,C,12000,12.09,0,0.18,N,7,2024-10-11
29,65061,MORTGAGE,13.0,PERSONAL,B,12000,9.62,0,0.18,N,5,2024-05-30
34,65200,MORTGAGE,13.0,VENTURE,A,8000,6.92,0,0.12,N,7,2024-01-23
31,65200,MORTGAGE,7.0,PERSONAL,A,7000,8.0,0,0.11,N,8,2024-02-20
32,40000,RENT,1.0,DEBTCONSOLIDATION,C,9600,13.48,0,0.24,Y,5,2024-01-29
27,65304,MORTGAGE,6.0,HOMEIMPROVEMENT,A,5300,7.51,0,0.08,N,10,2024-04-07
30,41000,RENT,7.0,VENTURE,A,9600,11.013786929274843,0,0.23,N,9,2024-05-20
27,41400,RENT,2.0,DEBTCONSOLIDATION,B,9600,11.013786929274843,0,0.23,N,5,2024-09-26
28,42000,RENT,4.0,MEDICAL,A,9600,7.9,0,0.23,N,7,2024-07-18
28,36000,RENT,3.0,MEDICAL,D,9600,14.61,1,0.27,Y,10,2024-10-16
28,65500,MORTGAGE,11.0,HOMEIMPROVEMENT,A,11000,6.03,0,0.17,N,8,2024-12-21
33,44000,RENT,2.0,MEDICAL,C,9600,13.16,0,0.22,Y,5,2024-06-03
33,45000,RENT,2.0,EDUCATION,A,9600,8.49,0,0.21,N,5,2024-07-28
30,65600,OWN,5.0,VENTURE,C,4000,12.68,0,0.06,Y,7,2024-10-12
27,59619,MORTGAGE,11.0,VENTURE,D,7750,14.84,1,0.13,Y,9,2024-09-06
27,39996,RENT,5.0,MEDICAL,D,9600,11.013786929274843,1,0.24,N,9,2024-03-29
33,48000,RENT,5.0,MEDICAL,D,9600,16.29,0,0.2,Y,7,2024-03-07
28,51996,RENT,11.0,HOMEIMPROVEMENT,A,9600,9.07,0,0.18,N,7,2024-01-31
31,46000,RENT,6.0,MEDICAL,D,9600,14.46,1,0.21,Y,5,2024-04-24
29,66000,MORTGAGE,10.0,DEBTCONSOLIDATION,B,7000,9.91,0,0.11,N,10,2024-07-14
29,60000,MORTGAGE,11.0,VENTURE,C,6000,15.27,1,0.1,Y,10,2024-01-21
35,66000,MORTGAGE,4.0,VENTURE,A,3000,6.03,0,0.05,N,7,2024-04-10
29,53000,RENT,7.0,VENTURE,C,9600,12.73,0,0.18,N,5,2024-03-01
35,66000,MORTGAGE,6.0,DEBTCONSOLIDATION,B,9100,12.42,0,0.14,N,7,2024-08-30
29,58327,RENT,4.0,VENTURE,B,9600,11.48,0,0.16,N,5,2024-10-15
33,59000,RENT,17.0,MEDICAL,B,9600,9.91,0,0.16,N,8,2024-09-17
27,60000,RENT,7.0,VENTURE,B,9600,10.65,0,0.16,N,7,2024-07-15
28,60000,RENT,7.0,EDUCATION,C,9600,13.57,0,0.16,Y,8,2024-03-21
31,66000,MORTGAGE,8.0,VENTURE,A,4200,7.49,0,0.06,N,7,2024-09-10
29,66000,MORTGAGE,4.0,VENTURE,A,3000,5.42,0,0.05,N,7,2024-04-28
27,66000,MORTGAGE,12.0,EDUCATION,D,8400,16.49,0,0.13,Y,7,2024-02-12
29,60000,RENT,1.0,HOMEIMPROVEMENT,C,9600,11.66,0,0.16,Y,6,2024-04-13
27,54000,RENT,4.0,PERSONAL,D,9600,12.17,1,0.18,Y,9,2024-11-24
33,66000,OWN,16.0,MEDICAL,A,3500,11.013786929274843,0,0.05,N,9,2024-11-29
33,66000,OWN,3.0,VENTURE,B,5600,10.99,0,0.08,N,9,2024-01-24
30,65000,RENT,11.0,PERSONAL,B,9600,12.42,0,0.15,N,10,2024-09-14
27,62000,RENT,2.0,PERSONAL,B,9600,10.25,1,0.15,N,8,2024-01-26
28,60000,MORTGAGE,2.0,HOMEIMPROVEMENT,A,6500,5.79,1,0.11,N,6,2024-07-06
29,60000,MORTGAGE,13.0,MEDICAL,G,25000,20.16,1,0.42,N,10,2024-06-10
35,70000,RENT,5.0,HOMEIMPROVEMENT,A,9600,5.42,0,0.14,N,9,2024-08-27
27,60000,MORTGAGE,12.0,MEDICAL,D,2000,15.7,1,0.03,Y,6,2024-09-17
27,78000,RENT,5.0,EDUCATION,E,9600,17.14,0,0.12,Y,7,2024-10-11
27,78000,RENT,4.0,HOMEIMPROVEMENT,C,9600,12.29,0,0.12,Y,9,2024-10-15
31,80000,RENT,1.0,MEDICAL,B,9600,9.91,0,0.12,N,7,2024-02-13
32,80000,RENT,6.0,DEBTCONSOLIDATION,B,9600,11.14,0,0.12,N,5,2024-05-15
30,66000,MORTGAGE,15.0,VENTURE,B,15000,11.14,0,0.23,N,8,2024-04-05
30,66000,MORTGAGE,8.0,EDUCATION,A,6000,7.68,0,0.09,N,8,2024-07-06
31,66000,MORTGAGE,9.0,VENTURE,E,22000,16.63,0,0.33,Y,5,2024-02-27
31,66000,MORTGAGE,15.0,PERSONAL,A,10000,11.013786929274843,0,0.15,N,5,2024-05-30
33,66000,MORTGAGE,2.0,PERSONAL,D,20000,12.61,0,0.3,Y,5,2024-03-30
27,66300,RENT,1.0,MEDICAL,D,9600,11.013786929274843,1,0.12,N,7,2024-07-12
32,66100,MORTGAGE,5.0,MEDICAL,A,5000,6.03,0,0.08,N,8,2024-02-25
30,66120,MORTGAGE,10.0,PERSONAL,C,2800,13.57,0,0.04,N,6,2024-10-05
32,66300,MORTGAGE,5.0,DEBTCONSOLIDATION,A,6075,6.03,0,0.09,N,10,2024-04-18
29,66352,MORTGAGE,5.0,HOMEIMPROVEMENT,A,7000,7.88,0,0.11,N,5,2024-12-20
31,66360,MORTGAGE,8.0,HOMEIMPROVEMENT,B,7000,11.86,0,0.11,N,6,2024-01-09
34,113000,RENT,6.0,EDUCATION,C,9600,11.013786929274843,0,0.08,Y,9,2024-02-05
29,66500,OWN,4.0,VENTURE,A,12000,6.99,0,0.18,N,8,2024-03-18
28,120000,RENT,12.0,MEDICAL,A,9600,8.0,0,0.08,N,7,2024-05-18
31,113000,RENT,1.0,HOMEIMPROVEMENT,D,9600,14.91,1,0.08,Y,7,2024-12-11
31,128000,RENT,1.0,PERSONAL,E,9600,11.013786929274843,1,0.07,Y,8,2024-06-18
30,66500,MORTGAGE,5.0,DEBTCONSOLIDATION,A,8000,7.88,0,0.12,N,9,2024-07-29
27,66500,MORTGAGE,3.0,HOMEIMPROVEMENT,B,16000,10.99,0,0.24,N,5,2024-02-02
27,56400,RENT,1.0,VENTURE,B,9700,8.88,0,0.17,N,10,2024-12-31
33,66500,MORTGAGE,1.0,PERSONAL,A,9200,11.013786929274843,0,0.14,N,7,2024-10-10
29,71000,RENT,4.0,DEBTCONSOLIDATION,A,9700,8.94,0,0.14,N,5,2024-12-23
30,88000,RENT,3.0,HOMEIMPROVEMENT,D,9700,11.013786929274843,0,0.11,N,5,2024-12-19
35,66560,MORTGAGE,11.0,VENTURE,A,4200,5.79,0,0.06,N,10,2024-04-01
30,66560,MORTGAGE,10.0,DEBTCONSOLIDATION,A,2500,6.39,0,0.04,N,7,2024-12-31
28,60675,MORTGAGE,6.0,DEBTCONSOLIDATION,D,14000,15.62,1,0.23,Y,10,2024-06-29
27,27000,RENT,2.0,MEDICAL,B,9750,9.63,1,0.36,N,6,2024-08-13
27,29000,RENT,4.0,PERSONAL,A,9750,7.51,1,0.34,N,6,2024-09-06
27,66800,MORTGAGE,11.0,MEDICAL,A,9600,7.51,0,0.14,N,7,2024-11-29
31,33000,RENT,1.0,MEDICAL,D,9750,14.54,1,0.3,Y,9,2024-07-01
28,66887,MORTGAGE,2.0,VENTURE,B,25000,10.36,0,0.37,N,8,2024-08-06
30,66888,MORTGAGE,6.0,PERSONAL,C,15000,12.23,0,0.22,N,8,2024-09-19
29,66901,MORTGAGE,13.0,MEDICAL,C,9475,11.013786929274843,0,0.14,N,10,2024-04-18
33,30784,RENT,7.0,DEBTCONSOLIDATION,C,9950,12.99,1,0.32,N,8,2024-12-16
34,86000,RENT,4.0,VENTURE,A,9950,7.88,0,0.12,N,7,2024-11-14
32,66996,MORTGAGE,6.0,MEDICAL,A,8000,11.013786929274843,0,0.12,N,9,2024-11-30
29,66996,MORTGAGE,1.0,PERSONAL,A,9000,8.94,0,0.13,N,7,2024-04-22
34,67000,MORTGAGE,4.0,EDUCATION,A,7000,7.51,0,0.1,N,9,2024-08-23
31,67000,MORTGAGE,9.0,DEBTCONSOLIDATION,B,3000,10.65,0,0.04,N,9,2024-08-29
33,21600,RENT,3.0,DEBTCONSOLIDATION,B,10000,12.53,1,0.46,N,8,2024-08-05
27,61000,MORTGAGE,6.0,DEBTCONSOLIDATION,D,6800,15.99,1,0.11,N,7,2024-01-05
27,67000,MORTGAGE,1.0,PERSONAL,A,4200,11.013786929274843,0,0.06,N,5,2024-07-24
32,22000,RENT,9.0,MEDICAL,E,10000,18.39,1,0.45,Y,6,2024-11-15
30,67000,MORTGAGE,6.0,HOMEIMPROVEMENT,A,10000,6.99,0,0.15,N,6,2024-09-17
32,67000,MORTGAGE,16.0,DEBTCONSOLIDATION,A,4000,11.013786929274843,0,0.06,N,9,2024-03-02
33,24000,RENT,6.0,DEBTCONSOLIDATION,A,10000,8.9,1,0.42,N,5,2024-04-09
34,67000,MORTGAGE,4.0,DEBTCONSOLIDATION,C,6400,13.23,0,0.1,N,7,2024-10-07
35,67000,MORTGAGE,8.0,EDUCATION,A,7000,7.14,0,0.1,N,8,2024-12-21
35,67000,MORTGAGE,10.0,PERSONAL,A,3300,7.88,0,0.05,N,6,2024-02-29
28,67000,MORTGAGE,3.0,VENTURE,B,14400,9.88,0,0.21,N,10,2024-11-09
29,61000,MORTGAGE,9.0,HOMEIMPROVEMENT,B,15000,9.88,1,0.25,N,9,2024-01-25
29,67000,OWN,14.0,MEDICAL,A,3600,7.51,0,0.05,N,10,2024-10-27
29,67000,MORTGAGE,13.0,HOMEIMPROVEMENT,A,10000,7.14,0,0.15,N,6,2024-08-10
32,67000,MORTGAGE,12.0,MEDICAL,B,10000,10.25,0,0.15,N,9,2024-10-10
33,67000,MORTGAGE,6.0,DEBTCONSOLIDATION,B,25000,10.99,0,0.37,N,6,2024-03-11
27,67000,MORTGAGE,11.0,EDUCATION,D,24250,14.96,0,0.36,N,8,2024-10-17
27,24500,RENT,3.0,MEDICAL,B,10000,10.25,1,0.41,N,7,2024-11-29
32,67000,OWN,12.0,HOMEIMPROVEMENT,B,20000,11.83,0,0.3,N,7,2024-05-07
32,25000,RENT,1.0,DEBTCONSOLIDATION,A,10000,8.49,1,0.4,N,10,2024-03-30
27,67068,OWN,11.0,PERSONAL,A,5000,11.013786929274843,0,0.07,N,10,2024-10-02
31,67200,MORTGAGE,2.0,PERSONAL,A,10000,6.03,0,0.15,N,7,2024-07-30
27,67200,MORTGAGE,2.0,HOMEIMPROVEMENT,A,10750,6.91,0,0.16,N,6,2024-04-07
34,26000,RENT,2.0,VENTURE,B,10000,12.42,1,0.38,N,7,2024-03-01
32,52020,MORTGAGE,5.0,MEDICAL,C,15000,11.03,1,0.25,N,6,2024-05-18
29,67222,MORTGAGE,4.0,DEBTCONSOLIDATION,B,10000,11.14,0,0.15,N,9,2024-03-17
28,67386,MORTGAGE,11.0,HOMEIMPROVEMENT,A,1500,6.91,0,0.02,N,6,2024-05-01
29,67422,MORTGAGE,13.0,EDUCATION,B,12800,11.49,0,0.19,N,8,2024-12-26
27,26400,RENT,9.0,EDUCATION,B,10000,10.25,1,0.38,N,9,2024-04-17
27,27000,RENT,6.0,DEBTCONSOLIDATION,D,10000,15.62,1,0.37,N,6,2024-05-12
34,27600,RENT,5.0,DEBTCONSOLIDATION,B,10000,10.37,1,0.36,N,6,2024-05-13
35,67641,MORTGAGE,6.0,VENTURE,A,10000,8.0,0,0.15,N,5,2024-01-18
30,67642,MORTGAGE,5.0,PERSONAL,B,17000,11.58,0,0.25,N,6,2024-04-18
28,30000,RENT,12.0,MEDICAL,D,10000,17.58,1,0.33,N,5,2024-08-05
28,30000,RENT,3.0,PERSONAL,A,10000,8.9,1,0.33,N,5,2024-05-17
31,68000,OWN,1.0,VENTURE,A,8000,7.9,0,0.12,N,5,2024-01-06
27,30000,RENT,3.0,MEDICAL,D,10000,17.58,1,0.33,N,6,2024-01-30
27,68000,OWN,11.0,PERSONAL,A,20000,7.9,0,0.29,N,9,2024-12-15
29,68000,MORTGAGE,14.0,EDUCATION,A,20000,8.9,0,0.29,N,5,2024-02-12
33,68000,MORTGAGE,15.0,PERSONAL,A,18000,7.9,0,0.26,N,10,2024-02-08
31,68000,MORTGAGE,2.0,PERSONAL,B,12000,12.69,0,0.18,N,9,2024-02-01
34,68000,MORTGAGE,17.0,PERSONAL,D,10000,16.29,0,0.15,N,9,2024-04-04
28,68000,MORTGAGE,7.0,VENTURE,B,2500,11.71,0,0.04,N,7,2024-04-17
27,68000,MORTGAGE,4.0,HOMEIMPROVEMENT,D,30000,15.99,0,0.44,N,7,2024-12-27
30,68000,MORTGAGE,11.0,EDUCATION,B,6000,10.59,0,0.09,N,7,2024-05-31
28,30000,RENT,7.0,VENTURE,B,10000,10.38,1,0.33,N,5,2024-10-02
29,68000,MORTGAGE,11.0,EDUCATION,A,4000,5.99,0,0.06,N,5,2024-08-05
29,30000,RENT,3.0,EDUCATION,E,10000,16.82,1,0.33,N,7,2024-10-05
30,30000,RENT,2.0,VENTURE,C,10000,11.013786929274843,1,0.33,N,7,2024-09-22
28,68000,MORTGAGE,7.0,EDUCATION,A,3000,5.42,0,0.04,N,10,2024-08-02
29,68000,MORTGAGE,2.0,MEDICAL,C,5000,12.99,0,0.07,N,9,2024-01-23
33,68000,MORTGAGE,8.0,PERSONAL,B,3500,11.99,0,0.05,N,10,2024-06-19
31,30000,RENT,1.0,PERSONAL,C,10000,13.48,1,0.33,N,8,2024-01-02
27,68000,MORTGAGE,6.0,EDUCATION,C,2000,13.8,0,0.03,N,5,2024-01-02
31,68000,MORTGAGE,2.0,DEBTCONSOLIDATION,B,18000,10.0,0,0.26,N,10,2024-09-10
35,62000,MORTGAGE,9.0,HOMEIMPROVEMENT,B,13000,9.25,1,0.21,N,10,2024-06-11
30,68000,MORTGAGE,2.0,EDUCATION,C,6000,13.72,0,0.09,N,5,2024-04-16
31,68000,MORTGAGE,15.0,PERSONAL,A,13600,7.88,0,0.2,N,9,2024-07-15
31,30000,RENT,2.0,DEBTCONSOLIDATION,A,10000,8.63,1,0.33,N,5,2024-06-20
33,30000,RENT,11.0,MEDICAL,C,10000,11.03,1,0.33,N,6,2024-04-02
28,68000,MORTGAGE,12.0,VENTURE,C,3250,13.23,0,0.05,N,7,2024-07-05
28,68000,MORTGAGE,12.0,PERSONAL,C,15000,11.013786929274843,0,0.22,N,8,2024-09-18
32,68000,MORTGAGE,1.0,MEDICAL,B,6100,10.25,0,0.09,N,7,2024-03-01
34,30636,RENT,4.0,PERSONAL,B,10000,10.37,1,0.33,N,5,2024-10-27
29,68000,MORTGAGE,9.0,MEDICAL,C,3000,12.73,0,0.04,N,9,2024-08-19
35,62000,MORTGAGE,15.0,DEBTCONSOLIDATION,D,10000,15.33,1,0.16,N,10,2024-02-03
29,68000,MORTGAGE,14.0,PERSONAL,C,15000,12.73,0,0.22,Y,6,2024-05-01
27,68000,MORTGAGE,3.0,VENTURE,A,10800,7.88,0,0.16,N,8,2024-06-15
33,68000,MORTGAGE,15.0,VENTURE,B,5000,12.18,0,0.07,N,10,2024-05-11
29,68000,MORTGAGE,13.0,EDUCATION,A,10000,7.74,0,0.15,N,7,2024-03-13
31,68000,OWN,8.0,VENTURE,B,10000,11.013786929274843,0,0.15,N,7,2024-06-06
33,68000,MORTGAGE,9.0,EDUCATION,B,2100,12.53,0,0.03,N,9,2024-12-01
27,31200,RENT,3.0,EDUCATION,C,10000,13.99,1,0.32,N,10,2024-07-07
34,68000,MORTGAGE,1.0,EDUCATION,C,15000,11.78,0,0.22,N,5,2024-06-08
27,31200,RENT,4.0,MEDICAL,A,10000,8.0,1,0.32,N,9,2024-10-25
29,31500,RENT,11.0,EDUCATION,A,10000,7.29,1,0.32,N,6,2024-08-01
27,32000,RENT,6.0,EDUCATION,B,10000,12.42,1,0.31,N,8,2024-12-22
27,68004,MORTGAGE,2.0,PERSONAL,B,6000,11.86,0,0.09,N,6,2024-04-10
29,68004,MORTGAGE,9.0,PERSONAL,B,10000,10.99,0,0.15,N,9,2024-04-14
31,68004,MORTGAGE,15.0,MEDICAL,B,6000,10.95,0,0.09,N,9,2024-01-12
29,68004,MORTGAGE,13.0,PERSONAL,B,3500,12.21,0,0.05,N,9,2024-11-11
34,68340,MORTGAGE,9.0,HOMEIMPROVEMENT,B,25000,10.99,0,0.37,N,10,2024-06-30
31,68400,MORTGAGE,3.0,EDUCATION,B,15000,11.71,0,0.22,N,5,2024-02-27
27,32890,RENT,5.0,EDUCATION,B,10000,10.95,0,0.3,N,5,2024-01-11
29,32997,RENT,7.0,DEBTCONSOLIDATION,A,10000,5.79,0,0.3,N,7,2024-08-13
32,33078,RENT,4.0,PERSONAL,A,10000,7.51,0,0.3,N,8,2024-12-12
32,62500,MORTGAGE,3.0,PERSONAL,C,3800,13.11,1,0.06,N,10,2024-06-28
27,33600,RENT,3.0,DEBTCONSOLIDATION,C,10000,14.72,0,0.3,N,8,2024-12-11
28,68553,MORTGAGE,1.0,HOMEIMPROVEMENT,C,15000,13.85,0,0.22,Y,10,2024-01-22
28,33900,RENT,6.0,EDUCATION,D,10000,15.58,0,0.29,N,6,2024-07-11
30,34000,RENT,14.0,HOMEIMPROVEMENT,D,10000,14.54,1,0.29,Y,6,2024-06-18
32,68800,MORTGAGE,13.0,EDUCATION,A,4800,11.013786929274843,0,0.07,N,6,2024-05-14
33,34000,RENT,7.0,DEBTCONSOLIDATION,C,10000,14.22,0,0.29,N,9,2024-01-17
28,68804,MORTGAGE,1.0,EDUCATION,A,22000,6.99,0,0.32,N,6,2024-01-28
27,68808,MORTGAGE,2.0,VENTURE,C,20000,11.013786929274843,0,0.29,Y,6,2024-08-22
28,34000,RENT,4.0,PERSONAL,D,10000,14.74,0,0.29,N,9,2024-02-05
27,29000,RENT,2.0,PERSONAL,B,10000,12.69,1,0.34,N,10,2024-10-06
28,35000,RENT,4.0,PERSONAL,D,10000,16.77,0,0.29,Y,8,2024-12-31
28,35000,RENT,12.0,PERSONAL,D,10000,16.29,0,0.29,N,5,2024-11-16
27,35000,RENT,11.0,VENTURE,A,10000,8.49,0,0.29,N,6,2024-12-30
28,69000,MORTGAGE,9.0,MEDICAL,B,4000,9.91,0,0.06,N,6,2024-12-06
30,35000,RENT,6.0,PERSONAL,A,10000,5.79,0,0.29,N,9,2024-11-01
33,69000,MORTGAGE,7.0,HOMEIMPROVEMENT,A,4000,5.99,0,0.06,N,7,2024-10-20
27,35000,RENT,3.0,MEDICAL,B,10000,9.88,0,0.29,N,8,2024-11-29
30,69000,MORTGAGE,13.0,VENTURE,B,10000,9.99,0,0.14,N,9,2024-02-24
33,35000,RENT,2.0,DEBTCONSOLIDATION,C,10000,13.48,0,0.29,Y,10,2024-05-23
27,35000,RENT,5.0,VENTURE,C,10000,13.48,0,0.29,N,10,2024-11-28
33,69000,MORTGAGE,17.0,EDUCATION,B,7200,10.74,0,0.1,N,7,2024-06-26
28,35000,RENT,5.0,MEDICAL,D,10000,14.61,0,0.29,N,7,2024-02-11
28,63000,MORTGAGE,5.0,DEBTCONSOLIDATION,C,9000,13.72,1,0.14,Y,9,2024-04-27
33,69000,MORTGAGE,5.0,DEBTCONSOLIDATION,A,20000,6.54,0,0.29,N,6,2024-07-31
29,69000,OWN,11.0,PERSONAL,B,6000,11.12,0,0.09,N,5,2024-12-05
30,35000,RENT,5.0,MEDICAL,B,10000,12.21,0,0.29,N,6,2024-11-26
29,69000,MORTGAGE,5.0,HOMEIMPROVEMENT,A,14000,7.51,0,0.2,N,5,2024-04-18
28,69000,OWN,11.0,HOMEIMPROVEMENT,B,6000,11.86,0,0.09,N,9,2024-08-11
34,29004,RENT,9.0,EDUCATION,B,10000,11.83,1,0.34,N,5,2024-11-14
27,29238,RENT,8.0,HOMEIMPROVEMENT,C,10000,12.99,1,0.34,N,6,2024-11-17
29,69000,MORTGAGE,13.0,MEDICAL,B,15000,10.62,0,0.22,N,6,2024-01-03
31,29400,RENT,2.0,MEDICAL,D,10000,13.87,1,0.34,N,6,2024-09-05
28,69000,MORTGAGE,12.0,DEBTCONSOLIDATION,B,10000,9.88,0,0.14,N,8,2024-10-20
34,63000,OWN,5.0,VENTURE,G,20500,20.9,1,0.33,Y,8,2024-07-06
34,35665,RENT,2.0,PERSONAL,B,10000,10.08,0,0.28,N,6,2024-06-24
28,69000,MORTGAGE,2.0,EDUCATION,A,10000,8.94,0,0.14,N,8,2024-08-03
29,36000,RENT,5.0,PERSONAL,C,10000,11.013786929274843,0,0.28,Y,6,2024-01-21
28,63000,MORTGAGE,3.0,DEBTCONSOLIDATION,D,11200,14.42,1,0.18,Y,7,2024-06-14
31,36000,RENT,3.0,PERSONAL,B,10000,10.65,0,0.28,N,5,2024-10-16
29,69000,MORTGAGE,6.0,PERSONAL,D,18000,12.61,0,0.26,N,9,2024-04-28
27,30000,RENT,4.0,EDUCATION,B,10000,10.74,1,0.33,N,10,2024-06-30
34,69500,MORTGAGE,4.0,HOMEIMPROVEMENT,B,15000,11.013786929274843,0,0.22,N,6,2024-09-03
27,69500,MORTGAGE,11.0,MEDICAL,A,14750,7.49,0,0.21,N,9,2024-01-13
27,30000,RENT,1.0,HOMEIMPROVEMENT,D,10000,11.013786929274843,1,0.33,Y,6,2024-07-18
27,36000,RENT,3.0,PERSONAL,E,10000,17.19,0,0.28,Y,7,2024-05-18
27,69592,MORTGAGE,4.0,MEDICAL,B,6500,10.74,0,0.09,N,10,2024-09-02
35,63600,MORTGAGE,5.0,DEBTCONSOLIDATION,B,4800,12.42,1,0.08,N,6,2024-08-23
33,69600,MORTGAGE,17.0,PERSONAL,B,16000,11.99,0,0.23,N,8,2024-07-04
28,36000,RENT,13.0,MEDICAL,A,10000,8.59,0,0.28,N,9,2024-08-03
27,69638,MORTGAGE,5.0,EDUCATION,B,16725,10.74,0,0.24,N,9,2024-06-29
27,69830,OWN,3.0,EDUCATION,E,15000,16.45,0,0.21,Y,5,2024-05-04
32,69900,MORTGAGE,16.0,PERSONAL,B,18000,11.49,0,0.26,N,8,2024-07-23
31,30000,RENT,4.0,DEBTCONSOLIDATION,D,10000,14.42,1,0.33,N,9,2024-12-30
28,69900,MORTGAGE,6.0,VENTURE,A,12000,7.49,0,0.17,N,10,2024-03-09
33,69930,MORTGAGE,5.0,DEBTCONSOLIDATION,A,6300,7.14,0,0.09,N,10,2024-11-03
27,69936,MORTGAGE,11.0,DEBTCONSOLIDATION,A,8000,7.66,0,0.11,N,10,2024-05-09
27,69960,MORTGAGE,3.0,PERSONAL,A,10000,11.013786929274843,0,0.14,N,9,2024-04-19
33,69996,MORTGAGE,11.0,MEDICAL,B,3200,9.99,0,0.05,N,8,2024-08-22
30,36996,RENT,5.0,EDUCATION,A,10000,8.9,0,0.27,N,6,2024-02-09
30,37000,RENT,2.0,VENTURE,A,10000,7.88,0,0.27,N,6,2024-11-25
29,37000,RENT,1.0,MEDICAL,C,10000,12.53,0,0.27,N,5,2024-01-27
29,69996,MORTGAGE,11.0,EDUCATION,A,3400,6.39,0,0.05,N,6,2024-02-26
32,37965,RENT,3.0,PERSONAL,A,10000,9.63,0,0.26,N,6,2024-11-19
30,69996,OWN,14.0,VENTURE,C,6000,14.26,0,0.09,N,8,2024-02-12
28,69996,MORTGAGE,1.0,HOMEIMPROVEMENT,B,7200,11.83,0,0.1,N,10,2024-03-03
30,69996,MORTGAGE,14.0,PERSONAL,B,11250,12.21,0,0.16,N,10,2024-02-03
33,64000,MORTGAGE,8.0,VENTURE,C,12000,11.013786929274843,1,0.19,N,9,2024-01-24
35,38004,RENT,4.0,MEDICAL,B,10000,9.99,0,0.26,N,7,2024-09-15
28,38004,RENT,4.0,DEBTCONSOLIDATION,C,10000,13.61,0,0.26,N,7,2024-06-13
31,70000,MORTGAGE,9.0,MEDICAL,A,18000,8.9,0,0.26,N,10,2024-08-31
30,70000,MORTGAGE,7.0,DEBTCONSOLIDATION,A,10000,11.013786929274843,0,0.14,N,7,2024-05-16
30,70000,MORTGAGE,6.0,HOMEIMPROVEMENT,B,18000,11.013786929274843,0,0.26,N,7,2024-03-01
27,38400,RENT,5.0,MEDICAL,C,10000,15.23,0,0.26,Y,7,2024-03-02
34,38400,RENT,3.0,MEDICAL,A,10000,7.49,0,0.26,N,6,2024-05-23
27,70000,MORTGAGE,11.0,PERSONAL,C,3000,11.013786929274843,0,0.04,Y,8,2024-04-15
27,70000,MORTGAGE,9.0,EDUCATION,A,16000,7.9,0,0.23,N,7,2024-06-10
32,38400,RENT,1.0,VENTURE,B,10000,10.39,0,0.26,N,10,2024-07-28
30,70000,MORTGAGE,4.0,MEDICAL,B,10200,12.42,0,0.15,N,6,2024-03-13
30,70000,MORTGAGE,9.0,MEDICAL,A,7000,8.9,0,0.1,N,9,2024-05-26
28,70000,OWN,6.0,VENTURE,D,14000,16.29,0,0.2,Y,8,2024-08-31
28,70000,MORTGAGE,7.0,EDUCATION,C,15000,14.65,0,0.21,N,10,2024-06-15
35,39000,RENT,2.0,MEDICAL,B,10000,10.25,0,0.26,N,5,2024-09-20
28,70000,MORTGAGE,7.0,EDUCATION,A,8000,6.62,0,0.11,N,5,2024-08-05
34,70000,MORTGAGE,6.0,EDUCATION,E,22000,19.91,0,0.31,Y,8,2024-01-05
34,39312,RENT,5.0,PERSONAL,D,10000,15.7,0,0.25,N,7,2024-11-21
32,70000,MORTGAGE,8.0,PERSONAL,C,1800,14.65,0,0.03,Y,6,2024-11-13
27,70000,MORTGAGE,3.0,HOMEIMPROVEMENT,A,5200,7.51,0,0.07,N,10,2024-11-29
30,70000,MORTGAGE,5.0,MEDICAL,B,31825,12.69,0,0.45,N,8,2024-11-28
27,39996,RENT,3.0,PERSONAL,D,10000,15.37,0,0.25,Y,8,2024-01-13
29,70000,MORTGAGE,11.0,EDUCATION,C,6000,14.27,0,0.09,Y,7,2024-10-18
27,40000,RENT,4.0,VENTURE,D,10000,11.013786929274843,0,0.25,N,7,2024-07-08
27,70000,MORTGAGE,8.0,VENTURE,B,12000,9.91,0,0.17,N,6,2024-10-06
27,70000,MORTGAGE,1.0,DEBTCONSOLIDATION,C,5500,13.49,0,0.08,Y,10,2024-09-07
31,70000,MORTGAGE,11.0,VENTURE,A,4500,7.9,0,0.06,N,8,2024-02-06
30,70000,MORTGAGE,6.0,HOMEIMPROVEMENT,B,12800,11.013786929274843,0,0.18,N,7,2024-09-21
28,70000,MORTGAGE,4.0,DEBTCONSOLIDATION,B,5000,11.71,0,0.07,N,8,2024-12-23
30,70000,MORTGAGE,14.0,EDUCATION,B,8000,9.91,0,0.11,N,5,2024-03-02
30,40000,RENT,11.0,DEBTCONSOLIDATION,B,10000,10.65,0,0.25,N,5,2024-09-13
28,70000,MORTGAGE,2.0,VENTURE,A,5600,6.62,0,0.08,N,5,2024-10-31
27,34000,RENT,3.0,MEDICAL,D,10000,16.77,1,0.29,N,7,2024-06-22
34,70000,MORTGAGE,5.0,VENTURE,C,4600,14.79,0,0.07,N,7,2024-01-07
29,70000,OWN,13.0,PERSONAL,D,25000,15.62,0,0.36,Y,9,2024-02-28
27,34000,RENT,3.0,VENTURE,C,10000,13.49,1,0.29,N,10,2024-02-12
33,70000,MORTGAGE,2.0,DEBTCONSOLIDATION,A,3700,5.99,0,0.05,N,6,2024-07-22
27,70000,MORTGAGE,11.0,PERSONAL,A,5600,5.42,0,0.08,N,7,2024-04-16
33,70000,OWN,17.0,VENTURE,A,24000,7.49,0,0.34,N,6,2024-12-11
29,70000,MORTGAGE,6.0,DEBTCONSOLIDATION,B,4200,10.99,0,0.06,N,9,2024-09-02
35,70000,MORTGAGE,14.0,HOMEIMPROVEMENT,B,20000,11.49,0,0.29,N,10,2024-10-27
30,70000,MORTGAGE,4.0,HOMEIMPROVEMENT,D,10000,16.89,0,0.14,Y,5,2024-02-16
27,54400,MORTGAGE,11.0,MEDICAL,D,3000,11.013786929274843,1,0.05,Y,5,2024-12-07
27,70000,MORTGAGE,11.0,PERSONAL,A,3000,5.42,0,0.04,N,7,2024-10-12
32,70000,OWN,12.0,VENTURE,A,3000,7.49,0,0.04,N,5,2024-06-18
33,34000,RENT,4.0,MEDICAL,D,10000,15.33,1,0.29,Y,8,2024-04-05
27,40000,RENT,4.0,PERSONAL,D,10000,11.013786929274843,0,0.25,Y,6,2024-10-04
27,40000,RENT,10.0,DEBTCONSOLIDATION,B,10000,11.36,0,0.25,N,5,2024-06-07
29,70000,MORTGAGE,13.0,MEDICAL,A,10000,6.99,0,0.14,N,5,2024-01-04
32,70000,MORTGAGE,7.0,PERSONAL,A,6000,5.42,0,0.09,N,6,2024-05-18
28,70000,MORTGAGE,3.0,DEBTCONSOLIDATION,A,8000,8.49,0,0.11,N,9,2024-02-18
28,54400,MORTGAGE,12.0,MEDICAL,C,18000,12.99,1,0.28,Y,8,2024-10-28
31,70000,MORTGAGE,9.0,MEDICAL,A,6000,7.49,0,0.09,N,7,2024-07-10
27,70000,MORTGAGE,5.0,DEBTCONSOLIDATION,A,15000,7.49,0,0.21,N,8,2024-06-16
29,70000,MORTGAGE,9.0,DEBTCONSOLIDATION,B,8500,11.14,0,0.12,N,10,2024-08-26
29,70000,MORTGAGE,3.0,DEBTCONSOLIDATION,B,20000,11.013786929274843,0,0.29,N,8,2024-12-25
31,40000,RENT,2.0,VENTURE,C,10000,11.41,0,0.25,N,5,2024-12-20
32,70000,MORTGAGE,5.0,VENTURE,A,14000,7.49,0,0.2,N,10,2024-02-15
28,70000,MORTGAGE,13.0,HOMEIMPROVEMENT,A,5000,6.99,0,0.07,N,7,2024-12-13
29,70000,MORTGAGE,12.0,HOMEIMPROVEMENT,A,7000,7.66,0,0.1,N,10,2024-04-18
29,70000,MORTGAGE,5.0,DEBTCONSOLIDATION,B,3000,9.63,0,0.04,N,9,2024-12-23
34,70000,MORTGAGE,5.0,VENTURE,A,6000,11.013786929274843,0,0.09,N,6,2024-09-22
30,42000,RENT,4.0,MEDICAL,C,10000,16.11,0,0.24,N,9,2024-12-13
32,70000,MORTGAGE,3.0,VENTURE,A,4000,5.79,0,0.06,N,5,2024-10-06
27,70000,MORTGAGE,11.0,DEBTCONSOLIDATION,A,25000,7.66,0,0.36,N,5,2024-12-05
31,54400,MORTGAGE,1.0,MEDICAL,D,27050,14.54,1,0.42,N,7,2024-01-05
30,42000,RENT,4.0,VENTURE,A,10000,11.013786929274843,0,0.24,N,9,2024-01-17
30,42000,RENT,2.0,MEDICAL,A,10000,11.013786929274843,0,0.24,N,7,2024-08-23
27,42000,RENT,1.0,EDUCATION,A,10000,11.013786929274843,0,0.24,N,8,2024-03-21
28,42000,RENT,12.0,EDUCATION,A,10000,9.32,0,0.24,N,9,2024-08-08
28,42500,RENT,2.0,DEBTCONSOLIDATION,A,10000,7.88,0,0.24,N,6,2024-02-04
27,43000,RENT,11.0,MEDICAL,B,10000,12.42,0,0.23,N,9,2024-02-05
34,70000,MORTGAGE,14.0,PERSONAL,E,14000,16.4,0,0.2,N,6,2024-03-22
28,70000,OWN,4.0,PERSONAL,D,25000,15.57,0,0.36,N,9,2024-04-27
31,70000,MORTGAGE,4.0,MEDICAL,A,12000,6.91,0,0.17,N,7,2024-02-20
31,70000,MORTGAGE,3.0,PERSONAL,A,8400,6.91,0,0.12,N,9,2024-06-13
27,70000,OWN,2.0,HOMEIMPROVEMENT,B,2250,10.36,0,0.03,N,7,2024-06-05
27,70000,MORTGAGE,8.0,MEDICAL,A,1300,5.79,0,0.02,N,9,2024-03-15
27,70000,MORTGAGE,11.0,DEBTCONSOLIDATION,A,1000,6.54,0,0.01,N,5,2024-09-07
27,43080,RENT,7.0,PERSONAL,C,10000,13.98,0,0.23,N,9,2024-06-04
34,70000,MORTGAGE,13.0,DEBTCONSOLIDATION,A,20000,6.54,0,0.29,N,5,2024-07-20
27,43200,RENT,4.0,EDUCATION,A,10000,7.49,0,0.23,N,10,2024-10-04
27,70000,MORTGAGE,4.0,HOMEIMPROVEMENT,D,8000,14.46,0,0.11,N,7,2024-09-26
31,43288,RENT,7.0,MEDICAL,B,10000,10.74,0,0.23,N,5,2024-09-24
31,70000,MORTGAGE,5.0,EDUCATION,A,4000,6.54,0,0.06,N,7,2024-06-12
33,43337,RENT,17.0,PERSONAL,A,10000,6.92,0,0.23,N,6,2024-09-18
29,70000,OWN,13.0,VENTURE,A,13000,6.91,0,0.19,N,8,2024-06-16
30,70000,MORTGAGE,6.0,HOMEIMPROVEMENT,A,10200,6.91,0,0.15,N,8,2024-12-18
27,44000,RENT,12.0,MEDICAL,D,10000,16.77,0,0.23,N,9,2024-06-17
30,54400,MORTGAGE,3.0,MEDICAL,A,23500,6.91,1,0.37,N,7,2024-11-19
35,44000,RENT,8.0,DEBTCONSOLIDATION,A,10000,6.54,0,0.23,N,6,2024-10-03
29,45000,RENT,4.0,VENTURE,B,10000,12.42,0,0.22,N,7,2024-12-01
32,70000,MORTGAGE,16.0,HOMEIMPROVEMENT,A,9000,7.14,0,0.13,N,10,2024-06-24
30,70000,MORTGAGE,15.0,PERSONAL,A,12250,7.51,0,0.17,N,6,2024-07-28
30,45000,RENT,5.0,PERSONAL,A,10000,7.51,0,0.22,N,7,2024-07-06
31,45000,RENT,4.0,EDUCATION,B,10000,10.65,0,0.22,N,5,2024-06-24
28,64000,MORTGAGE,10.0,HOMEIMPROVEMENT,E,6000,16.45,1,0.09,Y,9,2024-08-03
28,70000,MORTGAGE,7.0,MEDICAL,A,4000,6.39,0,0.06,N,8,2024-07-21
28,45000,RENT,1.0,DEBTCONSOLIDATION,B,10000,9.91,0,0.22,N,6,2024-02-23
32,70000,OWN,1.0,MEDICAL,A,14400,7.88,0,0.21,N,10,2024-12-26
30,70000,MORTGAGE,15.0,DEBTCONSOLIDATION,B,10000,10.75,0,0.14,N,6,2024-08-16
29,45000,RENT,7.0,MEDICAL,B,10000,11.013786929274843,0,0.22,N,5,2024-03-12
29,70000,MORTGAGE,7.0,MEDICAL,B,4000,11.86,0,0.06,N,5,2024-10-14
28,70000,OWN,7.0,VENTURE,B,8000,11.49,0,0.11,N,9,2024-11-20
31,70000,MORTGAGE,3.0,PERSONAL,A,8000,7.88,0,0.11,N,5,2024-05-02
27,45000,RENT,1.0,EDUCATION,C,10000,11.013786929274843,0,0.22,N,9,2024-10-08
33,54400,MORTGAGE,2.0,MEDICAL,B,5000,11.86,1,0.08,N,9,2024-09-03
35,45000,RENT,2.0,VENTURE,B,10000,10.36,0,0.22,N,5,2024-02-15
29,70000,MORTGAGE,1.0,EDUCATION,B,20000,9.88,0,0.29,N,10,2024-05-29
28,70000,MORTGAGE,12.0,PERSONAL,A,3000,6.39,0,0.04,N,8,2024-06-25
28,39000,RENT,6.0,MEDICAL,D,10000,14.96,1,0.26,N,6,2024-12-25
31,64000,MORTGAGE,14.0,DEBTCONSOLIDATION,B,25000,10.62,1,0.39,N,5,2024-04-19
27,45000,RENT,9.0,DEBTCONSOLIDATION,A,10000,7.51,0,0.22,N,5,2024-11-28
35,39000,RENT,2.0,MEDICAL,C,10000,13.16,1,0.26,N,6,2024-09-26
30,70000,MORTGAGE,14.0,MEDICAL,A,6000,11.013786929274843,0,0.09,N,7,2024-12-17
28,54400,MORTGAGE,6.0,MEDICAL,D,5000,16.07,1,0.08,N,8,2024-11-08
29,39000,RENT,1.0,HOMEIMPROVEMENT,D,10000,14.11,1,0.26,Y,7,2024-11-23
31,70000,MORTGAGE,2.0,MEDICAL,B,4625,10.62,0,0.07,N,6,2024-06-13
31,70000,MORTGAGE,16.0,VENTURE,A,14000,7.88,0,0.2,N,10,2024-03-02
32,70000,MORTGAGE,7.0,DEBTCONSOLIDATION,B,10000,9.88,0,0.14,N,5,2024-05-27
35,70000,OWN,6.0,VENTURE,B,17000,9.88,0,0.24,N,6,2024-02-23
30,45000,RENT,4.0,VENTURE,D,10000,13.36,0,0.22,N,9,2024-07-26
27,54400,MORTGAGE,11.0,MEDICAL,D,11000,15.33,1,0.17,Y,10,2024-11-10
29,70000,MORTGAGE,13.0,DEBTCONSOLIDATION,A,6500,7.88,0,0.09,N,9,2024-11-27
29,70000,MORTGAGE,5.0,DEBTCONSOLIDATION,C,10000,13.85,0,0.14,N,7,2024-01-23
27,45000,RENT,1.0,MEDICAL,B,10000,9.2,0,0.22,N,10,2024-10-27
34,52800,RENT,2.0,DEBTCONSOLIDATION,B,4325,10.75,0,0.08,N,5,2024-11-21
31,64000,MORTGAGE,4.0,DEBTCONSOLIDATION,C,5100,13.22,1,0.08,N,10,2024-03-01
28,35000,RENT,5.0,VENTURE,F,4250,16.96,0,0.12,N,6,2024-08-27
34,70000,MORTGAGE,16.0,PERSONAL,A,4000,7.74,0,0.06,N,5,2024-09-11
27,70000,MORTGAGE,7.0,VENTURE,D,8000,16.0,0,0.11,N,10,2024-08-06
28,70000,MORTGAGE,4.0,HOMEIMPROVEMENT,B,20000,12.18,0,0.29,N,6,2024-12-21
30,39600,RENT,4.0,DEBTCONSOLIDATION,F,10000,20.89,1,0.25,Y,10,2024-01-02
31,70000,MORTGAGE,11.0,EDUCATION,A,2000,7.4,0,0.03,N,7,2024-09-30
29,70000,OTHER,1.0,PERSONAL,B,5000,11.14,0,0.07,N,6,2024-10-09
28,70000,MORTGAGE,11.0,VENTURE,E,15000,16.0,0,0.21,N,7,2024-05-29
27,64000,MORTGAGE,12.0,EDUCATION,B,6000,11.013786929274843,1,0.09,N,6,2024-12-03
27,45996,RENT,3.0,VENTURE,C,10000,11.013786929274843,0,0.22,Y,5,2024-06-18
32,46000,RENT,16.0,PERSONAL,B,10000,10.59,0,0.22,N,7,2024-01-20
35,46000,RENT,3.0,MEDICAL,E,10000,17.14,0,0.22,N,5,2024-02-09
29,40000,RENT,1.0,HOMEIMPROVEMENT,C,10000,13.16,1,0.25,N,7,2024-06-01
27,46000,RENT,1.0,VENTURE,A,10000,9.32,0,0.22,N,7,2024-11-22
28,30000,RENT,6.0,VENTURE,C,4200,15.23,0,0.14,Y,7,2024-05-10
34,30000,RENT,5.0,VENTURE,A,4200,5.79,0,0.14,N,5,2024-08-28
33,70000,MORTGAGE,3.0,VENTURE,C,20000,12.84,0,0.29,Y,7,2024-01-17
27,30000,RENT,2.0,VENTURE,B,4200,12.53,0,0.14,N,10,2024-11-14
28,64000,OTHER,11.0,PERSONAL,A,15000,9.63,1,0.23,N,10,2024-05-07
31,31500,RENT,2.0,MEDICAL,B,4200,9.99,0,0.13,N,7,2024-01-07
27,32000,RENT,3.0,MEDICAL,A,4200,8.0,0,0.13,N,10,2024-07-01
28,33600,RENT,12.0,EDUCATION,B,4200,10.0,0,0.13,N,5,2024-09-05
27,35000,RENT,3.0,PERSONAL,A,4200,11.013786929274843,0,0.12,N,5,2024-05-11
30,36000,RENT,2.0,EDUCATION,C,4200,14.27,0,0.12,Y,5,2024-08-12
34,64000,MORTGAGE,13.0,PERSONAL,B,24000,10.71,1,0.38,N,7,2024-07-14
29,70008,MORTGAGE,8.0,MEDICAL,A,5000,5.99,0,0.07,N,5,2024-11-03
28,40000,RENT,2.0,VENTURE,A,4200,7.51,0,0.1,N,5,2024-08-14
32,70197,MORTGAGE,9.0,DEBTCONSOLIDATION,A,4100,7.51,0,0.06,N,6,2024-06-04
27,70200,MORTGAGE,9.0,HOMEIMPROVEMENT,A,6000,7.29,0,0.09,N,5,2024-12-16
28,70254,OWN,12.0,VENTURE,A,3500,6.62,0,0.05,N,9,2024-02-05
28,70356,MORTGAGE,12.0,EDUCATION,B,6000,11.11,0,0.09,N,5,2024-04-24
27,70392,MORTGAGE,9.0,VENTURE,B,1500,11.013786929274843,0,0.02,N,9,2024-09-12
32,70400,MORTGAGE,3.0,PERSONAL,A,13000,7.88,0,0.18,N,9,2024-09-07
27,70400,MORTGAGE,6.0,PERSONAL,C,15000,11.013786929274843,0,0.21,Y,9,2024-05-20
27,43200,RENT,4.0,MEDICAL,B,4200,10.74,0,0.1,N,6,2024-01-23
32,64500,MORTGAGE,3.0,EDUCATION,C,19400,13.11,1,0.3,Y,10,2024-05-13
28,64500,MORTGAGE,1.0,VENTURE,C,4000,13.79,1,0.06,Y,8,2024-01-08
27,48000,RENT,4.0,DEBTCONSOLIDATION,B,4200,10.74,0,0.09,N,5,2024-11-23
32,52000,RENT,10.0,EDUCATION,A,4200,7.51,0,0.08,N,6,2024-12-28
32,52000,RENT,3.0,EDUCATION,C,4200,13.23,0,0.08,Y,10,2024-08-07
28,70834,MORTGAGE,4.0,PERSONAL,B,20000,12.21,0,0.28,N,9,2024-01-20
35,53000,RENT,2.0,HOMEIMPROVEMENT,B,4200,11.71,0,0.08,N,6,2024-05-11
28,70900,MORTGAGE,12.0,EDUCATION,D,25000,15.37,0,0.35,Y,6,2024-08-11
28,70920,MORTGAGE,12.0,PERSONAL,A,7600,6.03,0,0.11,N,9,2024-03-07
32,53500,RENT,1.0,PERSONAL,C,4200,13.98,0,0.08,Y,10,2024-02-28
29,54996,RENT,6.0,PERSONAL,E,4200,15.95,0,0.08,Y,10,2024-07-04
29,55044,RENT,6.0,HOMEIMPROVEMENT,C,4200,11.013786929274843,0,0.08,Y,9,2024-11-19
28,71000,MORTGAGE,4.0,PERSONAL,A,12000,8.49,0,0.17,N,9,2024-12-01
30,50650,RENT,5.0,PERSONAL,B,4200,9.91,1,0.08,N,7,2024-05-28
33,71000,MORTGAGE,4.0,MEDICAL,B,5300,11.49,0,0.07,N,7,2024-01-31
32,71000,MORTGAGE,10.0,HOMEIMPROVEMENT,A,14000,6.99,0,0.2,N,8,2024-07-22
31,60000,RENT,4.0,HOMEIMPROVEMENT,A,4200,8.49,0,0.07,N,10,2024-02-14
29,60000,RENT,6.0,MEDICAL,A,4200,8.63,0,0.07,N,10,2024-10-04
33,71000,MORTGAGE,10.0,HOMEIMPROVEMENT,A,10000,5.79,0,0.14,N,9,2024-05-17
33,71000,MORTGAGE,7.0,EDUCATION,C,8000,12.68,0,0.11,Y,10,2024-12-11
29,71000,MORTGAGE,4.0,HOMEIMPROVEMENT,C,11000,13.43,0,0.15,Y,6,2024-08-02
28,71000,MORTGAGE,1.0,PERSONAL,B,20000,11.013786929274843,0,0.28,N,8,2024-03-21
27,55512,RENT,11.0,MEDICAL,C,4200,14.26,1,0.08,Y,8,2024-09-01
35,61600,RENT,4.0,MEDICAL,A,4200,7.29,0,0.07,N,9,2024-04-06
32,65000,RENT,2.0,VENTURE,C,4200,14.79,0,0.06,N,10,2024-12-11
29,71000,OWN,13.0,MEDICAL,A,14000,7.14,0,0.2,N,5,2024-11-17
33,71000,MORTGAGE,11.0,PERSONAL,C,6000,14.72,0,0.08,Y,7,2024-12-27
29,71000,MORTGAGE,4.0,DEBTCONSOLIDATION,A,4000,7.14,0,0.06,N,9,2024-10-19
27,53550,RENT,3.0,MEDICAL,B,4200,11.99,1,0.07,N,8,2024-02-23
32,64000,RENT,1.0,EDUCATION,D,4200,11.013786929274843,1,0.07,Y,5,2024-11-22
27,71000,RENT,9.0,DEBTCONSOLIDATION,B,4200,11.013786929274843,0,0.06,N,5,2024-03-04
34,70000,RENT,1.0,EDUCATION,D,4200,14.61,1,0.06,N,6,2024-05-26
30,85000,RENT,5.0,MEDICAL,A,4200,5.99,0,0.05,N,6,2024-02-23
28,71000,MORTGAGE,1.0,VENTURE,B,9800,12.21,0,0.14,N,5,2024-04-26
27,93000,RENT,11.0,PERSONAL,A,4200,5.42,0,0.05,N,6,2024-08-16
28,71007,MORTGAGE,4.0,EDUCATION,F,25000,18.62,0,0.35,N,7,2024-03-19
27,71352,MORTGAGE,3.0,VENTURE,A,9000,6.54,0,0.13,N,6,2024-02-26
34,55000,RENT,5.0,EDUCATION,A,4050,11.013786929274843,0,0.07,N,9,2024-06-23
27,71500,MORTGAGE,2.0,EDUCATION,A,15000,11.013786929274843,0,0.21,N,8,2024-10-30
29,71500,MORTGAGE,3.0,DEBTCONSOLIDATION,B,6000,9.63,0,0.08,N,10,2024-12-02
28,71500,MORTGAGE,13.0,HOMEIMPROVEMENT,B,15000,11.49,0,0.21,N,7,2024-07-21
35,71500,MORTGAGE,1.0,HOMEIMPROVEMENT,B,19200,10.99,0,0.27,N,6,2024-12-22
27,71700,MORTGAGE,11.0,HOMEIMPROVEMENT,C,9000,13.8,0,0.13,N,5,2024-05-01
27,71738,MORTGAGE,4.0,EDUCATION,B,11500,9.63,0,0.16,N,9,2024-03-18
31,47000,RENT,5.0,EDUCATION,B,10000,11.99,0,0.21,N,8,2024-01-03
28,47200,RENT,3.0,PERSONAL,B,10000,9.99,0,0.21,N,8,2024-11-05
31,47500,RENT,2.0,MEDICAL,C,10000,15.96,0,0.21,N,10,2024-12-28
27,72000,MORTGAGE,9.0,PERSONAL,D,22000,17.58,0,0.31,Y,6,2024-07-31
31,66000,MORTGAGE,11.0,HOMEIMPROVEMENT,B,2400,9.91,1,0.04,N,5,2024-12-27
28,41500,RENT,4.0,DEBTCONSOLIDATION,C,10000,11.013786929274843,1,0.24,Y,6,2024-03-25
34,72000,OWN,2.0,MEDICAL,A,13150,6.03,0,0.18,N,10,2024-10-31
29,47800,RENT,4.0,DEBTCONSOLIDATION,A,10000,7.49,0,0.21,N,5,2024-10-16
34,72000,MORTGAGE,8.0,HOMEIMPROVEMENT,C,10000,13.49,0,0.14,Y,8,2024-01-25
31,42000,RENT,4.0,EDUCATION,B,10000,11.71,1,0.24,N,5,2024-09-18
27,72000,MORTGAGE,9.0,DEBTCONSOLIDATION,A,10000,7.9,0,0.14,N,7,2024-01-12
28,72000,MORTGAGE,12.0,MEDICAL,A,4500,6.62,0,0.06,N,8,2024-01-10
27,72000,MORTGAGE,2.0,MEDICAL,A,21100,8.9,0,0.29,N,8,2024-08-20
30,66000,MORTGAGE,2.0,HOMEIMPROVEMENT,B,12000,11.71,1,0.18,N,6,2024-01-29
29,48000,RENT,6.0,MEDICAL,C,10000,13.8,0,0.21,N,10,2024-11-19
34,72000,MORTGAGE,11.0,VENTURE,B,5800,11.013786929274843,0,0.08,N,9,2024-04-28
29,72000,MORTGAGE,3.0,MEDICAL,B,14000,10.65,0,0.19,N,7,2024-10-30
27,72000,MORTGAGE,6.0,MEDICAL,A,17000,6.03,0,0.24,N,6,2024-01-21
29,42000,RENT,2.0,HOMEIMPROVEMENT,D,10000,15.21,1,0.24,Y,7,2024-05-23
31,72000,MORTGAGE,15.0,MEDICAL,A,1900,7.51,0,0.03,N,6,2024-12-10
27,72000,MORTGAGE,11.0,EDUCATION,C,15000,11.013786929274843,0,0.21,N,5,2024-03-02
28,72000,MORTGAGE,3.0,EDUCATION,C,28000,15.96,0,0.39,N,10,2024-11-24
29,48000,RENT,13.0,PERSONAL,A,10000,7.51,0,0.21,N,7,2024-08-27
27,72000,MORTGAGE,7.0,MEDICAL,A,6500,6.03,0,0.09,N,5,2024-09-09
27,72000,OWN,2.0,MEDICAL,A,10000,6.62,0,0.14,N,9,2024-02-02
27,72000,MORTGAGE,4.0,PERSONAL,B,14000,12.42,0,0.19,N,10,2024-01-13
31,72000,MORTGAGE,6.0,HOMEIMPROVEMENT,A,9800,6.62,0,0.14,N,8,2024-06-27
35,72000,MORTGAGE,3.0,HOMEIMPROVEMENT,A,12800,6.62,0,0.18,N,5,2024-05-19
29,48000,RENT,4.0,MEDICAL,B,10000,10.62,0,0.21,N,10,2024-03-28
28,48000,RENT,8.0,PERSONAL,C,10000,13.48,0,0.21,Y,9,2024-04-16
27,72000,MORTGAGE,3.0,DEBTCONSOLIDATION,A,15000,5.42,0,0.21,N,5,2024-01-16
34,48000,RENT,14.0,PERSONAL,D,10000,15.7,0,0.21,Y,9,2024-02-04
30,48000,RENT,3.0,VENTURE,C,10000,12.87,0,0.21,Y,8,2024-04-01
30,48000,RENT,1.0,EDUCATION,B,10000,12.18,0,0.21,N,9,2024-05-27
30,72000,MORTGAGE,8.0,DEBTCONSOLIDATION,C,4800,13.49,0,0.07,Y,7,2024-02-27
29,72000,MORTGAGE,6.0,EDUCATION,A,10800,6.99,0,0.15,N,8,2024-01-28
30,72000,MORTGAGE,3.0,MEDICAL,A,14000,6.99,0,0.19,N,9,2024-02-29
27,72000,MORTGAGE,11.0,MEDICAL,C,9500,13.99,0,0.13,N,6,2024-09-15
31,72000,OWN,6.0,EDUCATION,A,16000,11.013786929274843,0,0.22,N,7,2024-09-10
27,72000,OWN,2.0,EDUCATION,B,12000,9.99,0,0.17,N,9,2024-09-07
30,72000,MORTGAGE,14.0,HOMEIMPROVEMENT,B,3000,9.99,0,0.04,N,9,2024-05-03
33,72000,MORTGAGE,6.0,DEBTCONSOLIDATION,A,4250,5.42,0,0.06,N,5,2024-02-09
27,72000,MORTGAGE,11.0,MEDICAL,B,6150,11.013786929274843,0,0.09,N,5,2024-11-06
29,72000,MORTGAGE,3.0,MEDICAL,B,12000,11.49,0,0.17,N,5,2024-06-30
29,72000,MORTGAGE,6.0,VENTURE,D,16800,15.62,0,0.23,N,9,2024-04-04
28,56100,MORTGAGE,12.0,MEDICAL,A,10000,8.49,1,0.15,N,8,2024-12-05
27,72000,MORTGAGE,1.0,DEBTCONSOLIDATION,B,10000,10.99,0,0.14,N,9,2024-07-15
27,72000,MORTGAGE,11.0,PERSONAL,B,7000,11.49,0,0.1,N,8,2024-08-15
31,72000,MORTGAGE,14.0,MEDICAL,A,7000,5.42,0,0.1,N,8,2024-05-30
30,66000,MORTGAGE,14.0,EDUCATION,C,11200,13.49,1,0.17,N,9,2024-04-05
30,72000,MORTGAGE,14.0,EDUCATION,C,9000,15.23,0,0.13,Y,10,2024-09-29
27,49800,RENT,3.0,PERSONAL,B,10000,10.74,0,0.2,N,7,2024-06-16
35,72000,MORTGAGE,4.0,MEDICAL,B,15000,10.59,0,0.21,N,6,2024-08-21
30,72000,MORTGAGE,4.0,VENTURE,B,6000,11.99,0,0.08,N,10,2024-04-04
30,72000,MORTGAGE,12.0,MEDICAL,B,10000,10.0,0,0.14,N,7,2024-08-27
29,72000,MORTGAGE,13.0,VENTURE,A,22100,7.29,0,0.31,N,5,2024-03-03
35,50000,RENT,4.0,EDUCATION,B,10000,9.91,0,0.2,N,7,2024-10-23
31,72000,MORTGAGE,7.0,VENTURE,A,5000,6.92,0,0.07,N,10,2024-02-13
32,66000,MORTGAGE,5.0,DEBTCONSOLIDATION,D,2000,15.28,1,0.03,N,7,2024-04-21
27,72000,MORTGAGE,6.0,EDUCATION,A,6000,5.42,0,0.08,N,10,2024-07-04
30,72000,MORTGAGE,7.0,EDUCATION,C,9600,14.17,0,0.13,N,5,2024-12-26
29,72000,MORTGAGE,13.0,MEDICAL,A,7400,5.42,0,0.1,N,8,2024-08-10
28,72000,MORTGAGE,5.0,HOMEIMPROVEMENT,A,12000,6.92,0,0.17,N,7,2024-06-18
27,44000,RENT,5.0,VENTURE,C,10000,15.27,1,0.23,Y,7,2024-01-08
28,72000,OWN,6.0,MEDICAL,B,25000,11.11,0,0.35,N,8,2024-06-16
31,50000,RENT,1.0,MEDICAL,B,10000,12.69,0,0.2,N,8,2024-03-07
33,50000,RENT,3.0,PERSONAL,B,10000,11.013786929274843,0,0.2,N,8,2024-12-29
27,72000,MORTGAGE,5.0,MEDICAL,A,11500,6.91,0,0.16,N,10,2024-03-20
27,72000,MORTGAGE,2.0,EDUCATION,B,2600,9.25,0,0.04,N,7,2024-07-21
29,72000,MORTGAGE,5.0,PERSONAL,A,10000,6.17,0,0.14,N,10,2024-05-07
28,50000,RENT,12.0,DEBTCONSOLIDATION,B,10000,10.74,0,0.2,N,8,2024-06-05
30,50000,RENT,6.0,MEDICAL,C,10000,11.013786929274843,0,0.2,N,5,2024-11-03
32,50000,RENT,6.0,DEBTCONSOLIDATION,B,10000,9.25,0,0.2,N,8,2024-06-18
28,72000,MORTGAGE,12.0,PERSONAL,E,16000,15.95,0,0.22,N,5,2024-05-08
27,72000,MORTGAGE,4.0,DEBTCONSOLIDATION,B,24000,11.013786929274843,0,0.33,N,9,2024-09-25
28,50000,RENT,5.0,PERSONAL,A,10000,7.88,0,0.2,N,7,2024-04-26
28,44000,RENT,2.0,MEDICAL,C,10000,13.48,1,0.23,N,8,2024-09-27
30,50000,RENT,3.0,PERSONAL,C,10000,13.22,0,0.2,N,7,2024-03-25
30,72000,MORTGAGE,5.0,MEDICAL,B,20000,10.38,0,0.28,N,5,2024-08-27
29,72000,MORTGAGE,7.0,MEDICAL,A,24000,7.88,0,0.33,N,9,2024-01-20
34,72000,MORTGAGE,10.0,HOMEIMPROVEMENT,A,4000,7.14,0,0.06,N,9,2024-09-26
30,72000,MORTGAGE,13.0,VENTURE,A,12000,7.88,0,0.17,N,8,2024-09-14
29,50000,RENT,2.0,DEBTCONSOLIDATION,B,10000,11.26,0,0.2,N,6,2024-01-29
31,44000,RENT,1.0,HOMEIMPROVEMENT,B,10000,10.71,1,0.23,N,9,2024-04-30
27,44004,RENT,4.0,DEBTCONSOLIDATION,D,10000,11.013786929274843,1,0.23,Y,10,2024-06-05
30,72000,MORTGAGE,3.0,MEDICAL,C,9000,14.22,0,0.13,Y,6,2024-05-31
29,44004,RENT,7.0,PERSONAL,D,10000,15.33,1,0.23,Y,8,2024-05-13
35,72000,MORTGAGE,2.0,DEBTCONSOLIDATION,A,10750,7.51,0,0.15,N,9,2024-02-04
28,72000,MORTGAGE,3.0,HOMEIMPROVEMENT,B,4000,10.99,0,0.06,N,6,2024-01-31
33,44784,RENT,2.0,EDUCATION,D,10000,11.013786929274843,1,0.22,N,6,2024-12-01
33,50800,RENT,16.0,EDUCATION,E,10000,16.4,0,0.2,Y,7,2024-03-16
32,50911,RENT,7.0,PERSONAL,C,10000,13.06,0,0.2,N,7,2024-02-19
27,72000,MORTGAGE,7.0,PERSONAL,B,4200,11.013786929274843,0,0.06,N,5,2024-11-01
28,51000,RENT,3.0,HOMEIMPROVEMENT,A,10000,6.92,0,0.2,N,8,2024-03-23
28,72000,MORTGAGE,13.0,PERSONAL,C,16000,14.26,0,0.22,N,9,2024-03-14
27,72000,OWN,10.0,VENTURE,A,10000,8.94,0,0.14,N,6,2024-10-24
29,72000,OWN,1.0,EDUCATION,C,10000,11.013786929274843,0,0.14,N,6,2024-04-25
28,72000,MORTGAGE,12.0,VENTURE,A,15000,8.94,0,0.21,N,9,2024-08-16
29,66000,MORTGAGE,4.0,DEBTCONSOLIDATION,E,8200,17.04,1,0.12,Y,7,2024-08-08
31,72000,MORTGAGE,15.0,VENTURE,D,12300,14.96,0,0.17,Y,5,2024-07-26
28,72000,MORTGAGE,1.0,EDUCATION,D,6000,15.37,0,0.08,Y,10,2024-06-17
32,51996,RENT,2.0,DEBTCONSOLIDATION,A,10000,5.79,0,0.19,N,9,2024-02-16
33,51996,RENT,4.0,DEBTCONSOLIDATION,A,10000,7.14,0,0.19,N,6,2024-06-20
30,72000,MORTGAGE,3.0,PERSONAL,B,12000,10.95,0,0.17,N,5,2024-10-29
28,72000,MORTGAGE,3.0,HOMEIMPROVEMENT,B,10000,10.95,0,0.14,N,7,2024-09-12
27,72000,MORTGAGE,11.0,EDUCATION,B,12500,11.89,0,0.17,N,8,2024-09-12
28,52000,RENT,2.0,PERSONAL,B,10000,12.69,0,0.19,N,7,2024-01-11
27,72000,MORTGAGE,8.0,VENTURE,C,15250,13.16,0,0.21,Y,5,2024-08-25
28,72000,MORTGAGE,9.0,PERSONAL,B,18000,11.89,0,0.25,N,10,2024-08-11
28,52000,RENT,12.0,VENTURE,A,10000,6.92,0,0.19,N,8,2024-08-04
29,52000,RENT,4.0,MEDICAL,C,10000,13.23,0,0.19,Y,9,2024-10-14
29,72000,MORTGAGE,9.0,HOMEIMPROVEMENT,A,1000,7.68,0,0.01,N,6,2024-05-13
28,72000,MORTGAGE,8.0,PERSONAL,D,7500,6.0,0,0.1,N,10,2024-02-03
31,52000,RENT,4.0,VENTURE,B,10000,11.83,0,0.19,N,7,2024-07-11
29,52000,RENT,9.0,PERSONAL,A,10000,8.0,0,0.19,N,8,2024-01-12
27,72000,OWN,4.0,EDUCATION,C,8000,11.09,0,0.11,Y,9,2024-02-04
33,53000,RENT,13.0,EDUCATION,C,10000,15.96,0,0.19,N,9,2024-02-17
29,72072,MORTGAGE,4.0,DEBTCONSOLIDATION,A,12000,8.49,0,0.17,N,8,2024-12-12
28,72087,MORTGAGE,10.0,PERSONAL,C,16000,11.013786929274843,0,0.22,N,6,2024-03-21
27,53000,RENT,7.0,EDUCATION,B,10000,10.25,0,0.19,N,5,2024-03-15
33,53000,RENT,2.0,EDUCATION,A,10000,8.94,0,0.19,N,9,2024-11-05
28,53000,RENT,2.0,MEDICAL,B,10000,11.89,0,0.19,N,6,2024-01-13
28,53376,RENT,5.0,PERSONAL,A,10000,5.42,0,0.19,N,5,2024-07-15
29,72396,MORTGAGE,9.0,PERSONAL,B,9000,10.59,0,0.12,N,9,2024-07-21
33,54000,RENT,13.0,VENTURE,A,10000,8.9,0,0.19,N,5,2024-09-17
31,72500,MORTGAGE,12.0,HOMEIMPROVEMENT,B,8875,11.99,0,0.12,N,7,2024-07-05
32,72500,MORTGAGE,4.0,HOMEIMPROVEMENT,A,4000,5.42,0,0.06,N,10,2024-12-14
27,56525,MORTGAGE,4.0,MEDICAL,D,12000,15.95,1,0.18,Y,7,2024-06-14
30,54000,RENT,8.0,HOMEIMPROVEMENT,A,10000,6.17,0,0.19,N,10,2024-07-23
29,72500,MORTGAGE,2.0,MEDICAL,C,7000,13.79,0,0.1,Y,8,2024-08-22
33,54000,RENT,15.0,DEBTCONSOLIDATION,B,10000,10.99,0,0.19,N,8,2024-11-16
29,54996,RENT,1.0,VENTURE,B,10000,9.99,0,0.18,N,10,2024-01-23
27,72800,MORTGAGE,7.0,HOMEIMPROVEMENT,B,7000,11.013786929274843,0,0.1,N,10,2024-07-15
28,48996,RENT,12.0,MEDICAL,B,10000,10.37,1,0.2,N,9,2024-06-09
31,54996,RENT,3.0,HOMEIMPROVEMENT,A,10000,7.74,0,0.18,N,9,2024-03-21
33,72890,MORTGAGE,1.0,MEDICAL,C,16400,13.79,0,0.22,Y,6,2024-03-23
27,72900,MORTGAGE,3.0,PERSONAL,D,10000,15.7,0,0.14,Y,9,2024-05-01
34,72960,MORTGAGE,1.0,MEDICAL,B,11000,12.21,0,0.15,N,8,2024-12-16
27,72996,MORTGAGE,12.0,EDUCATION,A,9200,6.03,0,0.13,N,8,2024-06-06
30,48996,RENT,1.0,HOMEIMPROVEMENT,E,10000,15.45,1,0.2,N,5,2024-10-15
28,73000,MORTGAGE,9.0,DEBTCONSOLIDATION,A,15600,6.03,0,0.21,N,9,2024-10-01
27,55000,RENT,11.0,EDUCATION,C,10000,14.27,0,0.18,N,7,2024-06-23
27,73000,MORTGAGE,11.0,DEBTCONSOLIDATION,A,13000,6.03,0,0.18,N,9,2024-12-17
31,73000,MORTGAGE,3.0,HOMEIMPROVEMENT,B,15000,11.013786929274843,0,0.21,N,8,2024-05-26
31,55000,RENT,2.0,MEDICAL,B,10000,12.42,0,0.18,N,7,2024-08-11
32,73000,MORTGAGE,7.0,PERSONAL,A,9600,7.9,0,0.13,N,7,2024-04-18
31,55000,RENT,3.0,DEBTCONSOLIDATION,B,10000,10.59,0,0.18,N,10,2024-08-11
32,55000,RENT,5.0,MEDICAL,A,10000,8.49,0,0.18,N,10,2024-03-24
34,73000,MORTGAGE,7.0,HOMEIMPROVEMENT,A,20675,11.013786929274843,0,0.28,N,7,2024-07-14
32,73000,MORTGAGE,5.0,HOMEIMPROVEMENT,D,6000,15.62,0,0.08,N,8,2024-10-27
32,73000,MORTGAGE,3.0,HOMEIMPROVEMENT,A,8500,7.29,0,0.12,N,10,2024-03-13
27,73000,MORTGAGE,11.0,PERSONAL,A,10000,5.79,0,0.14,N,8,2024-06-16
27,55000,RENT,3.0,HOMEIMPROVEMENT,B,10000,10.25,0,0.18,N,5,2024-02-12
29,73000,MORTGAGE,7.0,HOMEIMPROVEMENT,A,12000,7.29,0,0.16,N,10,2024-05-10
31,73000,MORTGAGE,3.0,VENTURE,C,12000,11.013786929274843,0,0.16,Y,8,2024-10-07
29,55000,RENT,2.0,DEBTCONSOLIDATION,B,10000,12.53,0,0.18,N,9,2024-12-17
32,55000,RENT,4.0,VENTURE,D,10000,14.42,0,0.18,Y,9,2024-09-10
28,55000,RENT,1.0,MEDICAL,A,10000,9.32,0,0.18,N,8,2024-04-01
27,73000,MORTGAGE,11.0,EDUCATION,A,17000,7.88,0,0.23,N,6,2024-08-21
28,73000,MORTGAGE,5.0,PERSONAL,C,12000,13.11,0,0.16,N,9,2024-09-21
28,73000,MORTGAGE,6.0,VENTURE,B,15000,11.83,0,0.21,N,9,2024-06-07
27,55812,RENT,3.0,DEBTCONSOLIDATION,A,10000,6.54,0,0.18,N,10,2024-05-31
35,56000,RENT,5.0,EDUCATION,B,10000,12.42,0,0.18,N,5,2024-12-25
31,73000,MORTGAGE,8.0,EDUCATION,A,6800,7.74,0,0.09,N,8,2024-02-11
33,56000,RENT,7.0,PERSONAL,B,10000,11.36,0,0.18,N,6,2024-10-06
33,56000,RENT,2.0,EDUCATION,A,10000,7.74,0,0.18,N,5,2024-03-17
28,73000,MORTGAGE,11.0,EDUCATION,B,15000,11.013786929274843,0,0.21,N,6,2024-07-27
27,56253,RENT,11.0,VENTURE,B,10000,11.36,0,0.18,N,8,2024-11-04
28,73008,MORTGAGE,2.0,EDUCATION,C,14000,12.73,0,0.19,Y,6,2024-10-22
28,73073,MORTGAGE,8.0,VENTURE,A,4200,5.79,0,0.06,N,7,2024-03-14
29,57000,RENT,5.0,EDUCATION,E,10000,18.64,0,0.18,Y,6,2024-05-10
27,73200,MORTGAGE,5.0,PERSONAL,B,18000,10.99,0,0.25,N,8,2024-10-19
27,73200,MORTGAGE,7.0,EDUCATION,C,15000,13.22,0,0.2,N,5,2024-05-20
32,73200,MORTGAGE,1.0,PERSONAL,B,7200,10.2,0,0.1,N,7,2024-07-20
27,73400,MORTGAGE,10.0,MEDICAL,A,2100,6.76,0,0.03,N,5,2024-07-11
34,57000,RENT,1.0,EDUCATION,B,10000,11.14,0,0.18,N,8,2024-08-04
28,73500,OWN,12.0,HOMEIMPROVEMENT,B,10000,9.88,0,0.14,N,10,2024-11-01
30,73524,MORTGAGE,2.0,EDUCATION,D,10000,14.74,0,0.14,N,8,2024-12-23
32,73527,MORTGAGE,11.0,EDUCATION,B,12000,12.42,0,0.16,N,7,2024-09-09
34,58000,RENT,11.0,PERSONAL,B,10000,10.65,0,0.17,N,9,2024-07-30
27,73580,MORTGAGE,3.0,EDUCATION,D,19950,14.96,0,0.27,N,7,2024-04-26
34,73600,MORTGAGE,10.0,HOMEIMPROVEMENT,B,15000,12.42,0,0.2,N,7,2024-07-11
29,58000,RENT,3.0,PERSONAL,A,10000,6.99,0,0.17,N,5,2024-10-23
32,58000,RENT,3.0,MEDICAL,B,10000,10.96,0,0.17,N,10,2024-04-06
28,58100,RENT,4.0,MEDICAL,B,10000,10.25,0,0.17,N,8,2024-05-01
27,57800,MORTGAGE,11.0,MEDICAL,D,16000,16.29,1,0.24,N,8,2024-08-27
35,74000,MORTGAGE,13.0,DEBTCONSOLIDATION,A,5000,7.9,0,0.07,N,5,2024-12-25
34,74000,MORTGAGE,10.0,EDUCATION,C,17000,14.27,0,0.23,Y,10,2024-02-04
27,59004,RENT,3.0,EDUCATION,D,10000,16.32,0,0.17,Y,6,2024-03-02
29,74000,MORTGAGE,4.0,DEBTCONSOLIDATION,B,12000,11.013786929274843,0,0.16,N,9,2024-03-18
27,74000,MORTGAGE,4.0,EDUCATION,D,12100,16.89,0,0.16,Y,9,2024-09-25
32,74000,MORTGAGE,1.0,HOMEIMPROVEMENT,A,1200,7.49,0,0.02,N,9,2024-01-12
28,74000,MORTGAGE,13.0,PERSONAL,B,7800,10.99,0,0.11,N,7,2024-02-27
29,54000,RENT,5.0,HOMEIMPROVEMENT,C,10000,13.49,1,0.19,Y,9,2024-01-06
32,74000,MORTGAGE,5.0,PERSONAL,B,15000,11.11,0,0.2,N,7,2024-07-28
30,74000,OWN,13.0,MEDICAL,B,10500,10.74,0,0.14,N,8,2024-01-29
28,60000,RENT,8.0,EDUCATION,A,10000,8.9,0,0.17,N,9,2024-09-20
33,74000,MORTGAGE,2.0,MEDICAL,A,20500,6.54,0,0.28,N,10,2024-09-16
29,74000,MORTGAGE,8.0,EDUCATION,B,25000,11.49,0,0.34,N,6,2024-05-18
32,68000,MORTGAGE,6.0,EDUCATION,C,1000,14.72,1,0.01,Y,9,2024-07-26
28,74000,MORTGAGE,6.0,EDUCATION,B,18000,10.75,0,0.24,N,5,2024-03-22
29,54000,RENT,12.0,PERSONAL,B,10000,11.71,1,0.19,N,7,2024-04-22
32,74000,OWN,3.0,PERSONAL,B,5000,10.62,0,0.07,N,10,2024-09-18
30,74000,MORTGAGE,14.0,VENTURE,C,14000,13.92,0,0.19,Y,10,2024-04-10
30,60000,RENT,2.0,PERSONAL,A,10000,7.49,0,0.17,N,7,2024-09-07
28,54000,RENT,2.0,EDUCATION,D,10000,16.49,1,0.19,Y,7,2024-01-14
35,74000,MORTGAGE,9.0,EDUCATION,A,8200,8.0,0,0.11,N,5,2024-07-15
28,74000,OWN,12.0,VENTURE,D,5450,12.67,0,0.07,Y,6,2024-01-01
34,74004,OWN,6.0,VENTURE,A,7200,6.62,0,0.1,N,7,2024-03-04
35,60000,RENT,7.0,PERSONAL,B,10000,11.11,0,0.17,N,9,2024-05-09
29,74004,MORTGAGE,2.0,DEBTCONSOLIDATION,B,10000,11.86,0,0.14,N,8,2024-06-04
29,74004,MORTGAGE,13.0,PERSONAL,B,13000,11.26,0,0.18,N,6,2024-05-05
28,54000,RENT,11.0,DEBTCONSOLIDATION,D,10000,16.02,1,0.19,Y,8,2024-05-31
33,60000,RENT,5.0,EDUCATION,A,10000,5.79,0,0.17,N,5,2024-09-25
34,60000,RENT,1.0,EDUCATION,B,10000,9.62,0,0.17,N,9,2024-08-05
28,60000,RENT,4.0,EDUCATION,A,10000,6.54,0,0.17,N,6,2024-12-31
34,74256,MORTGAGE,1.0,HOMEIMPROVEMENT,B,11000,9.25,0,0.15,N,9,2024-05-24
32,74280,MORTGAGE,4.0,DEBTCONSOLIDATION,B,6400,11.013786929274843,0,0.09,N,10,2024-08-09
32,74346,MORTGAGE,16.0,MEDICAL,A,7000,7.9,0,0.09,N,9,2024-04-15
29,74360,OWN,7.0,MEDICAL,A,8725,5.99,0,0.12,N,7,2024-07-25
28,74400,MORTGAGE,7.0,MEDICAL,B,12000,11.013786929274843,0,0.16,N,6,2024-02-20
29,60000,RENT,5.0,MEDICAL,A,10000,7.88,0,0.17,N,8,2024-01-27
27,54000,RENT,4.0,DEBTCONSOLIDATION,D,10000,15.95,1,0.19,N,9,2024-07-17
30,74400,OWN,8.0,VENTURE,A,7500,11.013786929274843,0,0.1,N,7,2024-11-11
31,74400,MORTGAGE,11.0,VENTURE,A,13000,7.88,0,0.17,N,10,2024-12-14
27,68400,MORTGAGE,8.0,DEBTCONSOLIDATION,C,8000,14.26,1,0.12,N,7,2024-03-30
32,60000,RENT,4.0,VENTURE,A,10000,7.51,0,0.17,N,9,2024-02-11
28,74600,OWN,12.0,PERSONAL,C,9500,10.78,0,0.13,N,9,2024-05-20
31,74628,MORTGAGE,12.0,DEBTCONSOLIDATION,C,15000,12.99,0,0.2,N,5,2024-06-12
34,74700,OWN,10.0,MEDICAL,B,14000,9.91,0,0.19,N,5,2024-02-24
29,60000,RENT,4.0,DEBTCONSOLIDATION,A,10000,8.59,0,0.17,N,5,2024-02-21
28,74778,MORTGAGE,13.0,PERSONAL,C,6000,13.98,0,0.08,N,9,2024-09-08
34,60000,RENT,14.0,HOMEIMPROVEMENT,C,10000,13.57,0,0.17,N,6,2024-03-29
27,74800,MORTGAGE,1.0,MEDICAL,B,21000,10.59,0,0.28,N,7,2024-09-16
27,60000,RENT,1.0,PERSONAL,C,10000,13.22,0,0.17,N,7,2024-06-20
28,68900,MORTGAGE,1.0,PERSONAL,E,18000,17.39,1,0.26,N,7,2024-03-24
28,75000,OWN,11.0,EDUCATION,B,12000,12.69,0,0.16,N,5,2024-03-31
29,60000,RENT,11.0,EDUCATION,C,10000,11.97,0,0.17,N,5,2024-11-24
27,60132,RENT,11.0,VENTURE,B,10000,10.62,0,0.17,N,6,2024-05-27
29,75000,OWN,1.0,VENTURE,B,18000,12.42,0,0.24,N,9,2024-11-27
33,60626,RENT,3.0,VENTURE,B,10000,10.74,0,0.16,N,6,2024-09-12
30,75000,OWN,14.0,VENTURE,C,10000,14.27,0,0.13,Y,6,2024-09-01
29,61000,RENT,12.0,VENTURE,D,10000,16.07,0,0.16,N,9,2024-11-09
28,75000,MORTGAGE,3.0,HOMEIMPROVEMENT,A,15000,8.9,0,0.2,N,9,2024-02-02
35,75000,OWN,9.0,VENTURE,A,7600,11.013786929274843,0,0.1,N,7,2024-09-27
27,43200,RENT,9.0,MEDICAL,C,4000,13.48,0,0.09,N,7,2024-03-09
34,44000,RENT,2.0,VENTURE,B,4000,10.36,0,0.09,N,9,2024-07-09
32,75000,MORTGAGE,12.0,HOMEIMPROVEMENT,B,12000,10.65,0,0.16,N,5,2024-11-18
29,75000,OWN,5.0,VENTURE,B,6000,12.69,0,0.08,N,7,2024-08-12
28,75000,MORTGAGE,5.0,MEDICAL,A,16800,6.03,0,0.22,N,8,2024-03-28
35,75000,MORTGAGE,5.0,DEBTCONSOLIDATION,C,4000,14.27,0,0.05,Y,5,2024-05-31
27,75000,MORTGAGE,6.0,PERSONAL,A,3500,6.03,0,0.05,N,10,2024-06-30
28,75000,MORTGAGE,2.0,PERSONAL,C,15000,14.65,0,0.2,Y,7,2024-11-08
32,75000,MORTGAGE,14.0,PERSONAL,C,5600,15.96,0,0.07,Y,9,2024-02-25
28,69000,MORTGAGE,4.0,EDUCATION,D,30000,11.013786929274843,1,0.43,Y,9,2024-05-06
27,75000,MORTGAGE,4.0,DEBTCONSOLIDATION,B,6625,11.013786929274843,0,0.09,N,10,2024-02-15
30,75000,MORTGAGE,3.0,VENTURE,A,18750,7.9,0,0.25,N,6,2024-01-31
31,75000,MORTGAGE,8.0,EDUCATION,D,16500,16.77,0,0.22,Y,8,2024-04-15
29,45204,RENT,8.0,MEDICAL,B,4000,11.48,0,0.09,N,7,2024-05-16
35,75000,MORTGAGE,2.0,PERSONAL,C,20000,13.49,0,0.27,Y,5,2024-02-09
32,75000,MORTGAGE,8.0,MEDICAL,A,14000,6.03,0,0.19,N,10,2024-01-18
27,45468,RENT,2.0,VENTURE,C,4000,13.99,0,0.09,Y,5,2024-04-09
33,75000,MORTGAGE,6.0,MEDICAL,A,6000,7.51,0,0.08,N,8,2024-09-27
32,75000,MORTGAGE,4.0,HOMEIMPROVEMENT,B,12000,11.71,0,0.16,N,6,2024-08-07
31,62004,RENT,1.0,VENTURE,C,10000,12.84,0,0.16,N,5,2024-06-07
34,75000,MORTGAGE,3.0,MEDICAL,A,3000,7.9,0,0.04,N,5,2024-11-17
31,69000,MORTGAGE,15.0,EDUCATION,A,4050,7.51,1,0.06,N,7,2024-09-04
35,69000,MORTGAGE,2.0,VENTURE,D,25500,17.27,1,0.37,N,5,2024-03-27
29,63000,RENT,13.0,MEDICAL,A,10000,7.49,0,0.16,N,8,2024-01-03
29,63000,RENT,5.0,PERSONAL,D,10000,15.33,0,0.16,N,9,2024-11-01
33,75000,MORTGAGE,13.0,MEDICAL,B,25000,10.65,0,0.33,N,7,2024-06-13
32,64000,RENT,1.0,EDUCATION,B,10000,12.69,0,0.16,N,10,2024-08-08
29,75000,MORTGAGE,2.0,MEDICAL,C,8000,12.99,0,0.11,N,10,2024-11-24
29,75000,MORTGAGE,8.0,MEDICAL,A,4200,5.42,0,0.06,N,9,2024-11-12
30,64000,RENT,4.0,DEBTCONSOLIDATION,B,10000,11.99,0,0.16,N,6,2024-02-24
28,64000,RENT,1.0,HOMEIMPROVEMENT,C,10000,11.66,0,0.16,Y,8,2024-03-01
28,64125,RENT,2.0,DEBTCONSOLIDATION,B,10000,10.65,0,0.16,N,7,2024-12-09
31,75000,MORTGAGE,4.0,MEDICAL,B,13800,11.013786929274843,0,0.18,N,9,2024-04-15
29,75000,MORTGAGE,6.0,MEDICAL,A,8000,5.42,0,0.11,N,5,2024-05-27
31,75000,MORTGAGE,6.0,VENTURE,A,3000,8.49,0,0.04,N,5,2024-03-13
29,64500,RENT,5.0,MEDICAL,A,10000,8.94,0,0.16,N,7,2024-11-20
29,75000,MORTGAGE,2.0,PERSONAL,A,9000,11.013786929274843,0,0.12,N,6,2024-10-11
32,75000,MORTGAGE,6.0,PERSONAL,B,5000,11.49,0,0.07,N,8,2024-09-15
28,64600,RENT,3.0,PERSONAL,C,10000,13.48,0,0.15,Y,7,2024-12-06
33,75000,MORTGAGE,6.0,DEBTCONSOLIDATION,B,10000,10.99,0,0.13,N,10,2024-11-15
32,75000,MORTGAGE,5.0,VENTURE,C,16000,13.49,0,0.21,N,8,2024-10-01
31,64900,RENT,2.0,MEDICAL,A,10000,7.66,0,0.15,N,5,2024-09-28
30,75000,MORTGAGE,11.0,PERSONAL,B,5000,11.013786929274843,0,0.07,N,10,2024-02-15
35,59000,RENT,5.0,PERSONAL,C,10000,13.49,1,0.17,Y,10,2024-04-11
30,65000,RENT,3.0,EDUCATION,C,10000,14.27,0,0.15,Y,7,2024-12-26
33,65000,RENT,4.0,MEDICAL,B,10000,11.99,0,0.15,N,9,2024-12-21
27,75000,OWN,11.0,PERSONAL,D,16000,16.89,0,0.21,Y,5,2024-07-12
29,75000,MORTGAGE,9.0,PERSONAL,B,8000,11.99,0,0.11,N,5,2024-04-02
31,75000,MORTGAGE,5.0,HOMEIMPROVEMENT,C,2500,12.99,0,0.03,Y,5,2024-03-06
30,65000,RENT,3.0,PERSONAL,C,10000,12.73,0,0.15,Y,6,2024-03-06
27,58650,MORTGAGE,11.0,MEDICAL,A,4000,5.42,1,0.06,N,6,2024-12-13
28,65000,RENT,12.0,VENTURE,D,10000,14.96,0,0.15,Y,6,2024-05-15
28,65004,RENT,12.0,PERSONAL,A,10000,7.88,0,0.15,N,6,2024-11-19
27,66000,RENT,6.0,VENTURE,A,10000,7.9,0,0.15,N,7,2024-08-16
35,75000,MORTGAGE,9.0,EDUCATION,A,10000,7.29,0,0.13,N,9,2024-04-24
29,66000,RENT,4.0,VENTURE,A,10000,7.9,0,0.15,N,6,2024-05-09
28,66000,RENT,9.0,VENTURE,A,10000,7.9,0,0.15,N,9,2024-08-29
32,66000,RENT,4.0,MEDICAL,B,10000,11.71,0,0.15,N,9,2024-12-23
33,66500,RENT,13.0,VENTURE,B,10000,10.95,0,0.15,N,6,2024-09-01
35,75000,MORTGAGE,1.0,DEBTCONSOLIDATION,A,9000,5.79,0,0.12,N,9,2024-02-06
31,75000,MORTGAGE,2.0,EDUCATION,A,12000,7.29,0,0.16,N,10,2024-03-31
29,75000,MORTGAGE,3.0,EDUCATION,B,16950,10.37,0,0.23,N,10,2024-09-12
27,75000,MORTGAGE,11.0,HOMEIMPROVEMENT,A,10000,11.013786929274843,0,0.13,N,7,2024-06-15
30,67202,RENT,4.0,DEBTCONSOLIDATION,A,10000,11.013786929274843,0,0.15,N,7,2024-04-17
35,67500,RENT,3.0,MEDICAL,B,10000,10.65,0,0.15,N,7,2024-09-22
28,58650,MORTGAGE,5.0,MEDICAL,D,20000,14.91,1,0.29,Y,10,2024-02-23
29,68000,RENT,2.0,PERSONAL,C,10000,14.27,0,0.15,N,8,2024-08-21
32,62000,RENT,8.0,VENTURE,D,10000,17.27,1,0.16,Y,7,2024-11-11
29,68000,RENT,1.0,MEDICAL,B,10000,10.65,0,0.15,N,5,2024-01-24
34,75000,MORTGAGE,6.0,VENTURE,A,8000,5.42,0,0.11,N,10,2024-07-24
30,68000,RENT,7.0,PERSONAL,B,10000,10.75,0,0.15,N,7,2024-08-10
34,75000,MORTGAGE,14.0,MEDICAL,B,10000,11.11,0,0.13,N,10,2024-07-10
28,68496,RENT,8.0,PERSONAL,B,10000,11.013786929274843,0,0.15,N,5,2024-07-13
29,68500,RENT,4.0,VENTURE,B,10000,12.53,0,0.15,N,7,2024-07-24
30,68580,RENT,3.0,VENTURE,A,10000,7.88,0,0.15,N,10,2024-07-17
29,75000,MORTGAGE,11.0,MEDICAL,A,10000,5.42,0,0.13,N,9,2024-12-31
34,69204,RENT,4.0,PERSONAL,B,10000,12.18,0,0.14,N,6,2024-02-04
33,75000,MORTGAGE,6.0,PERSONAL,A,12000,5.42,0,0.16,N,10,2024-10-08
27,70000,RENT,11.0,MEDICAL,B,10000,10.65,0,0.14,N,10,2024-06-21
29,75000,MORTGAGE,7.0,EDUCATION,A,6125,11.013786929274843,0,0.08,N,8,2024-04-13
28,69000,MORTGAGE,9.0,EDUCATION,A,15000,6.54,1,0.22,N,5,2024-08-24
33,75000,OWN,5.0,HOMEIMPROVEMENT,A,17000,6.54,0,0.23,N,5,2024-04-08
29,70000,RENT,1.0,HOMEIMPROVEMENT,A,10000,11.013786929274843,0,0.14,N,8,2024-12-24
35,70000,RENT,1.0,HOMEIMPROVEMENT,C,10000,13.98,0,0.14,N,7,2024-09-10
27,75000,MORTGAGE,6.0,MEDICAL,A,10000,5.79,0,0.13,N,7,2024-06-06
32,75000,MORTGAGE,16.0,EDUCATION,C,5000,12.61,0,0.07,Y,10,2024-05-20
35,70000,RENT,4.0,VENTURE,E,10000,16.45,0,0.14,Y,10,2024-05-01
28,70000,RENT,2.0,MEDICAL,C,10000,13.48,0,0.14,Y,9,2024-02-09
28,75000,MORTGAGE,12.0,HOMEIMPROVEMENT,A,16000,6.17,0,0.21,N,6,2024-01-04
27,70000,RENT,2.0,EDUCATION,B,10000,10.99,0,0.14,N,6,2024-11-06
35,70360,RENT,8.0,EDUCATION,A,10000,6.62,0,0.14,N,5,2024-11-09
30,75000,MORTGAGE,12.0,PERSONAL,A,8000,7.14,0,0.11,N,9,2024-01-31
32,75000,MORTGAGE,3.0,VENTURE,B,10000,10.38,0,0.13,N,10,2024-11-21
29,75000,MORTGAGE,3.0,PERSONAL,B,4000,10.75,0,0.05,N,9,2024-03-28
27,71020,RENT,1.0,MEDICAL,C,10000,12.53,0,0.14,N,6,2024-10-09
33,75000,MORTGAGE,2.0,MEDICAL,A,10000,7.88,0,0.13,N,9,2024-09-15
30,75000,MORTGAGE,11.0,MEDICAL,A,15000,7.88,0,0.2,N,9,2024-04-26
29,58650,MORTGAGE,5.0,MEDICAL,E,3000,17.19,1,0.04,N,6,2024-11-12
29,71500,RENT,2.0,MEDICAL,C,10000,13.57,0,0.14,N,6,2024-02-05
29,75000,OWN,3.0,HOMEIMPROVEMENT,A,12000,7.51,0,0.16,N,5,2024-09-20
33,75000,MORTGAGE,17.0,MEDICAL,C,12000,11.013786929274843,0,0.16,Y,8,2024-11-29
31,75000,MORTGAGE,3.0,EDUCATION,B,12000,10.38,0,0.16,N,10,2024-11-22
30,75000,MORTGAGE,2.0,HOMEIMPROVEMENT,C,21000,14.35,0,0.28,Y,5,2024-08-14
30,66000,RENT,5.0,EDUCATION,D,10000,14.83,1,0.15,Y,9,2024-06-28
30,72000,RENT,1.0,DEBTCONSOLIDATION,B,10000,9.99,0,0.14,N,7,2024-04-09
34,72000,RENT,2.0,HOMEIMPROVEMENT,A,10000,7.51,0,0.14,N,7,2024-07-15
28,75000,MORTGAGE,6.0,HOMEIMPROVEMENT,A,10500,11.013786929274843,0,0.14,N,9,2024-10-30
27,75000,MORTGAGE,3.0,VENTURE,B,4000,11.49,0,0.05,N,7,2024-01-13
34,75000,MORTGAGE,6.0,DEBTCONSOLIDATION,A,6000,7.51,0,0.08,N,7,2024-10-31
28,66000,RENT,12.0,DEBTCONSOLIDATION,D,10000,15.7,1,0.15,N,5,2024-03-25
27,75000,OWN,3.0,HOMEIMPROVEMENT,C,25000,13.85,0,0.33,N,10,2024-12-06
29,75000,MORTGAGE,11.0,HOMEIMPROVEMENT,B,4200,10.99,0,0.06,N,6,2024-12-16
28,69000,MORTGAGE,5.0,DEBTCONSOLIDATION,F,25000,19.41,1,0.36,Y,5,2024-12-07
32,73000,RENT,4.0,DEBTCONSOLIDATION,A,10000,8.59,0,0.14,N,8,2024-08-15
32,75000,MORTGAGE,10.0,VENTURE,E,20000,16.45,0,0.27,Y,8,2024-06-13
28,75000,MORTGAGE,9.0,DEBTCONSOLIDATION,B,9600,10.62,0,0.13,N,7,2024-09-21
28,74000,RENT,12.0,HOMEIMPROVEMENT,B,10000,11.71,0,0.14,N,8,2024-08-25
33,74000,RENT,3.0,HOMEIMPROVEMENT,A,10000,11.013786929274843,0,0.14,N,8,2024-04-25
33,74520,RENT,4.0,HOMEIMPROVEMENT,D,10000,16.89,0,0.13,N,10,2024-09-30
27,75000,MORTGAGE,4.0,PERSONAL,B,20150,11.36,0,0.27,N,6,2024-05-27
33,75000,RENT,4.0,HOMEIMPROVEMENT,A,10000,11.013786929274843,0,0.13,N,6,2024-03-14
28,75000,RENT,6.0,VENTURE,A,10000,7.9,0,0.13,N,5,2024-06-02
35,75000,OWN,2.0,MEDICAL,B,25000,10.99,0,0.33,N,7,2024-08-13
27,75000,MORTGAGE,5.0,HOMEIMPROVEMENT,E,8500,17.19,0,0.11,N,5,2024-04-03
29,75000,MORTGAGE,4.0,DEBTCONSOLIDATION,C,14400,13.92,0,0.19,N,9,2024-06-11
32,75000,MORTGAGE,10.0,PERSONAL,C,22000,13.92,0,0.29,N,10,2024-09-22
32,75000,RENT,3.0,HOMEIMPROVEMENT,A,10000,7.29,0,0.13,N,10,2024-07-23
32,75000,MORTGAGE,2.0,EDUCATION,D,2000,15.65,0,0.03,Y,10,2024-07-09
30,75000,RENT,2.0,HOMEIMPROVEMENT,A,10000,7.29,0,0.13,N,9,2024-04-11
27,75000,RENT,9.0,EDUCATION,B,10000,9.63,0,0.13,N,9,2024-02-19
34,75000,RENT,2.0,PERSONAL,B,10000,10.0,0,0.13,N,8,2024-05-18
34,58650,MORTGAGE,7.0,MEDICAL,G,12000,20.17,1,0.17,Y,10,2024-05-20
32,75000,MORTGAGE,5.0,PERSONAL,C,15000,13.57,0,0.2,N,6,2024-02-16
31,75000,MORTGAGE,8.0,VENTURE,B,15600,11.83,0,0.21,N,5,2024-10-05
30,75000,MORTGAGE,4.0,VENTURE,B,15000,11.48,0,0.2,N,7,2024-02-03
28,75000,MORTGAGE,2.0,MEDICAL,B,20000,12.18,0,0.27,N,5,2024-09-12
28,75000,MORTGAGE,3.0,HOMEIMPROVEMENT,B,6000,11.48,0,0.08,N,8,2024-12-02
27,75000,MORTGAGE,1.0,PERSONAL,C,18000,13.57,0,0.24,Y,9,2024-05-11
31,75000,RENT,1.0,MEDICAL,C,10000,13.47,0,0.13,Y,6,2024-07-23
28,75000,MORTGAGE,10.0,MEDICAL,A,9800,11.013786929274843,0,0.13,N,7,2024-11-21
29,75000,MORTGAGE,9.0,DEBTCONSOLIDATION,B,10000,11.48,0,0.13,N,10,2024-10-17
28,77250,RENT,1.0,PERSONAL,B,10000,9.2,0,0.13,N,7,2024-12-17
31,60775,RENT,4.0,MEDICAL,D,10000,16.49,1,0.14,Y,6,2024-06-20
31,75000,MORTGAGE,3.0,VENTURE,F,8000,18.21,0,0.11,Y,7,2024-12-31
34,75000,MORTGAGE,2.0,DEBTCONSOLIDATION,C,8400,11.013786929274843,0,0.11,Y,8,2024-08-18
29,75000,MORTGAGE,1.0,MEDICAL,A,12000,9.63,0,0.16,N,6,2024-01-04
31,78504,RENT,2.0,EDUCATION,C,10000,11.41,0,0.13,Y,8,2024-03-03
35,79000,RENT,7.0,MEDICAL,A,10000,7.51,0,0.13,N,8,2024-09-25
33,75000,MORTGAGE,13.0,VENTURE,D,4000,14.11,0,0.05,N,7,2024-03-09
28,75000,MORTGAGE,5.0,VENTURE,B,10000,12.21,0,0.13,N,5,2024-06-03
28,79200,RENT,6.0,MEDICAL,A,10000,7.66,0,0.13,N,10,2024-01-30
29,80000,RENT,3.0,EDUCATION,D,10000,17.27,0,0.13,N,8,2024-11-17
30,69000,MORTGAGE,3.0,HOMEIMPROVEMENT,C,8500,11.013786929274843,1,0.12,N,5,2024-05-29
34,80000,RENT,6.0,DEBTCONSOLIDATION,B,10000,9.91,0,0.13,N,7,2024-08-07
28,75000,OTHER,4.0,VENTURE,D,7200,15.05,0,0.1,Y,6,2024-07-20
31,80000,RENT,6.0,PERSONAL,A,10000,11.013786929274843,0,0.13,N,9,2024-08-19
27,75000,OWN,11.0,HOMEIMPROVEMENT,C,6000,13.47,0,0.08,N,7,2024-05-22
27,75000,MORTGAGE,2.0,VENTURE,B,8000,10.95,0,0.11,N,7,2024-11-07
33,75000,MORTGAGE,3.0,HOMEIMPROVEMENT,B,15000,12.21,0,0.2,N,10,2024-06-18
34,75000,MORTGAGE,7.0,DEBTCONSOLIDATION,A,6500,9.38,0,0.09,N,7,2024-09-22
31,80000,RENT,3.0,VENTURE,A,10000,7.66,0,0.13,N,7,2024-11-23
27,75000,MORTGAGE,1.0,HOMEIMPROVEMENT,B,3900,10.51,0,0.05,N,8,2024-08-22
27,58650,MORTGAGE,5.0,MEDICAL,E,7500,15.07,1,0.11,Y,9,2024-06-29
28,75000,MORTGAGE,12.0,VENTURE,C,15250,11.34,0,0.2,N,5,2024-09-15
33,75000,OWN,17.0,PERSONAL,A,6000,7.68,0,0.08,N,7,2024-01-13
27,75000,MORTGAGE,11.0,EDUCATION,E,21000,15.2,0,0.28,N,8,2024-08-01
29,69000,MORTGAGE,2.0,HOMEIMPROVEMENT,D,25000,12.8,1,0.36,Y,5,2024-12-15
27,80004,RENT,11.0,PERSONAL,D,10000,15.2,0,0.12,N,7,2024-11-09
35,75000,MORTGAGE,5.0,PERSONAL,B,5000,8.7,0,0.07,N,9,2024-02-24
35,80004,RENT,5.0,EDUCATION,A,10000,7.51,0,0.12,N,10,2024-02-21
30,81004,RENT,3.0,VENTURE,A,10000,6.91,0,0.12,N,9,2024-09-23
27,75288,MORTGAGE,12.0,MEDICAL,B,18050,10.0,0,0.24,N,10,2024-02-26
32,75333,MORTGAGE,1.0,EDUCATION,B,15000,11.58,0,0.2,N,5,2024-04-03
27,75400,MORTGAGE,3.0,MEDICAL,A,6000,7.74,0,0.08,N,9,2024-07-26
27,75500,MORTGAGE,8.0,EDUCATION,A,9000,7.9,0,0.12,N,5,2024-07-22
28,75500,MORTGAGE,12.0,EDUCATION,D,3500,14.91,0,0.05,N,9,2024-11-27
35,75573,MORTGAGE,9.0,HOMEIMPROVEMENT,B,22000,9.88,0,0.29,N,8,2024-12-31
29,83000,RENT,13.0,EDUCATION,B,10000,11.99,0,0.12,N,6,2024-01-06
27,75600,MORTGAGE,4.0,PERSONAL,C,25000,13.61,0,0.33,N,6,2024-12-25
28,83004,RENT,3.0,DEBTCONSOLIDATION,B,10000,11.86,0,0.12,N,10,2024-08-13
28,65984,RENT,12.0,MEDICAL,D,10000,15.33,1,0.13,N,5,2024-08-27
30,75689,MORTGAGE,13.0,HOMEIMPROVEMENT,C,10000,13.48,0,0.13,N,8,2024-10-05
33,75693,MORTGAGE,5.0,EDUCATION,B,22000,10.25,0,0.29,N,10,2024-09-30
27,77976,RENT,2.0,VENTURE,C,10000,13.85,1,0.13,Y,5,2024-07-29
29,59354,MORTGAGE,5.0,MEDICAL,D,9600,13.67,1,0.14,Y,10,2024-10-26
33,78000,RENT,7.0,HOMEIMPROVEMENT,C,10000,13.06,1,0.13,Y,9,2024-08-30
30,59497,MORTGAGE,4.0,MEDICAL,D,17000,16.89,1,0.24,N,8,2024-01-22
29,75996,OWN,3.0,VENTURE,B,8000,10.74,0,0.11,N,10,2024-09-20
32,84456,RENT,5.0,DEBTCONSOLIDATION,B,10000,9.88,0,0.12,N,10,2024-05-04
33,84996,RENT,17.0,EDUCATION,A,10000,8.0,0,0.12,N,10,2024-08-30
27,84996,RENT,12.0,PERSONAL,B,10000,10.51,0,0.12,N,7,2024-12-28
29,76000,OWN,13.0,MEDICAL,D,28000,16.77,0,0.37,N,10,2024-04-08
30,85000,RENT,4.0,HOMEIMPROVEMENT,A,10000,6.62,0,0.12,N,9,2024-10-27
27,76000,MORTGAGE,7.0,EDUCATION,B,6400,10.65,0,0.08,N,7,2024-12-17
28,70000,MORTGAGE,12.0,DEBTCONSOLIDATION,A,9000,5.42,1,0.13,N,7,2024-10-09
34,85000,RENT,3.0,HOMEIMPROVEMENT,C,10000,12.87,0,0.12,N,7,2024-12-30
27,76000,MORTGAGE,11.0,DEBTCONSOLIDATION,A,12000,11.013786929274843,0,0.16,N,6,2024-03-15
35,76000,MORTGAGE,6.0,PERSONAL,A,10000,5.42,0,0.13,N,10,2024-05-07
30,76000,MORTGAGE,5.0,HOMEIMPROVEMENT,A,6250,7.88,0,0.08,N,10,2024-04-30
27,76000,MORTGAGE,2.0,DEBTCONSOLIDATION,B,10000,10.99,0,0.13,N,9,2024-02-28
29,88000,RENT,7.0,HOMEIMPROVEMENT,A,10000,7.51,0,0.11,N,5,2024-09-18
27,88000,RENT,4.0,VENTURE,A,10000,7.51,0,0.11,N,7,2024-12-03
31,89000,RENT,1.0,VENTURE,B,10000,10.99,0,0.11,N,9,2024-09-11
27,89904,RENT,1.0,EDUCATION,B,10000,10.0,0,0.11,N,5,2024-05-08
34,70000,MORTGAGE,7.0,DEBTCONSOLIDATION,B,17000,11.14,1,0.24,N,8,2024-10-04
31,78000,RENT,15.0,EDUCATION,C,10000,14.27,1,0.13,N,10,2024-01-05
27,90000,RENT,7.0,VENTURE,C,10000,14.27,0,0.11,Y,8,2024-02-19
30,76080,MORTGAGE,8.0,HOMEIMPROVEMENT,B,12000,11.14,0,0.16,N,5,2024-08-30
29,76176,MORTGAGE,12.0,MEDICAL,A,4800,6.99,0,0.06,N,7,2024-02-19
30,76200,MORTGAGE,3.0,HOMEIMPROVEMENT,A,3200,8.49,0,0.04,N,7,2024-08-28
29,76200,MORTGAGE,13.0,EDUCATION,A,20000,6.91,0,0.26,N,7,2024-10-16
33,76248,MORTGAGE,17.0,MEDICAL,A,10400,7.66,0,0.14,N,5,2024-10-06
27,90000,RENT,4.0,HOMEIMPROVEMENT,A,10000,7.49,0,0.11,N,10,2024-06-09
30,90000,RENT,14.0,PERSONAL,D,10000,15.62,0,0.11,Y,6,2024-08-14
30,76404,MORTGAGE,14.0,MEDICAL,A,12000,6.54,0,0.16,N,5,2024-03-14
27,90000,RENT,3.0,DEBTCONSOLIDATION,A,10000,7.66,0,0.11,N,7,2024-05-14
28,76500,MORTGAGE,12.0,MEDICAL,B,10000,12.42,0,0.13,N,7,2024-12-15
29,76500,MORTGAGE,13.0,EDUCATION,A,13475,8.94,0,0.18,N,9,2024-08-30
32,90000,RENT,2.0,DEBTCONSOLIDATION,B,10000,11.12,0,0.11,N,8,2024-03-25
29,76596,MORTGAGE,14.0,HOMEIMPROVEMENT,C,17600,13.16,0,0.23,N,7,2024-10-01
30,90000,RENT,4.0,EDUCATION,E,10000,14.18,0,0.11,Y,10,2024-09-25
27,60174,MORTGAGE,11.0,MEDICAL,B,3025,10.99,1,0.04,N,10,2024-01-06
27,76800,MORTGAGE,3.0,EDUCATION,B,5000,11.49,0,0.07,N,7,2024-02-12
28,76992,MORTGAGE,8.0,EDUCATION,B,1800,12.18,0,0.02,N,8,2024-08-31
31,77000,MORTGAGE,4.0,VENTURE,C,10000,14.65,0,0.13,N,5,2024-10-30
32,77000,MORTGAGE,9.0,EDUCATION,D,10000,16.77,0,0.13,Y,8,2024-12-30
30,80004,RENT,2.0,DEBTCONSOLIDATION,B,10000,12.21,1,0.12,N,6,2024-11-13
31,77000,MORTGAGE,15.0,HOMEIMPROVEMENT,B,6000,12.69,0,0.08,N,8,2024-12-25
27,77000,MORTGAGE,12.0,EDUCATION,A,4900,6.03,0,0.06,N,7,2024-02-18
28,77000,MORTGAGE,4.0,DEBTCONSOLIDATION,B,2600,11.71,0,0.03,N,5,2024-06-16
29,93000,RENT,1.0,HOMEIMPROVEMENT,B,10000,11.14,0,0.11,N,8,2024-03-30
33,77000,MORTGAGE,9.0,PERSONAL,A,12000,7.29,0,0.16,N,10,2024-10-04
27,77000,MORTGAGE,11.0,VENTURE,B,18500,11.11,0,0.24,N,10,2024-08-09
34,95000,RENT,7.0,MEDICAL,B,10000,9.99,0,0.11,N,6,2024-08-07
30,77000,MORTGAGE,4.0,DEBTCONSOLIDATION,A,8000,7.14,0,0.1,N,7,2024-02-15
35,60350,MORTGAGE,15.0,MEDICAL,E,25000,16.82,1,0.35,N,5,2024-01-07
29,95000,RENT,1.0,PERSONAL,B,10000,10.38,0,0.11,N,5,2024-07-19
29,77000,MORTGAGE,3.0,PERSONAL,A,5000,7.14,0,0.06,N,7,2024-11-27
30,77000,MORTGAGE,5.0,DEBTCONSOLIDATION,A,1500,6.39,0,0.02,N,7,2024-06-29
30,77000,MORTGAGE,2.0,PERSONAL,B,25000,12.18,0,0.32,N,10,2024-01-04
27,102000,RENT,2.0,HOMEIMPROVEMENT,A,10150,11.013786929274843,0,0.1,N,6,2024-01-20
28,77000,MORTGAGE,5.0,PERSONAL,B,15000,12.21,0,0.19,N,5,2024-10-11
27,146000,RENT,3.0,VENTURE,C,10175,12.99,1,0.07,N,6,2024-03-17
35,77040,MORTGAGE,8.0,HOMEIMPROVEMENT,A,5900,5.99,0,0.08,N,7,2024-11-15
27,77065,MORTGAGE,11.0,PERSONAL,A,23700,6.17,0,0.31,N,10,2024-11-09
27,48000,RENT,5.0,MEDICAL,B,10200,10.38,0,0.21,N,10,2024-08-09
29,77248,MORTGAGE,13.0,HOMEIMPROVEMENT,C,21600,13.85,0,0.28,Y,7,2024-10-04
28,90000,RENT,1.0,PERSONAL,A,10200,8.9,0,0.11,N,8,2024-02-25
35,77268,MORTGAGE,11.0,EDUCATION,C,7500,11.03,0,0.1,N,7,2024-07-29
30,77270,MORTGAGE,9.0,HOMEIMPROVEMENT,A,3000,7.74,0,0.04,N,5,2024-04-04
29,77367,OWN,12.0,EDUCATION,A,1000,7.37,0,0.01,N,9,2024-07-11
31,21000,RENT,15.0,MEDICAL,A,11000,8.59,1,0.52,N,6,2024-05-03
29,71400,MORTGAGE,14.0,PERSONAL,C,10000,14.27,1,0.14,N,8,2024-12-08
28,77500,OWN,3.0,EDUCATION,A,8000,8.49,0,0.1,N,7,2024-05-17
32,77500,MORTGAGE,3.0,PERSONAL,B,13000,11.013786929274843,0,0.17,N,10,2024-06-14
30,77500,MORTGAGE,2.0,DEBTCONSOLIDATION,A,9000,7.88,0,0.12,N,7,2024-06-05
27,30000,RENT,8.0,DEBTCONSOLIDATION,B,11000,9.91,1,0.37,N,10,2024-05-29
28,77544,MORTGAGE,2.0,PERSONAL,E,15000,16.63,0,0.19,Y,5,2024-07-01
28,71652,MORTGAGE,11.0,PERSONAL,G,25000,20.03,1,0.35,N,9,2024-03-25
33,32400,RENT,8.0,EDUCATION,A,11000,6.99,1,0.34,N,10,2024-08-13
31,77940,MORTGAGE,3.0,DEBTCONSOLIDATION,B,16250,10.99,0,0.21,N,10,2024-02-14
29,78000,MORTGAGE,2.0,PERSONAL,A,18000,6.62,0,0.23,N,5,2024-11-08
33,78000,MORTGAGE,17.0,MEDICAL,C,3200,13.49,0,0.04,N,6,2024-08-17
29,35000,RENT,4.0,MEDICAL,A,11000,8.59,1,0.31,N,10,2024-06-20
33,78000,MORTGAGE,6.0,MEDICAL,C,20000,15.96,0,0.26,N,10,2024-07-10
28,78000,MORTGAGE,7.0,HOMEIMPROVEMENT,B,10000,9.91,0,0.13,N,5,2024-10-23
27,120000,RENT,2.0,DEBTCONSOLIDATION,B,11050,12.69,0,0.09,N,7,2024-10-15
31,72000,MORTGAGE,4.0,EDUCATION,C,9000,15.96,1,0.13,Y,5,2024-07-09
30,78000,MORTGAGE,1.0,VENTURE,C,26000,15.96,0,0.33,Y,5,2024-10-05
28,78000,MORTGAGE,12.0,MEDICAL,B,12000,10.99,0,0.15,N,10,2024-04-04
27,39000,RENT,6.0,DEBTCONSOLIDATION,C,11100,11.013786929274843,1,0.28,Y,9,2024-05-10
27,61200,MORTGAGE,3.0,MEDICAL,A,13000,8.49,1,0.18,N,10,2024-07-21
28,78000,MORTGAGE,1.0,HOMEIMPROVEMENT,C,5000,12.99,0,0.06,Y,7,2024-05-22
32,78000,MORTGAGE,3.0,DEBTCONSOLIDATION,A,8000,6.99,0,0.1,N,10,2024-10-01
29,72000,MORTGAGE,12.0,DEBTCONSOLIDATION,D,12000,15.62,1,0.17,Y,9,2024-11-20
35,78000,MORTGAGE,9.0,HOMEIMPROVEMENT,B,9450,10.99,0,0.12,N,8,2024-07-14
32,50000,RENT,3.0,HOMEIMPROVEMENT,B,11100,10.59,0,0.22,N,10,2024-02-25
31,75000,RENT,5.0,HOMEIMPROVEMENT,A,11100,6.03,0,0.15,N,5,2024-06-20
27,78000,MORTGAGE,6.0,VENTURE,D,15275,16.89,0,0.2,N,6,2024-01-07
33,34000,RENT,17.0,DEBTCONSOLIDATION,D,11175,14.96,1,0.33,N,8,2024-04-11
30,30809,RENT,1.0,EDUCATION,B,11200,11.99,1,0.36,N,7,2024-12-05
33,78000,MORTGAGE,17.0,VENTURE,D,10000,11.013786929274843,0,0.13,N,10,2024-08-20
28,78000,MORTGAGE,5.0,DEBTCONSOLIDATION,A,12000,5.79,0,0.15,N,5,2024-07-30
31,34800,RENT,7.0,DEBTCONSOLIDATION,C,11200,13.23,1,0.32,Y,7,2024-08-28
29,34900,RENT,2.0,MEDICAL,B,11200,9.99,1,0.32,N,10,2024-10-01
33,35000,RENT,5.0,MEDICAL,B,11200,10.36,1,0.32,N,9,2024-07-13
31,35000,RENT,3.0,MEDICAL,B,11200,11.12,1,0.32,N,6,2024-07-19
30,78000,MORTGAGE,2.0,EDUCATION,B,20000,11.11,0,0.26,N,5,2024-10-17
31,78000,MORTGAGE,9.0,HOMEIMPROVEMENT,A,5000,5.79,0,0.06,N,10,2024-10-02
29,78000,OWN,13.0,VENTURE,A,14400,11.013786929274843,0,0.18,N,7,2024-03-21
28,78000,MORTGAGE,12.0,HOMEIMPROVEMENT,B,13000,11.013786929274843,0,0.17,N,9,2024-06-06
31,78000,MORTGAGE,6.0,VENTURE,B,8000,10.0,0,0.1,N,6,2024-07-17
35,78000,MORTGAGE,9.0,DEBTCONSOLIDATION,A,10000,6.54,0,0.13,N,8,2024-04-30
27,78000,MORTGAGE,2.0,MEDICAL,B,7000,9.62,0,0.09,N,6,2024-06-12
28,78000,OWN,12.0,MEDICAL,A,5250,5.79,0,0.07,N,10,2024-10-09
30,78000,MORTGAGE,2.0,EDUCATION,B,10800,10.36,0,0.14,N,9,2024-03-08
31,46000,RENT,4.0,DEBTCONSOLIDATION,C,11200,14.27,0,0.24,Y,6,2024-07-21
27,72000,MORTGAGE,11.0,PERSONAL,B,5000,11.86,1,0.07,N,10,2024-08-01
27,78000,OWN,3.0,MEDICAL,D,12000,15.58,0,0.15,N,7,2024-05-27
31,48000,RENT,5.0,EDUCATION,B,11200,11.013786929274843,0,0.23,N,5,2024-08-16
28,48000,RENT,1.0,PERSONAL,C,11200,14.26,0,0.23,N,6,2024-09-18
32,78000,MORTGAGE,5.0,DEBTCONSOLIDATION,A,5400,7.88,0,0.07,N,6,2024-06-20
30,46800,RENT,7.0,EDUCATION,C,11200,13.98,1,0.24,Y,7,2024-11-26
33,55259,RENT,15.0,EDUCATION,D,11200,17.49,0,0.2,N,5,2024-08-03
35,40000,OWN,3.0,PERSONAL,C,11325,15.96,0,0.28,Y,10,2024-02-25
29,78000,MORTGAGE,13.0,VENTURE,C,10000,12.73,0,0.13,N,7,2024-03-28
29,60000,RENT,2.0,VENTURE,C,11200,14.22,0,0.19,Y,10,2024-01-20
27,78000,OWN,4.0,VENTURE,B,6000,12.18,0,0.08,N,10,2024-03-24
27,78000,MORTGAGE,1.0,VENTURE,A,5125,8.59,0,0.07,N,8,2024-06-16
33,78000,MORTGAGE,3.0,MEDICAL,B,20000,12.18,0,0.26,N,8,2024-05-10
27,78000,OWN,2.0,PERSONAL,A,15000,8.94,0,0.19,N,7,2024-02-12
28,63000,RENT,1.0,EDUCATION,C,11200,12.99,0,0.18,Y,7,2024-08-06
35,72000,MORTGAGE,2.0,EDUCATION,E,20000,16.7,1,0.28,Y,9,2024-09-13
32,63800,RENT,6.0,HOMEIMPROVEMENT,D,11200,14.74,0,0.18,N,8,2024-07-08
34,60500,RENT,3.0,DEBTCONSOLIDATION,D,11200,15.62,1,0.19,Y,10,2024-10-01
29,61200,MORTGAGE,2.0,MEDICAL,F,15000,17.58,1,0.21,N,5,2024-03-22
30,72000,MORTGAGE,5.0,HOMEIMPROVEMENT,B,7500,9.76,1,0.1,N,9,2024-07-14
30,69000,RENT,3.0,EDUCATION,B,11200,12.42,1,0.16,N,6,2024-03-23
30,75000,RENT,6.0,MEDICAL,C,11200,13.16,0,0.15,Y,5,2024-03-01
32,78096,MORTGAGE,4.0,EDUCATION,B,10000,10.99,0,0.13,N,5,2024-08-29
34,74000,RENT,3.0,EDUCATION,C,11200,11.66,1,0.15,N,10,2024-06-14
28,85000,RENT,7.0,DEBTCONSOLIDATION,B,11200,9.91,0,0.13,N,10,2024-05-29
29,78300,MORTGAGE,1.0,VENTURE,F,10000,18.09,0,0.13,Y,9,2024-03-20
34,78301,MORTGAGE,6.0,DEBTCONSOLIDATION,A,17000,6.62,0,0.22,N,9,2024-01-31
32,78400,MORTGAGE,2.0,EDUCATION,B,1200,10.0,0,0.02,N,5,2024-04-16
29,87500,RENT,2.0,EDUCATION,B,11200,11.013786929274843,0,0.13,N,8,2024-10-10
31,78408,MORTGAGE,10.0,VENTURE,B,15000,12.18,0,0.19,N,8,2024-04-14
30,78411,OTHER,15.0,VENTURE,B,15850,11.14,0,0.2,N,5,2024-07-13
28,78465,OWN,9.0,VENTURE,B,14000,11.36,0,0.18,N,10,2024-12-21
27,101000,RENT,2.0,DEBTCONSOLIDATION,B,11200,10.99,0,0.11,N,6,2024-06-29
31,79050,RENT,7.0,MEDICAL,C,11200,13.99,1,0.12,N,8,2024-01-19
35,78750,MORTGAGE,3.0,DEBTCONSOLIDATION,C,10750,12.23,0,0.14,N,8,2024-10-21
35,78862,MORTGAGE,14.0,EDUCATION,D,25000,12.49,0,0.32,Y,9,2024-02-15
29,42000,RENT,1.0,MEDICAL,B,11300,9.99,0,0.27,N,5,2024-05-21
35,56472,RENT,5.0,HOMEIMPROVEMENT,D,11300,14.42,0,0.2,N,7,2024-12-10
28,78996,MORTGAGE,10.0,HOMEIMPROVEMENT,C,12000,13.16,0,0.15,Y,5,2024-04-02
29,25000,RENT,4.0,EDUCATION,B,11325,11.013786929274843,1,0.45,N,5,2024-02-18
33,43200,RENT,6.0,DEBTCONSOLIDATION,A,11350,7.88,0,0.26,N,7,2024-05-22
31,35000,RENT,1.0,VENTURE,A,11400,6.91,1,0.33,N,8,2024-08-14
27,79000,MORTGAGE,6.0,VENTURE,A,13000,11.013786929274843,0,0.16,N,8,2024-07-20
31,79000,MORTGAGE,14.0,DEBTCONSOLIDATION,C,20000,13.49,0,0.25,N,6,2024-02-14
30,79000,MORTGAGE,11.0,DEBTCONSOLIDATION,C,20000,13.72,0,0.25,N,10,2024-06-18
27,52500,RENT,7.0,PERSONAL,A,11425,7.51,0,0.22,N,7,2024-09-06
27,79000,MORTGAGE,4.0,PERSONAL,A,9000,6.76,0,0.11,N,10,2024-09-15
30,79000,MORTGAGE,14.0,PERSONAL,A,7500,7.14,0,0.09,N,8,2024-04-28
27,79000,MORTGAGE,11.0,HOMEIMPROVEMENT,D,2875,14.59,0,0.04,Y,10,2024-03-24
32,30000,RENT,1.0,MEDICAL,B,11450,9.99,1,0.38,N,6,2024-07-28
29,79000,MORTGAGE,1.0,DEBTCONSOLIDATION,A,7000,11.013786929274843,0,0.09,N,9,2024-11-21
28,79000,MORTGAGE,4.0,VENTURE,D,2000,16.0,0,0.03,Y,10,2024-03-26
34,79000,MORTGAGE,1.0,PERSONAL,A,4800,9.32,0,0.06,N,6,2024-07-12
30,79000,MORTGAGE,3.0,HOMEIMPROVEMENT,A,6000,9.63,0,0.08,N,8,2024-06-22
31,79000,MORTGAGE,1.0,DEBTCONSOLIDATION,A,5000,8.0,0,0.06,N,9,2024-03-21
29,40000,RENT,7.0,PERSONAL,A,11450,8.49,0,0.29,N,5,2024-06-11
30,65000,RENT,14.0,PERSONAL,C,11475,13.72,0,0.18,N,6,2024-09-25
28,22188,RENT,9.0,EDUCATION,A,11500,8.49,1,0.52,N,5,2024-03-20
31,79100,MORTGAGE,4.0,MEDICAL,A,19150,6.99,0,0.24,N,7,2024-10-10
33,79112,MORTGAGE,17.0,VENTURE,B,4000,10.36,0,0.05,N,6,2024-08-15
28,25200,RENT,5.0,PERSONAL,D,11500,14.46,1,0.46,Y,6,2024-05-30
27,79200,OWN,1.0,HOMEIMPROVEMENT,E,15000,17.14,0,0.19,N,8,2024-05-06
27,30000,RENT,2.0,VENTURE,B,11500,10.36,1,0.38,N,6,2024-11-27
30,79416,MORTGAGE,12.0,MEDICAL,C,6000,13.49,0,0.08,Y,8,2024-05-23
27,30000,RENT,6.0,VENTURE,B,11500,10.36,1,0.38,N,7,2024-07-20
33,79440,MORTGAGE,12.0,MEDICAL,C,5525,13.85,0,0.07,Y,9,2024-06-02
30,32000,RENT,15.0,VENTURE,C,11500,15.23,1,0.36,N,6,2024-01-05
29,32000,RENT,3.0,MEDICAL,C,11500,14.22,1,0.36,N,7,2024-10-29
35,79500,MORTGAGE,5.0,PERSONAL,D,9600,14.61,0,0.12,Y,5,2024-08-14
28,79536,MORTGAGE,12.0,PERSONAL,A,16425,7.9,0,0.21,N,8,2024-10-12
27,34928,RENT,1.0,HOMEIMPROVEMENT,E,11500,16.0,1,0.33,N,5,2024-05-02
30,36000,RENT,5.0,EDUCATION,C,11500,15.27,1,0.32,Y,8,2024-12-16
32,40000,OWN,2.0,VENTURE,C,7000,12.68,0,0.17,Y,10,2024-03-19
35,79750,MORTGAGE,5.0,DEBTCONSOLIDATION,B,35000,11.99,0,0.44,N,5,2024-06-22
31,79800,MORTGAGE,3.0,PERSONAL,A,5000,6.91,0,0.06,N,9,2024-04-14
29,79800,MORTGAGE,2.0,DEBTCONSOLIDATION,A,6000,7.14,0,0.08,N,8,2024-02-27
32,79872,MORTGAGE,4.0,DEBTCONSOLIDATION,C,12000,12.68,0,0.15,N,10,2024-07-21
29,79894,MORTGAGE,7.0,VENTURE,D,20000,14.96,0,0.25,Y,10,2024-09-28
33,79985,MORTGAGE,6.0,EDUCATION,F,8000,21.36,0,0.1,N,5,2024-01-16
28,40000,OWN,2.0,VENTURE,B,5000,10.0,0,0.13,N,5,2024-10-08
28,79995,OWN,3.0,PERSONAL,C,15000,11.013786929274843,0,0.19,N,10,2024-05-13
35,48000,RENT,3.0,MEDICAL,B,11500,11.11,0,0.24,N,9,2024-06-27
35,50000,RENT,4.0,PERSONAL,B,11500,12.42,0,0.23,N,8,2024-08-29
28,80000,MORTGAGE,5.0,HOMEIMPROVEMENT,B,9000,12.69,0,0.11,N,6,2024-08-19
29,74000,RENT,13.0,HOMEIMPROVEMENT,B,11500,11.71,0,0.16,N,10,2024-03-07
32,74500,RENT,1.0,VENTURE,A,11500,7.05,0,0.15,N,8,2024-04-30
33,92259,RENT,2.0,EDUCATION,B,11500,10.0,0,0.12,N,7,2024-07-11
35,110000,RENT,2.0,VENTURE,B,11500,11.49,0,0.1,N,10,2024-02-11
27,78262,RENT,4.0,HOMEIMPROVEMENT,B,11525,11.013786929274843,0,0.15,N,8,2024-10-04
32,65000,RENT,2.0,HOMEIMPROVEMENT,C,11600,13.49,0,0.18,Y,8,2024-07-20
34,74000,MORTGAGE,13.0,VENTURE,C,10000,15.96,1,0.14,Y,10,2024-03-24
27,80000,MORTGAGE,11.0,PERSONAL,A,8500,6.03,0,0.11,N,6,2024-08-09
32,25000,RENT,4.0,MEDICAL,C,11700,12.68,1,0.47,Y,10,2024-09-27
31,35000,RENT,6.0,MEDICAL,C,11700,13.06,1,0.33,N,9,2024-06-22
27,44004,RENT,1.0,EDUCATION,D,11750,15.31,1,0.27,Y,8,2024-09-10
29,80000,MORTGAGE,13.0,EDUCATION,A,10000,7.9,0,0.13,N,9,2024-06-14
28,80000,MORTGAGE,12.0,DEBTCONSOLIDATION,A,12000,6.03,0,0.15,N,6,2024-04-04
27,98000,RENT,3.0,EDUCATION,C,11750,13.47,0,0.12,Y,6,2024-01-29
28,80000,OWN,12.0,EDUCATION,A,8400,7.9,0,0.1,N,5,2024-08-11
30,80000,MORTGAGE,2.0,EDUCATION,A,3000,6.62,0,0.04,N,9,2024-02-27
27,80000,MORTGAGE,11.0,EDUCATION,B,7500,11.71,0,0.09,N,10,2024-08-27
27,80000,MORTGAGE,4.0,PERSONAL,A,6000,6.03,0,0.07,N,10,2024-01-11
33,30000,RENT,3.0,DEBTCONSOLIDATION,B,11975,9.99,1,0.4,N,8,2024-01-23
27,42000,RENT,1.0,MEDICAL,B,11975,12.53,0,0.29,N,6,2024-11-26
31,80000,MORTGAGE,13.0,EDUCATION,A,20000,8.9,0,0.25,N,10,2024-05-13
33,58344,RENT,5.0,VENTURE,D,11975,16.29,0,0.21,Y,9,2024-06-08
27,80000,MORTGAGE,7.0,DEBTCONSOLIDATION,B,7400,12.69,0,0.09,N,7,2024-01-18
32,80000,MORTGAGE,15.0,VENTURE,A,12000,5.99,0,0.15,N,8,2024-10-14
30,22452,RENT,2.0,VENTURE,A,12000,7.29,1,0.53,N,5,2024-10-17
29,80000,MORTGAGE,14.0,HOMEIMPROVEMENT,A,25000,7.49,0,0.31,N,7,2024-09-16
34,80000,MORTGAGE,4.0,HOMEIMPROVEMENT,B,11000,10.99,0,0.14,N,6,2024-04-27
32,24000,RENT,2.0,MEDICAL,A,12000,11.013786929274843,1,0.5,N,8,2024-11-12
30,62900,MORTGAGE,2.0,MEDICAL,B,10000,11.013786929274843,1,0.14,N,6,2024-02-21
27,80000,MORTGAGE,2.0,EDUCATION,A,12000,6.99,0,0.15,N,6,2024-06-17
28,25000,RENT,1.0,MEDICAL,B,12000,9.83,1,0.48,N,9,2024-05-12
34,25200,RENT,6.0,PERSONAL,C,12000,13.48,1,0.48,N,10,2024-05-01
29,80000,MORTGAGE,5.0,MEDICAL,B,22000,10.59,0,0.28,N,10,2024-09-19
27,80000,MORTGAGE,5.0,PERSONAL,C,35000,11.013786929274843,0,0.44,N,8,2024-06-15
34,80000,MORTGAGE,3.0,VENTURE,A,3600,5.99,0,0.04,N,9,2024-11-10
28,80000,MORTGAGE,6.0,HOMEIMPROVEMENT,B,4400,11.013786929274843,0,0.06,N,5,2024-01-31
32,80000,MORTGAGE,14.0,DEBTCONSOLIDATION,A,15350,8.49,0,0.19,N,7,2024-04-30
32,26400,RENT,12.0,VENTURE,A,12000,6.17,1,0.45,N,9,2024-01-30
29,27000,RENT,1.0,DEBTCONSOLIDATION,D,12000,13.24,1,0.44,Y,6,2024-07-14
27,28000,RENT,8.0,MEDICAL,A,12000,7.51,1,0.43,N,9,2024-10-20
30,28000,RENT,5.0,PERSONAL,C,12000,14.22,1,0.43,N,8,2024-01-19
31,80000,MORTGAGE,7.0,PERSONAL,B,25000,9.99,0,0.31,N,10,2024-02-13
27,80000,MORTGAGE,6.0,MEDICAL,B,23750,10.99,0,0.3,N,9,2024-12-05
34,30000,RENT,2.0,PERSONAL,A,12000,11.013786929274843,1,0.4,N,6,2024-06-03
28,30000,RENT,4.0,DEBTCONSOLIDATION,A,12000,6.62,1,0.4,N,7,2024-08-13
34,30000,RENT,2.0,HOMEIMPROVEMENT,A,12000,8.9,1,0.4,N,8,2024-09-10
30,80000,MORTGAGE,7.0,VENTURE,B,16800,10.99,0,0.21,N,8,2024-12-14
30,30000,RENT,4.0,DEBTCONSOLIDATION,D,12000,15.21,1,0.4,Y,6,2024-12-19
27,30000,RENT,5.0,EDUCATION,B,12000,11.36,1,0.4,N,9,2024-02-24
28,80000,MORTGAGE,11.0,PERSONAL,A,16000,5.99,0,0.2,N,7,2024-08-13
30,80000,MORTGAGE,1.0,EDUCATION,B,4975,10.59,0,0.06,N,9,2024-01-29
31,30000,RENT,4.0,DEBTCONSOLIDATION,B,12000,10.39,1,0.4,N,9,2024-09-11
34,80000,MORTGAGE,5.0,PERSONAL,A,12000,7.49,0,0.15,N,9,2024-03-05
34,30412,RENT,4.0,MEDICAL,B,12000,10.38,1,0.39,N,5,2024-08-30
35,80000,OWN,5.0,PERSONAL,D,15000,15.99,0,0.19,Y,9,2024-12-24
30,80000,MORTGAGE,2.0,VENTURE,C,6000,14.17,0,0.07,Y,6,2024-06-20
31,74000,MORTGAGE,13.0,VENTURE,C,1500,12.68,1,0.02,N,10,2024-10-20
31,80000,MORTGAGE,4.0,HOMEIMPROVEMENT,C,16000,13.8,0,0.2,N,9,2024-08-10
29,32000,RENT,3.0,PERSONAL,A,12000,11.013786929274843,1,0.38,N,9,2024-06-27
31,80000,MORTGAGE,6.0,EDUCATION,A,12750,7.29,0,0.16,N,10,2024-04-24
28,32000,RENT,12.0,DEBTCONSOLIDATION,A,12000,7.88,1,0.38,N,9,2024-12-05
28,32400,RENT,3.0,DEBTCONSOLIDATION,C,12000,14.26,1,0.37,N,10,2024-04-12
31,80000,MORTGAGE,10.0,MEDICAL,A,10000,11.013786929274843,0,0.13,N,5,2024-09-15
29,32800,RENT,13.0,MEDICAL,E,12000,16.45,1,0.37,N,9,2024-07-15
32,33000,RENT,1.0,EDUCATION,A,12000,6.54,1,0.36,N,8,2024-10-18
28,80000,MORTGAGE,5.0,HOMEIMPROVEMENT,C,15000,14.17,0,0.19,N,8,2024-01-08
27,80000,MORTGAGE,3.0,DEBTCONSOLIDATION,B,3000,11.11,0,0.04,N,7,2024-11-30
27,33000,RENT,3.0,MEDICAL,B,12000,10.75,1,0.36,N,5,2024-09-02
28,33280,RENT,6.0,PERSONAL,A,12000,7.66,1,0.36,N,9,2024-04-03
33,80000,MORTGAGE,9.0,VENTURE,B,6000,11.11,0,0.07,N,7,2024-06-11
27,80000,MORTGAGE,11.0,PERSONAL,A,16000,6.91,0,0.2,N,5,2024-05-19
33,80000,MORTGAGE,5.0,HOMEIMPROVEMENT,D,24000,14.46,0,0.3,N,6,2024-12-31
31,80000,MORTGAGE,4.0,HOMEIMPROVEMENT,B,12400,9.99,0,0.15,N,6,2024-11-12
30,80000,MORTGAGE,4.0,DEBTCONSOLIDATION,A,10750,6.17,0,0.13,N,5,2024-02-11
28,80000,OWN,1.0,MEDICAL,A,3000,6.54,0,0.04,N,9,2024-11-11
27,80000,MORTGAGE,4.0,MEDICAL,A,15000,6.54,0,0.19,N,8,2024-12-21
31,80000,OWN,13.0,MEDICAL,A,12000,5.79,0,0.15,N,10,2024-11-21
27,40000,OWN,11.0,EDUCATION,A,6400,9.32,0,0.16,N,6,2024-11-02
29,34999,RENT,2.0,MEDICAL,B,12000,11.58,1,0.34,N,10,2024-07-04
29,80000,MORTGAGE,14.0,HOMEIMPROVEMENT,D,5000,15.21,0,0.06,N,6,2024-04-13
27,35000,RENT,8.0,PERSONAL,B,12000,9.91,1,0.34,N,8,2024-08-18
29,80000,MORTGAGE,2.0,HOMEIMPROVEMENT,A,4500,6.76,0,0.06,N,10,2024-03-03
28,80000,MORTGAGE,8.0,EDUCATION,A,9600,7.51,0,0.12,N,6,2024-02-14
29,74000,MORTGAGE,3.0,EDUCATION,D,3000,16.32,1,0.04,N,6,2024-10-19
35,80000,MORTGAGE,8.0,HOMEIMPROVEMENT,B,15000,11.013786929274843,0,0.19,N,9,2024-03-16
35,36000,RENT,9.0,MEDICAL,D,12000,16.29,1,0.33,N,9,2024-01-10
29,36000,RENT,13.0,MEDICAL,A,12000,7.49,1,0.33,N,10,2024-10-20
29,36000,RENT,6.0,VENTURE,A,12000,7.49,1,0.33,N,7,2024-01-07
27,80000,MORTGAGE,3.0,HOMEIMPROVEMENT,B,14500,10.75,0,0.18,N,6,2024-10-07
28,36000,RENT,2.0,VENTURE,A,12000,5.42,1,0.33,N,10,2024-12-03
27,80000,MORTGAGE,4.0,DEBTCONSOLIDATION,B,24000,11.12,0,0.3,N,10,2024-08-27
33,36000,RENT,9.0,PERSONAL,A,12000,7.29,1,0.33,N,6,2024-11-04
32,80000,MORTGAGE,6.0,EDUCATION,A,13000,7.88,0,0.16,N,10,2024-04-12
29,36000,RENT,1.0,DEBTCONSOLIDATION,B,12000,12.21,1,0.33,N,9,2024-04-03
30,36400,RENT,2.0,MEDICAL,B,12000,10.65,1,0.33,N,9,2024-11-09
28,36888,RENT,5.0,MEDICAL,C,12000,11.013786929274843,1,0.33,Y,7,2024-08-03
28,80000,MORTGAGE,13.0,PERSONAL,B,21000,11.36,0,0.26,N,7,2024-10-03
32,37076,RENT,3.0,PERSONAL,B,12000,12.42,1,0.32,N,7,2024-10-13
27,80000,MORTGAGE,1.0,DEBTCONSOLIDATION,B,20000,11.36,0,0.25,N,5,2024-05-16
30,80000,MORTGAGE,6.0,HOMEIMPROVEMENT,B,12000,11.013786929274843,0,0.15,N,8,2024-07-27
33,80000,MORTGAGE,1.0,HOMEIMPROVEMENT,A,6000,7.88,0,0.07,N,10,2024-10-23
28,80000,MORTGAGE,12.0,VENTURE,A,2500,11.013786929274843,0,0.03,N,7,2024-01-16
30,37500,RENT,5.0,EDUCATION,B,12000,11.013786929274843,1,0.32,N,6,2024-04-20
28,37500,RENT,4.0,DEBTCONSOLIDATION,C,12000,11.013786929274843,1,0.32,N,9,2024-01-23
29,37920,RENT,2.0,PERSONAL,C,12000,13.48,1,0.32,Y,10,2024-08-20
34,80000,MORTGAGE,7.0,EDUCATION,B,19000,10.62,0,0.24,N,10,2024-11-06
32,80000,OWN,2.0,VENTURE,B,10000,11.14,0,0.13,N,9,2024-01-04
32,38000,RENT,2.0,EDUCATION,B,12000,12.42,1,0.32,N,6,2024-02-27
27,80000,OWN,11.0,EDUCATION,B,5000,11.14,0,0.06,N,7,2024-05-23
31,80000,MORTGAGE,5.0,VENTURE,A,6000,7.4,0,0.07,N,9,2024-03-29
33,80000,MORTGAGE,4.0,MEDICAL,B,12000,11.14,0,0.15,N,6,2024-04-01
29,80000,MORTGAGE,2.0,PERSONAL,A,5000,7.74,0,0.06,N,9,2024-02-23
28,80000,MORTGAGE,1.0,PERSONAL,A,3100,7.05,0,0.04,N,9,2024-07-07
28,38295,RENT,5.0,PERSONAL,C,12000,11.013786929274843,1,0.31,N,7,2024-08-30
27,39996,OWN,1.0,VENTURE,B,8000,12.53,0,0.2,N,6,2024-08-18
34,62900,MORTGAGE,11.0,MEDICAL,A,18000,8.94,1,0.24,N,5,2024-09-01
27,80000,MORTGAGE,11.0,PERSONAL,B,20000,11.013786929274843,0,0.25,N,10,2024-11-22
28,38500,RENT,2.0,PERSONAL,B,12000,10.75,1,0.31,N,5,2024-01-22
28,80000,MORTGAGE,12.0,DEBTCONSOLIDATION,B,12000,12.18,0,0.15,N,5,2024-10-24
28,38643,RENT,7.0,PERSONAL,B,12000,11.58,1,0.31,N,8,2024-03-13
31,80000,MORTGAGE,6.0,EDUCATION,B,7500,12.18,0,0.09,N,7,2024-12-07
30,80000,MORTGAGE,14.0,VENTURE,C,8000,13.92,0,0.1,N,8,2024-09-28
29,80000,MORTGAGE,13.0,HOMEIMPROVEMENT,C,16000,12.84,0,0.2,Y,7,2024-01-27
27,80000,OWN,2.0,PERSONAL,B,9000,12.21,0,0.11,N,8,2024-09-21
32,62900,MORTGAGE,5.0,MEDICAL,D,2750,11.013786929274843,1,0.04,Y,7,2024-08-02
34,80000,MORTGAGE,4.0,HOMEIMPROVEMENT,E,12000,11.013786929274843,0,0.15,N,10,2024-07-08
28,80000,MORTGAGE,8.0,EDUCATION,C,13000,13.47,0,0.16,N,5,2024-10-13
27,62900,MORTGAGE,1.0,MEDICAL,B,8000,11.46,1,0.11,N,8,2024-08-10
28,74000,MORTGAGE,6.0,VENTURE,E,7000,15.38,1,0.09,N,9,2024-11-29
28,80000,OWN,2.0,HOMEIMPROVEMENT,C,16000,11.66,0,0.2,Y,7,2024-09-13
33,80000,OWN,12.0,HOMEIMPROVEMENT,C,9000,11.97,0,0.11,N,7,2024-02-13
27,80000,MORTGAGE,11.0,EDUCATION,A,5000,8.0,0,0.06,N,6,2024-04-16
28,80000,MORTGAGE,1.0,HOMEIMPROVEMENT,D,20000,13.24,0,0.25,N,8,2024-08-20
27,40000,RENT,4.0,MEDICAL,B,12000,12.69,0,0.3,N,8,2024-09-30
31,40000,RENT,5.0,MEDICAL,B,12000,11.99,0,0.3,N,5,2024-11-10
35,80004,MORTGAGE,2.0,PERSONAL,B,3200,11.11,0,0.04,N,7,2024-09-22
28,40000,RENT,12.0,VENTURE,B,12000,11.11,0,0.3,N,5,2024-05-02
31,80004,MORTGAGE,9.0,MEDICAL,C,3500,12.61,0,0.04,N,10,2024-02-29
27,40000,RENT,8.0,MEDICAL,B,12000,10.37,0,0.3,N,9,2024-08-28
28,80004,MORTGAGE,5.0,MEDICAL,A,12000,6.91,0,0.15,N,6,2024-10-22
31,80004,MORTGAGE,9.0,MEDICAL,B,5500,10.75,0,0.07,N,8,2024-08-12
28,80004,MORTGAGE,2.0,VENTURE,B,22750,11.49,0,0.28,N,6,2024-11-06
32,40000,RENT,3.0,DEBTCONSOLIDATION,B,12000,11.89,0,0.3,N,10,2024-07-26
30,40000,RENT,13.0,EDUCATION,B,12000,9.2,0,0.3,N,8,2024-03-19
30,34046,RENT,2.0,MEDICAL,D,12000,14.96,1,0.35,Y,6,2024-03-02
32,34310,RENT,2.0,VENTURE,D,12000,14.96,1,0.35,Y,8,2024-10-25
30,80256,OWN,11.0,VENTURE,A,24000,7.49,0,0.3,N,7,2024-10-21
34,80300,MORTGAGE,3.0,PERSONAL,C,15000,12.73,0,0.19,Y,9,2024-12-31
35,80308,MORTGAGE,3.0,DEBTCONSOLIDATION,A,12000,7.88,0,0.15,N,10,2024-11-07
29,41004,RENT,6.0,PERSONAL,B,12000,10.0,0,0.29,N,7,2024-07-06
28,74400,MORTGAGE,3.0,HOMEIMPROVEMENT,B,20000,11.013786929274843,1,0.27,N,8,2024-11-14
29,80400,MORTGAGE,13.0,VENTURE,A,8000,7.14,0,0.1,N,10,2024-01-19
32,42000,RENT,13.0,PERSONAL,A,12000,7.51,0,0.29,N,8,2024-01-29
31,42000,RENT,12.0,PERSONAL,B,12000,11.013786929274843,0,0.29,N,9,2024-01-14
27,42000,RENT,2.0,PERSONAL,B,12000,10.65,0,0.29,N,7,2024-01-21
29,80496,MORTGAGE,2.0,HOMEIMPROVEMENT,C,10000,13.72,0,0.12,N,10,2024-10-17
28,80500,MORTGAGE,4.0,DEBTCONSOLIDATION,A,6000,7.74,0,0.07,N,5,2024-08-20
28,80569,MORTGAGE,2.0,EDUCATION,B,4000,9.63,0,0.05,N,7,2024-03-11
34,80600,MORTGAGE,2.0,EDUCATION,B,15000,12.21,0,0.19,N,6,2024-05-08
27,36000,RENT,2.0,DEBTCONSOLIDATION,D,12000,14.09,1,0.33,Y,10,2024-11-30
31,36000,RENT,4.0,EDUCATION,B,12000,10.36,1,0.33,N,8,2024-01-02
28,80748,MORTGAGE,5.0,MEDICAL,A,5000,7.51,0,0.06,N,9,2024-05-18
27,80800,MORTGAGE,3.0,PERSONAL,C,3000,11.013786929274843,0,0.04,N,10,2024-06-20
30,42000,RENT,1.0,PERSONAL,B,12000,9.88,0,0.29,N,8,2024-06-30
31,42000,RENT,1.0,MEDICAL,B,12000,10.99,0,0.29,N,9,2024-12-28
33,42000,RENT,3.0,DEBTCONSOLIDATION,C,12000,13.57,0,0.29,N,7,2024-05-25
35,81000,MORTGAGE,15.0,DEBTCONSOLIDATION,B,5400,11.013786929274843,0,0.07,N,5,2024-07-25
28,81000,MORTGAGE,6.0,VENTURE,A,2500,5.99,0,0.03,N,6,2024-07-04
30,42600,RENT,13.0,VENTURE,B,12000,11.71,0,0.28,N,8,2024-02-04
30,42886,RENT,3.0,PERSONAL,B,12000,10.59,0,0.28,N,10,2024-07-24
29,81000,MORTGAGE,5.0,PERSONAL,A,14000,7.66,0,0.17,N,9,2024-10-27
27,81000,OWN,4.0,VENTURE,C,9000,13.43,0,0.11,Y,9,2024-08-14
32,81000,MORTGAGE,1.0,PERSONAL,B,10000,10.37,0,0.12,N,10,2024-10-10
33,81000,OWN,4.0,PERSONAL,A,12000,6.17,0,0.15,N,8,2024-04-10
28,81000,MORTGAGE,11.0,HOMEIMPROVEMENT,A,6000,6.17,0,0.07,N,10,2024-04-12
34,39000,OWN,5.0,HOMEIMPROVEMENT,B,12000,11.99,0,0.31,N,6,2024-06-29
29,37000,RENT,4.0,HOMEIMPROVEMENT,A,12000,9.63,1,0.32,N,7,2024-12-27
31,81000,MORTGAGE,15.0,HOMEIMPROVEMENT,A,7200,9.63,0,0.09,N,8,2024-04-28
29,81000,MORTGAGE,1.0,DEBTCONSOLIDATION,A,7750,9.32,0,0.1,N,10,2024-10-25
27,81000,MORTGAGE,2.0,MEDICAL,A,5500,8.0,0,0.07,N,8,2024-02-16
29,75000,MORTGAGE,8.0,PERSONAL,C,12000,13.16,1,0.16,Y,7,2024-08-03
33,75000,MORTGAGE,2.0,DEBTCONSOLIDATION,B,7500,10.08,1,0.1,N,9,2024-07-01
27,39000,OWN,3.0,MEDICAL,A,9600,5.79,0,0.25,N,10,2024-10-18
32,44808,RENT,5.0,PERSONAL,B,12000,11.013786929274843,0,0.27,N,8,2024-04-10
28,81120,MORTGAGE,5.0,HOMEIMPROVEMENT,B,5200,11.49,0,0.06,N,7,2024-03-10
30,81120,OWN,3.0,EDUCATION,B,18000,10.75,0,0.22,N,10,2024-09-19
32,81204,MORTGAGE,6.0,EDUCATION,A,3600,7.88,0,0.04,N,9,2024-03-02
34,45000,RENT,17.0,VENTURE,A,12000,6.03,0,0.27,N,9,2024-01-13
29,81400,MORTGAGE,13.0,EDUCATION,A,10000,11.013786929274843,0,0.12,N,8,2024-07-10
28,45000,RENT,12.0,EDUCATION,A,12000,5.42,0,0.27,N,10,2024-12-03
33,81804,MORTGAGE,4.0,DEBTCONSOLIDATION,A,9000,8.0,0,0.11,N,8,2024-12-10
29,75840,OWN,5.0,HOMEIMPROVEMENT,G,25000,21.27,1,0.33,N,6,2024-12-27
29,81900,MORTGAGE,13.0,VENTURE,A,8000,7.66,0,0.1,N,10,2024-05-14
32,45000,RENT,9.0,MEDICAL,A,12000,7.88,0,0.27,N,6,2024-11-11
33,45000,RENT,4.0,MEDICAL,A,12000,7.88,0,0.27,N,6,2024-03-30
28,81996,MORTGAGE,12.0,EDUCATION,B,3000,12.42,0,0.04,N,5,2024-04-28
29,39000,OWN,10.0,PERSONAL,C,9000,12.72,0,0.23,Y,9,2024-08-27
35,45000,RENT,3.0,MEDICAL,B,12000,11.26,0,0.27,N,5,2024-01-16
35,82000,MORTGAGE,3.0,PERSONAL,A,18800,7.51,0,0.23,N,10,2024-05-12
29,76000,MORTGAGE,9.0,DEBTCONSOLIDATION,D,4400,16.29,1,0.06,Y,10,2024-03-20
28,82000,MORTGAGE,3.0,HOMEIMPROVEMENT,D,25000,16.29,0,0.3,N,5,2024-06-17
27,82000,MORTGAGE,11.0,VENTURE,A,4000,7.9,0,0.05,N,10,2024-01-03
33,82000,MORTGAGE,2.0,EDUCATION,A,6000,7.51,0,0.07,N,10,2024-08-22
29,82000,OWN,5.0,PERSONAL,C,21000,14.65,0,0.26,Y,5,2024-07-29
27,82000,MORTGAGE,11.0,PERSONAL,A,10000,7.51,0,0.12,N,9,2024-02-25
29,82000,MORTGAGE,5.0,MEDICAL,B,20000,10.99,0,0.24,N,7,2024-05-12
28,46000,RENT,3.0,MEDICAL,B,12000,11.013786929274843,0,0.26,N,8,2024-08-01
31,82000,MORTGAGE,15.0,PERSONAL,B,8000,11.99,0,0.1,N,5,2024-03-05
29,46000,RENT,4.0,MEDICAL,B,12000,10.74,0,0.26,N,10,2024-03-11
32,82000,MORTGAGE,4.0,EDUCATION,D,8000,16.89,0,0.1,N,8,2024-06-18
33,82000,MORTGAGE,2.0,PERSONAL,B,20000,10.99,0,0.24,N,10,2024-12-04
27,82000,MORTGAGE,3.0,VENTURE,A,10000,6.92,0,0.12,N,9,2024-04-05
28,82000,MORTGAGE,8.0,EDUCATION,A,18000,7.66,0,0.22,N,9,2024-12-04
31,82000,MORTGAGE,4.0,EDUCATION,A,10000,7.29,0,0.12,N,5,2024-11-18
32,82000,MORTGAGE,13.0,PERSONAL,B,10000,10.36,0,0.12,N,9,2024-08-27
35,82000,MORTGAGE,4.0,HOMEIMPROVEMENT,E,10000,16.69,0,0.12,Y,9,2024-10-05
31,82000,MORTGAGE,15.0,HOMEIMPROVEMENT,A,9000,5.42,0,0.11,N,9,2024-12-20
29,47256,RENT,5.0,VENTURE,A,12000,7.29,0,0.25,N,8,2024-01-07
30,82000,MORTGAGE,5.0,PERSONAL,A,5000,6.76,0,0.06,N,8,2024-09-14
31,47700,RENT,2.0,MEDICAL,B,12000,11.99,0,0.25,N,5,2024-02-28
32,64600,MORTGAGE,12.0,MEDICAL,B,25000,11.36,1,0.33,N,5,2024-07-06
27,48000,RENT,5.0,VENTURE,B,12000,11.71,0,0.25,N,6,2024-08-08
27,42000,RENT,5.0,DEBTCONSOLIDATION,E,12000,16.0,1,0.29,Y,5,2024-12-24
34,76000,MORTGAGE,13.0,DEBTCONSOLIDATION,E,20000,17.74,1,0.26,N,5,2024-12-04
29,76000,MORTGAGE,13.0,HOMEIMPROVEMENT,F,20000,16.08,1,0.26,Y,6,2024-07-09
32,48400,RENT,1.0,MEDICAL,A,12000,6.62,0,0.25,N,7,2024-04-29
35,82008,MORTGAGE,7.0,HOMEIMPROVEMENT,A,7200,6.62,0,0.09,N,7,2024-10-04
28,60000,RENT,2.0,VENTURE,B,12000,9.91,0,0.2,N,10,2024-09-05
31,82116,MORTGAGE,12.0,HOMEIMPROVEMENT,C,2800,12.68,0,0.03,Y,9,2024-12-12
30,54000,RENT,1.0,EDUCATION,A,12000,6.62,1,0.22,N,6,2024-06-12
33,82404,OWN,8.0,EDUCATION,D,14400,16.0,0,0.17,Y,7,2024-05-23
29,60000,RENT,7.0,MEDICAL,B,12000,9.91,0,0.2,N,7,2024-12-03
28,82500,MORTGAGE,12.0,MEDICAL,A,11000,7.49,0,0.13,N,9,2024-04-16
30,82500,MORTGAGE,7.0,EDUCATION,D,10000,15.65,0,0.12,Y,9,2024-04-12
27,82500,MORTGAGE,3.0,PERSONAL,A,11100,8.94,0,0.13,N,5,2024-12-14
30,60000,RENT,5.0,PERSONAL,B,12000,10.99,0,0.2,N,7,2024-09-27
31,82524,MORTGAGE,4.0,VENTURE,A,12000,6.62,0,0.15,N,8,2024-04-28
30,60000,RENT,1.0,HOMEIMPROVEMENT,C,12000,13.84,0,0.2,Y,7,2024-12-28
31,60000,RENT,5.0,HOMEIMPROVEMENT,A,12000,7.49,0,0.2,N,10,2024-07-28
34,60000,RENT,3.0,VENTURE,A,12000,6.92,0,0.2,N,9,2024-12-09
29,82600,MORTGAGE,6.0,VENTURE,B,19450,9.91,0,0.24,N,10,2024-10-17
30,65144,MORTGAGE,9.0,MEDICAL,E,5000,16.35,1,0.07,Y,6,2024-01-04
31,82656,OTHER,10.0,DEBTCONSOLIDATION,C,6000,12.09,0,0.07,Y,9,2024-11-14
28,60000,RENT,3.0,PERSONAL,A,12000,6.17,0,0.2,N,6,2024-11-14
28,82800,MORTGAGE,10.0,VENTURE,B,18000,11.013786929274843,0,0.22,N,7,2024-10-11
31,60000,RENT,2.0,PERSONAL,C,12000,13.98,0,0.2,N,5,2024-09-15
27,83000,MORTGAGE,11.0,EDUCATION,A,3500,6.03,0,0.04,N,5,2024-09-16
30,60000,RENT,4.0,PERSONAL,B,12000,10.99,0,0.2,N,10,2024-10-02
29,60000,RENT,2.0,PERSONAL,C,12000,14.22,0,0.2,Y,6,2024-11-19
29,83000,MORTGAGE,13.0,HOMEIMPROVEMENT,A,7500,8.9,0,0.09,N,6,2024-12-19
28,83000,MORTGAGE,6.0,DEBTCONSOLIDATION,B,5000,11.013786929274843,0,0.06,N,9,2024-01-20
28,54000,RENT,2.0,MEDICAL,D,12000,15.31,1,0.22,N,7,2024-09-07
28,60000,RENT,2.0,PERSONAL,B,12000,12.18,0,0.2,N,10,2024-02-14
33,83000,MORTGAGE,14.0,DEBTCONSOLIDATION,A,18000,8.49,0,0.22,N,6,2024-05-05
27,60000,RENT,2.0,MEDICAL,C,12000,13.92,0,0.2,Y,8,2024-12-13
27,83000,MORTGAGE,11.0,VENTURE,C,2500,13.99,0,0.03,Y,8,2024-11-01
31,83000,MORTGAGE,11.0,MEDICAL,A,7500,11.013786929274843,0,0.09,N,6,2024-11-27
31,83000,MORTGAGE,3.0,EDUCATION,A,7500,7.66,0,0.09,N,10,2024-05-25
28,83000,MORTGAGE,9.0,DEBTCONSOLIDATION,B,12000,10.74,0,0.14,N,6,2024-09-02
30,83000,MORTGAGE,4.0,DEBTCONSOLIDATION,B,20000,11.11,0,0.24,N,6,2024-06-07
29,83000,MORTGAGE,5.0,VENTURE,A,7500,11.013786929274843,0,0.09,N,10,2024-09-17
35,83000,MORTGAGE,17.0,HOMEIMPROVEMENT,D,15000,11.013786929274843,0,0.18,N,6,2024-04-12
32,83000,MORTGAGE,1.0,EDUCATION,A,10000,8.0,0,0.12,N,5,2024-08-10
30,61000,RENT,4.0,EDUCATION,A,12000,6.92,0,0.2,N,9,2024-08-31
27,61000,RENT,1.0,VENTURE,B,12000,12.21,0,0.2,N,5,2024-08-22
35,83004,MORTGAGE,6.0,HOMEIMPROVEMENT,A,15000,11.013786929274843,0,0.18,N,7,2024-04-02
29,83004,MORTGAGE,3.0,PERSONAL,B,4500,11.49,0,0.05,N,10,2024-09-12
31,24000,RENT,2.0,DEBTCONSOLIDATION,A,3000,7.49,0,0.13,N,10,2024-03-22
33,24000,RENT,2.0,MEDICAL,A,3000,6.62,0,0.13,N,9,2024-09-28
28,83135,MORTGAGE,3.0,EDUCATION,C,8000,13.99,0,0.1,Y,10,2024-05-21
28,83137,MORTGAGE,12.0,MEDICAL,C,3600,14.72,0,0.04,N,9,2024-06-24
30,24000,RENT,8.0,PERSONAL,A,3000,11.013786929274843,1,0.13,N,6,2024-06-28
29,24000,RENT,1.0,PERSONAL,B,3000,11.14,0,0.13,N,6,2024-08-03
28,24000,RENT,4.0,VENTURE,A,3000,9.32,0,0.13,N,6,2024-02-25
34,83200,MORTGAGE,3.0,PERSONAL,C,5000,14.79,0,0.06,Y,8,2024-11-20
28,83500,MORTGAGE,1.0,EDUCATION,A,8000,7.14,0,0.1,N,8,2024-02-02
34,25000,RENT,3.0,VENTURE,A,3000,7.4,0,0.12,N,8,2024-03-05
28,25000,RENT,2.0,EDUCATION,C,3000,13.22,0,0.12,Y,8,2024-03-15
32,83820,MORTGAGE,5.0,EDUCATION,B,12800,9.99,0,0.15,N,6,2024-02-19
27,83886,MORTGAGE,11.0,VENTURE,A,15000,6.03,0,0.18,N,6,2024-08-18
30,84000,MORTGAGE,1.0,DEBTCONSOLIDATION,B,6000,11.013786929274843,0,0.07,N,6,2024-05-28
28,25596,RENT,12.0,VENTURE,B,3000,11.013786929274843,0,0.12,N,9,2024-02-26
28,84000,OWN,8.0,VENTURE,A,25000,7.9,0,0.3,N,7,2024-04-25
30,25716,RENT,1.0,PERSONAL,C,3000,13.72,0,0.12,N,10,2024-06-15
27,84000,MORTGAGE,2.0,PERSONAL,B,7000,12.69,0,0.08,N,10,2024-04-11
27,26880,RENT,1.0,DEBTCONSOLIDATION,A,3000,5.79,0,0.11,N,10,2024-12-11
34,84000,MORTGAGE,10.0,VENTURE,A,30000,7.9,0,0.36,N,8,2024-08-31
33,84000,MORTGAGE,17.0,VENTURE,A,20000,5.99,0,0.24,N,8,2024-08-13
34,84000,MORTGAGE,6.0,EDUCATION,A,2400,7.49,0,0.03,N,6,2024-08-10
29,84000,MORTGAGE,11.0,MEDICAL,A,15000,6.99,0,0.18,N,7,2024-01-26
32,27600,RENT,5.0,MEDICAL,B,3000,11.12,1,0.11,N,8,2024-04-23
28,27600,RENT,3.0,VENTURE,C,3000,13.57,0,0.11,N,10,2024-06-26
28,28000,RENT,3.0,VENTURE,A,3000,6.91,0,0.11,N,10,2024-06-14
31,84000,MORTGAGE,12.0,HOMEIMPROVEMENT,A,10000,5.99,0,0.12,N,8,2024-12-07
28,84000,OWN,12.0,VENTURE,D,25000,15.62,0,0.3,Y,5,2024-11-02
27,78000,MORTGAGE,5.0,PERSONAL,B,6775,10.59,1,0.09,N,5,2024-08-30
29,84000,MORTGAGE,9.0,HOMEIMPROVEMENT,A,5900,7.66,0,0.07,N,9,2024-12-06
27,84000,MORTGAGE,3.0,DEBTCONSOLIDATION,A,7000,7.29,0,0.08,N,5,2024-11-28
30,84000,MORTGAGE,13.0,HOMEIMPROVEMENT,B,12000,11.11,0,0.14,N,9,2024-11-23
34,28880,RENT,2.0,VENTURE,C,3000,11.78,0,0.1,N,9,2024-08-07
28,84000,MORTGAGE,12.0,MEDICAL,B,20500,10.0,0,0.24,N,5,2024-06-17
29,84000,OWN,13.0,PERSONAL,A,6000,5.42,0,0.07,N,5,2024-04-24
30,29102,RENT,2.0,VENTURE,A,3000,7.9,0,0.1,N,9,2024-03-05
32,84000,MORTGAGE,15.0,MEDICAL,A,15000,6.91,0,0.18,N,7,2024-08-19
32,30000,RENT,7.0,EDUCATION,B,3000,12.42,0,0.1,N,8,2024-06-14
35,84000,OWN,4.0,HOMEIMPROVEMENT,A,9000,6.76,0,0.11,N,6,2024-09-26
30,62000,RENT,14.0,MEDICAL,B,12000,11.71,0,0.19,N,9,2024-01-07
31,84000,MORTGAGE,2.0,VENTURE,A,7600,7.51,0,0.09,N,5,2024-03-16
28,62000,RENT,2.0,EDUCATION,C,12000,11.013786929274843,0,0.19,N,10,2024-12-05
31,84000,MORTGAGE,2.0,EDUCATION,D,10400,14.96,0,0.12,N,7,2024-07-03
33,66300,MORTGAGE,3.0,MEDICAL,D,22000,14.59,1,0.28,N,8,2024-03-01
34,84000,MORTGAGE,15.0,PERSONAL,B,9250,11.36,0,0.11,N,8,2024-06-28
28,84000,MORTGAGE,1.0,PERSONAL,A,8400,7.51,0,0.1,N,10,2024-11-21
34,62000,RENT,5.0,VENTURE,B,12000,10.99,0,0.19,N,6,2024-05-10
27,84000,MORTGAGE,11.0,PERSONAL,D,14000,15.7,0,0.17,Y,7,2024-02-21
29,62200,RENT,3.0,PERSONAL,E,12000,19.03,0,0.19,N,6,2024-12-30
27,62400,RENT,5.0,MEDICAL,B,12000,12.42,0,0.19,N,6,2024-06-10
29,84000,OWN,11.0,EDUCATION,B,15000,12.18,0,0.18,N,10,2024-07-02
29,84000,MORTGAGE,1.0,HOMEIMPROVEMENT,B,20000,11.83,0,0.24,N,5,2024-11-02
33,84000,MORTGAGE,9.0,EDUCATION,D,20000,14.61,0,0.24,Y,5,2024-09-22
28,62496,RENT,4.0,EDUCATION,A,12000,6.91,0,0.19,N,5,2024-03-26
35,62496,RENT,6.0,VENTURE,D,12000,14.11,0,0.19,Y,8,2024-07-02
28,62500,RENT,3.0,DEBTCONSOLIDATION,A,12000,11.013786929274843,0,0.19,N,7,2024-07-08
29,84000,MORTGAGE,8.0,VENTURE,A,10000,11.013786929274843,0,0.12,N,8,2024-11-23
32,63000,RENT,4.0,VENTURE,A,12000,6.62,0,0.19,N,10,2024-12-20
29,78132,MORTGAGE,11.0,DEBTCONSOLIDATION,D,25000,15.33,1,0.32,Y,6,2024-11-23
35,63600,RENT,3.0,EDUCATION,B,12000,11.49,0,0.19,N,8,2024-11-27
29,84500,MORTGAGE,3.0,PERSONAL,A,35000,8.9,0,0.41,N,6,2024-06-11
28,84500,MORTGAGE,13.0,HOMEIMPROVEMENT,C,9600,15.27,0,0.11,N,5,2024-03-11
31,38000,OWN,8.0,EDUCATION,C,6600,13.47,0,0.17,N,5,2024-02-19
27,38000,OWN,11.0,HOMEIMPROVEMENT,A,4000,7.68,0,0.11,N,9,2024-06-18
27,84780,MORTGAGE,5.0,VENTURE,A,18000,7.51,0,0.21,N,10,2024-08-11
31,64450,RENT,3.0,VENTURE,C,12000,12.73,0,0.19,N,8,2024-04-16
27,84906,MORTGAGE,11.0,DEBTCONSOLIDATION,A,4500,7.51,0,0.05,N,10,2024-10-31
30,84996,MORTGAGE,4.0,PERSONAL,B,8000,12.69,0,0.09,N,7,2024-07-29
31,84996,MORTGAGE,1.0,VENTURE,A,2500,8.49,0,0.03,N,10,2024-06-06
33,65000,RENT,17.0,VENTURE,C,12000,11.013786929274843,0,0.18,N,8,2024-05-25
32,84996,MORTGAGE,7.0,DEBTCONSOLIDATION,C,6000,12.99,0,0.07,Y,7,2024-11-24
32,84996,MORTGAGE,5.0,MEDICAL,B,20000,8.88,0,0.24,N,5,2024-08-29
29,59000,RENT,4.0,DEBTCONSOLIDATION,D,12000,16.49,1,0.2,Y,9,2024-11-26
30,65000,RENT,1.0,PERSONAL,B,12000,11.49,0,0.18,N,7,2024-11-26
34,65000,RENT,2.0,DEBTCONSOLIDATION,A,12000,7.49,0,0.18,N,7,2024-08-06
31,78996,MORTGAGE,2.0,EDUCATION,B,15600,12.53,1,0.2,N,5,2024-02-22
32,84996,MORTGAGE,4.0,VENTURE,A,9000,9.32,0,0.11,N,6,2024-04-11
29,84996,MORTGAGE,13.0,DEBTCONSOLIDATION,A,6000,7.68,0,0.07,N,8,2024-08-24
30,85000,OWN,12.0,VENTURE,A,7800,6.03,0,0.09,N,10,2024-02-12
28,67000,RENT,3.0,HOMEIMPROVEMENT,B,12000,11.013786929274843,0,0.18,N,5,2024-06-26
33,73000,MORTGAGE,6.0,DEBTCONSOLIDATION,D,5000,16.29,1,0.07,N,9,2024-05-04
27,67000,RENT,5.0,PERSONAL,C,12000,13.23,0,0.18,Y,7,2024-11-24
31,68000,RENT,4.0,DEBTCONSOLIDATION,A,12000,7.66,0,0.18,N,8,2024-08-11
27,85000,MORTGAGE,9.0,MEDICAL,B,24000,11.71,0,0.28,N,10,2024-12-20
35,85000,MORTGAGE,2.0,MEDICAL,B,14000,10.65,0,0.16,N,5,2024-11-21
29,63600,RENT,5.0,DEBTCONSOLIDATION,B,12000,12.42,1,0.19,N,8,2024-12-23
27,69805,RENT,3.0,VENTURE,B,12000,10.25,0,0.17,N,9,2024-03-24
30,85000,MORTGAGE,2.0,EDUCATION,A,15000,6.03,0,0.18,N,8,2024-02-27
28,70000,RENT,1.0,HOMEIMPROVEMENT,C,12000,14.27,0,0.17,Y,6,2024-05-04
27,85000,MORTGAGE,12.0,VENTURE,A,3800,6.03,0,0.04,N,6,2024-03-20
27,85000,MORTGAGE,11.0,EDUCATION,A,12000,6.62,0,0.14,N,10,2024-04-29
29,85000,MORTGAGE,9.0,MEDICAL,B,15000,10.65,0,0.18,N,9,2024-10-06
27,73000,MORTGAGE,3.0,DEBTCONSOLIDATION,B,18000,12.69,1,0.25,N,6,2024-09-16
33,70000,RENT,6.0,PERSONAL,D,12000,15.65,0,0.17,Y,5,2024-12-23
31,70000,RENT,8.0,HOMEIMPROVEMENT,A,12000,11.013786929274843,0,0.17,N,6,2024-03-24
27,70000,RENT,6.0,VENTURE,B,12000,10.99,0,0.17,N,8,2024-08-30
28,85000,MORTGAGE,5.0,EDUCATION,D,16800,16.49,0,0.2,N,8,2024-11-28
29,71000,RENT,1.0,MEDICAL,C,12000,11.013786929274843,0,0.17,N,5,2024-08-04
30,71000,RENT,2.0,HOMEIMPROVEMENT,A,12000,8.9,0,0.17,N,8,2024-08-02
29,85000,MORTGAGE,14.0,VENTURE,B,7500,11.49,0,0.09,N,10,2024-05-01
29,71000,RENT,1.0,DEBTCONSOLIDATION,C,12000,13.16,0,0.17,Y,9,2024-01-31
28,72000,RENT,4.0,VENTURE,C,12000,13.49,0,0.17,Y,6,2024-12-23
28,72000,RENT,3.0,MEDICAL,C,12000,14.27,0,0.17,Y,6,2024-10-26
27,72000,RENT,11.0,EDUCATION,A,12000,6.62,0,0.17,N,8,2024-02-29
34,85000,MORTGAGE,2.0,HOMEIMPROVEMENT,D,15000,15.99,0,0.18,Y,9,2024-10-19
28,85000,MORTGAGE,4.0,PERSONAL,B,35000,9.99,0,0.41,N,5,2024-06-14
34,85000,MORTGAGE,6.0,HOMEIMPROVEMENT,B,24000,11.49,0,0.28,N,7,2024-03-08
28,85000,MORTGAGE,2.0,EDUCATION,A,15000,8.49,0,0.18,N,7,2024-03-30
35,85000,MORTGAGE,9.0,DEBTCONSOLIDATION,A,21000,7.49,0,0.25,N,9,2024-02-02
28,85000,MORTGAGE,8.0,PERSONAL,A,12500,7.49,0,0.15,N,7,2024-01-30
33,72000,RENT,3.0,MEDICAL,B,12000,11.99,0,0.17,N,5,2024-05-22
32,72000,RENT,5.0,VENTURE,B,12000,10.62,0,0.17,N,5,2024-08-08
28,85000,MORTGAGE,6.0,VENTURE,A,9075,7.49,0,0.11,N,10,2024-10-17
29,62050,MORTGAGE,13.0,MEDICAL,E,3600,17.99,1,0.05,N,9,2024-01-08
34,66000,RENT,5.0,DEBTCONSOLIDATION,D,12000,14.3,1,0.18,N,6,2024-06-24
35,85000,MORTGAGE,2.0,EDUCATION,B,8400,11.99,0,0.1,N,9,2024-05-08
32,85000,MORTGAGE,3.0,VENTURE,E,8000,18.79,0,0.09,Y,5,2024-02-14
30,85000,MORTGAGE,14.0,MEDICAL,A,6000,5.42,0,0.07,N,8,2024-06-16
28,72500,RENT,1.0,DEBTCONSOLIDATION,A,12000,7.49,0,0.17,N,6,2024-11-28
27,85000,MORTGAGE,11.0,PERSONAL,A,10000,7.49,0,0.12,N,8,2024-06-12
34,73000,MORTGAGE,6.0,PERSONAL,D,7500,15.99,1,0.1,Y,5,2024-07-09
31,85000,MORTGAGE,9.0,VENTURE,D,16000,11.013786929274843,0,0.19,Y,10,2024-04-30
28,73200,RENT,2.0,PERSONAL,A,12000,8.9,0,0.16,N,10,2024-03-07
27,73660,RENT,4.0,HOMEIMPROVEMENT,E,12000,14.18,0,0.16,N,7,2024-10-09
27,74000,RENT,2.0,VENTURE,B,12000,12.18,0,0.16,N,6,2024-04-29
27,40000,RENT,2.0,EDUCATION,A,3000,7.4,0,0.07,N,9,2024-08-01
28,85000,MORTGAGE,1.0,MEDICAL,A,5000,6.92,0,0.06,N,8,2024-03-07
31,35000,RENT,1.0,VENTURE,D,3000,14.74,1,0.09,Y,9,2024-09-03
32,41000,RENT,17.0,MEDICAL,C,3000,11.013786929274843,0,0.07,Y,7,2024-02-08
28,85000,MORTGAGE,3.0,DEBTCONSOLIDATION,B,20000,9.62,0,0.24,N,5,2024-07-28
29,42000,RENT,5.0,MEDICAL,B,3000,12.69,0,0.07,N,5,2024-07-27
31,85000,MORTGAGE,15.0,PERSONAL,A,4500,6.54,0,0.05,N,6,2024-03-26
32,42000,RENT,4.0,MEDICAL,A,3000,7.49,0,0.07,N,10,2024-05-29
29,85000,MORTGAGE,12.0,PERSONAL,B,25000,9.25,0,0.29,N,10,2024-08-31
27,36000,RENT,4.0,HOMEIMPROVEMENT,D,3000,15.62,1,0.08,N,7,2024-09-09
35,36000,RENT,2.0,PERSONAL,D,3000,11.013786929274843,1,0.08,N,10,2024-05-27
29,85000,MORTGAGE,9.0,VENTURE,B,20000,10.38,0,0.24,N,9,2024-06-19
27,85000,OWN,6.0,VENTURE,A,20000,7.88,0,0.24,N,6,2024-12-01
27,85000,OWN,2.0,VENTURE,C,10000,13.23,0,0.12,N,7,2024-09-07
27,37000,OWN,1.0,VENTURE,D,16750,15.33,0,0.45,Y,10,2024-04-07
28,42000,RENT,4.0,MEDICAL,B,3000,10.25,0,0.07,N,10,2024-03-03
27,42000,RENT,2.0,EDUCATION,A,3000,8.94,0,0.07,N,5,2024-11-21
27,42000,RENT,1.0,VENTURE,B,3000,11.83,0,0.07,N,5,2024-09-03
27,42000,RENT,6.0,DEBTCONSOLIDATION,C,3000,11.013786929274843,0,0.07,Y,7,2024-05-09
27,85000,MORTGAGE,8.0,VENTURE,B,7500,10.99,0,0.09,N,10,2024-05-27
33,85000,MORTGAGE,12.0,HOMEIMPROVEMENT,A,8000,7.14,0,0.09,N,8,2024-06-02
33,62050,MORTGAGE,17.0,MEDICAL,D,20000,11.013786929274843,1,0.27,Y,8,2024-11-05
27,85000,MORTGAGE,6.0,HOMEIMPROVEMENT,B,5500,11.36,0,0.06,N,9,2024-01-08
31,73000,MORTGAGE,4.0,HOMEIMPROVEMENT,F,16000,19.41,1,0.22,Y,6,2024-11-02
32,73000,MORTGAGE,7.0,PERSONAL,C,4750,13.11,1,0.07,Y,9,2024-11-08
29,85000,MORTGAGE,2.0,HOMEIMPROVEMENT,A,10000,7.88,0,0.12,N,10,2024-09-22
28,42996,RENT,4.0,EDUCATION,A,3000,7.68,0,0.07,N,6,2024-07-24
32,85000,MORTGAGE,16.0,PERSONAL,A,10000,7.74,0,0.12,N,8,2024-11-02
28,85000,MORTGAGE,12.0,MEDICAL,B,18000,12.53,0,0.21,N,10,2024-12-25
28,36928,OWN,2.0,MEDICAL,D,7800,15.58,0,0.21,Y,9,2024-01-03
31,73000,MORTGAGE,9.0,DEBTCONSOLIDATION,E,18000,17.39,1,0.25,Y,10,2024-12-31
27,75000,RENT,3.0,VENTURE,B,12000,11.49,0,0.16,N,5,2024-11-25
27,85000,OWN,10.0,VENTURE,C,19000,13.92,0,0.22,N,5,2024-11-05
34,75000,RENT,2.0,VENTURE,A,12000,7.29,0,0.16,N,8,2024-08-21
28,85000,MORTGAGE,3.0,DEBTCONSOLIDATION,A,7000,8.59,0,0.08,N,5,2024-06-15
28,69000,RENT,1.0,VENTURE,D,12000,14.46,1,0.17,N,9,2024-11-25
27,85000,MORTGAGE,7.0,EDUCATION,C,10400,13.16,0,0.12,Y,6,2024-05-02
27,75000,RENT,6.0,HOMEIMPROVEMENT,B,12000,10.99,0,0.16,N,10,2024-01-14
30,85000,MORTGAGE,2.0,EDUCATION,C,25000,12.84,0,0.29,Y,8,2024-04-19
35,69000,RENT,1.0,EDUCATION,B,12000,11.26,1,0.17,N,5,2024-04-03
28,75000,RENT,1.0,HOMEIMPROVEMENT,A,12000,9.63,0,0.16,N,7,2024-03-21
31,85000,MORTGAGE,14.0,DEBTCONSOLIDATION,A,10400,9.32,0,0.12,N,10,2024-07-10
31,85000,OTHER,4.0,HOMEIMPROVEMENT,B,16000,11.89,0,0.19,N,10,2024-09-12
30,76000,RENT,3.0,DEBTCONSOLIDATION,B,12000,10.99,0,0.16,N,10,2024-11-08
29,76663,RENT,9.0,EDUCATION,A,12000,11.013786929274843,0,0.16,N,9,2024-02-08
28,78000,RENT,5.0,VENTURE,B,12000,10.62,0,0.15,N,10,2024-05-28
29,73000,MORTGAGE,6.0,EDUCATION,D,21000,13.36,1,0.29,Y,7,2024-11-29
28,36400,OWN,3.0,PERSONAL,B,7000,11.11,0,0.19,N,9,2024-10-25
30,80000,RENT,7.0,VENTURE,A,12000,8.9,0,0.15,N,10,2024-01-18
32,85000,MORTGAGE,1.0,HOMEIMPROVEMENT,C,7500,10.78,0,0.09,N,10,2024-06-14
28,85100,MORTGAGE,12.0,EDUCATION,A,8000,7.51,0,0.09,N,8,2024-03-12
27,80000,RENT,3.0,EDUCATION,D,12000,17.58,0,0.15,N,7,2024-09-22
29,85200,MORTGAGE,5.0,MEDICAL,C,8900,11.013786929274843,0,0.1,Y,6,2024-03-04
31,85224,OWN,15.0,PERSONAL,B,6000,10.0,0,0.07,N,9,2024-09-25
32,80000,RENT,3.0,HOMEIMPROVEMENT,A,12000,6.62,0,0.15,N,10,2024-10-29
31,80000,RENT,15.0,DEBTCONSOLIDATION,A,12000,5.79,0,0.15,N,5,2024-06-11
29,85500,MORTGAGE,3.0,EDUCATION,A,9500,11.013786929274843,0,0.11,N,9,2024-04-15
30,85634,MORTGAGE,4.0,PERSONAL,A,14000,7.66,0,0.16,N,8,2024-09-11
27,73680,MORTGAGE,11.0,DEBTCONSOLIDATION,E,10000,17.93,1,0.14,Y,6,2024-04-03
34,85800,OWN,11.0,VENTURE,A,5000,7.4,0,0.06,N,6,2024-03-16
27,62900,RENT,3.0,MEDICAL,D,12000,15.95,1,0.16,N,9,2024-09-08
32,74000,MORTGAGE,16.0,EDUCATION,B,13650,12.42,1,0.18,N,10,2024-11-26
29,86000,MORTGAGE,5.0,PERSONAL,C,14000,14.27,0,0.16,N,9,2024-07-01
30,36000,OWN,6.0,MEDICAL,B,10000,12.69,0,0.28,N,10,2024-11-18
32,86000,MORTGAGE,4.0,MEDICAL,B,10800,12.42,0,0.13,N,7,2024-08-04
32,86000,MORTGAGE,4.0,MEDICAL,A,8400,6.62,0,0.1,N,8,2024-07-05
35,86000,OWN,5.0,MEDICAL,B,18000,11.013786929274843,0,0.21,N,6,2024-09-20
28,86000,MORTGAGE,12.0,PERSONAL,A,15600,5.99,0,0.18,N,7,2024-02-11
33,86000,MORTGAGE,5.0,VENTURE,D,15000,16.49,0,0.17,Y,9,2024-11-26
27,86000,MORTGAGE,6.0,HOMEIMPROVEMENT,B,4500,10.37,0,0.05,N,6,2024-07-19
29,86000,MORTGAGE,9.0,DEBTCONSOLIDATION,A,8400,11.013786929274843,0,0.1,N,10,2024-08-31
27,81193,RENT,2.0,DEBTCONSOLIDATION,B,12000,10.71,0,0.15,N,6,2024-08-28
28,86000,MORTGAGE,6.0,PERSONAL,C,2650,13.23,0,0.03,Y,5,2024-01-13
28,86000,MORTGAGE,12.0,EDUCATION,B,15000,10.62,0,0.17,N,10,2024-12-20
31,83000,RENT,2.0,PERSONAL,B,12000,12.42,0,0.14,N,7,2024-09-15
30,86000,MORTGAGE,7.0,DEBTCONSOLIDATION,B,10000,11.013786929274843,0,0.12,N,10,2024-03-19
27,74000,MORTGAGE,3.0,PERSONAL,B,25000,11.46,1,0.34,N,5,2024-04-13
28,84000,RENT,1.0,PERSONAL,B,12000,11.71,0,0.14,N,8,2024-05-29
31,86004,OWN,8.0,VENTURE,B,2000,10.74,0,0.02,N,6,2024-03-21
28,86004,MORTGAGE,12.0,VENTURE,B,3000,9.99,0,0.03,N,5,2024-04-01
32,86004,MORTGAGE,16.0,DEBTCONSOLIDATION,A,8000,5.79,0,0.09,N,5,2024-11-12
27,86004,MORTGAGE,8.0,HOMEIMPROVEMENT,D,16000,14.42,0,0.19,N,6,2024-05-22
29,86028,MORTGAGE,4.0,HOMEIMPROVEMENT,E,25000,16.82,0,0.29,N,9,2024-12-11
34,86100,MORTGAGE,5.0,VENTURE,A,18000,6.99,0,0.21,N,5,2024-08-12
28,86304,MORTGAGE,12.0,DEBTCONSOLIDATION,A,6000,5.79,0,0.07,N,10,2024-12-05
27,86399,MORTGAGE,7.0,PERSONAL,A,2250,11.013786929274843,0,0.03,N,6,2024-05-06
32,86400,MORTGAGE,16.0,MEDICAL,A,8000,6.03,0,0.09,N,10,2024-06-28
27,84000,RENT,7.0,VENTURE,C,12000,13.16,0,0.14,Y,5,2024-09-10
30,84300,RENT,4.0,PERSONAL,B,12000,8.88,0,0.14,N,7,2024-10-06
29,86400,MORTGAGE,12.0,PERSONAL,C,8000,12.99,0,0.09,N,8,2024-10-03
27,85000,RENT,2.0,PERSONAL,B,12000,9.91,0,0.14,N,7,2024-12-17
27,74400,MORTGAGE,11.0,DEBTCONSOLIDATION,D,10000,16.0,1,0.13,Y,6,2024-05-24
31,85000,RENT,5.0,PERSONAL,C,12000,15.27,0,0.14,N,8,2024-06-13
27,86625,MORTGAGE,3.0,HOMEIMPROVEMENT,A,14825,11.013786929274843,0,0.17,N,9,2024-08-17
27,74700,MORTGAGE,7.0,HOMEIMPROVEMENT,B,5000,11.49,1,0.07,N,6,2024-03-17
30,86706,MORTGAGE,6.0,MEDICAL,A,8500,6.62,0,0.1,N,10,2024-01-20
32,86800,MORTGAGE,6.0,HOMEIMPROVEMENT,A,2800,7.88,0,0.03,N,9,2024-04-22
30,85000,RENT,2.0,HOMEIMPROVEMENT,C,12000,11.013786929274843,0,0.14,N,6,2024-06-28
27,86875,MORTGAGE,5.0,VENTURE,B,8000,10.59,0,0.09,N,10,2024-02-02
27,75000,MORTGAGE,11.0,EDUCATION,B,12000,9.91,1,0.16,N,10,2024-01-26
28,75000,MORTGAGE,11.0,PERSONAL,A,3000,7.9,1,0.04,N,8,2024-08-10
30,73000,RENT,4.0,VENTURE,C,12000,14.26,1,0.16,Y,5,2024-02-09
29,87000,MORTGAGE,4.0,HOMEIMPROVEMENT,B,15000,10.99,0,0.17,N,5,2024-09-04
27,86000,RENT,4.0,EDUCATION,A,12000,7.51,0,0.14,N,8,2024-05-04
32,86496,RENT,6.0,HOMEIMPROVEMENT,B,12000,11.71,0,0.14,N,9,2024-09-09
33,87000,MORTGAGE,17.0,VENTURE,E,9000,17.93,0,0.1,Y,7,2024-05-27
30,36000,OWN,14.0,HOMEIMPROVEMENT,C,4000,13.49,0,0.11,N,10,2024-08-10
33,87000,MORTGAGE,1.0,EDUCATION,D,5000,14.96,0,0.06,Y,9,2024-12-29
29,88000,RENT,6.0,EDUCATION,C,12000,12.53,0,0.14,N,5,2024-09-06
31,36000,OWN,15.0,VENTURE,A,5000,6.99,0,0.14,N,9,2024-03-21
28,88365,RENT,9.0,EDUCATION,D,12000,16.29,0,0.14,N,6,2024-04-28
31,87000,OWN,7.0,HOMEIMPROVEMENT,C,15000,13.11,0,0.17,Y,8,2024-06-02
27,87000,MORTGAGE,11.0,VENTURE,C,21125,13.92,0,0.24,N,5,2024-08-25
32,87000,MORTGAGE,8.0,MEDICAL,B,24800,12.53,0,0.29,N,5,2024-05-18
29,87000,MORTGAGE,6.0,VENTURE,A,4800,8.94,0,0.06,N,5,2024-09-07
32,36000,OWN,3.0,EDUCATION,B,5000,10.0,0,0.14,N,6,2024-10-12
27,87000,MORTGAGE,2.0,VENTURE,A,7200,9.63,0,0.08,N,6,2024-03-10
30,36000,OWN,5.0,VENTURE,A,4800,11.013786929274843,0,0.13,N,6,2024-02-12
29,89000,RENT,3.0,PERSONAL,A,12000,7.29,0,0.13,N,5,2024-04-09
28,90000,RENT,12.0,MEDICAL,C,12000,14.65,0,0.13,N,7,2024-10-30
30,75000,MORTGAGE,9.0,HOMEIMPROVEMENT,C,14000,13.79,1,0.19,N,8,2024-03-23
33,87120,MORTGAGE,10.0,PERSONAL,A,2850,7.51,0,0.03,N,7,2024-02-29
29,87204,MORTGAGE,7.0,MEDICAL,A,10000,9.32,0,0.11,N,8,2024-03-03
34,87360,MORTGAGE,11.0,PERSONAL,B,12000,11.11,0,0.14,N,5,2024-01-25
29,90000,RENT,4.0,VENTURE,B,12000,10.74,0,0.13,N,10,2024-01-31
31,87504,MORTGAGE,14.0,MEDICAL,A,12650,8.9,0,0.14,N,10,2024-02-02
28,87504,MORTGAGE,2.0,PERSONAL,D,12000,15.21,0,0.14,Y,10,2024-10-08
30,87580,OWN,15.0,MEDICAL,A,4700,11.013786929274843,0,0.05,N,7,2024-10-24
28,87600,OWN,12.0,VENTURE,C,12000,12.99,0,0.14,N,6,2024-01-26
34,87600,MORTGAGE,15.0,EDUCATION,A,15000,8.49,0,0.17,N,6,2024-06-13
29,87600,MORTGAGE,4.0,PERSONAL,B,12000,11.49,0,0.14,N,8,2024-10-09
32,90000,RENT,2.0,MEDICAL,B,12000,10.62,0,0.13,N,5,2024-04-02
33,87895,MORTGAGE,4.0,DEBTCONSOLIDATION,A,2800,7.14,0,0.03,N,9,2024-11-24
28,87950,MORTGAGE,12.0,PERSONAL,B,24000,10.75,0,0.27,N,7,2024-07-04
27,87988,MORTGAGE,5.0,DEBTCONSOLIDATION,C,20000,12.84,0,0.23,Y,10,2024-07-23
31,88000,MORTGAGE,11.0,VENTURE,D,14000,17.58,0,0.16,N,7,2024-07-18
31,76000,MORTGAGE,9.0,EDUCATION,C,12000,15.96,1,0.16,N,5,2024-08-03
27,88000,MORTGAGE,4.0,VENTURE,B,14000,12.42,0,0.16,N,10,2024-01-29
30,90000,RENT,3.0,MEDICAL,C,12000,12.29,0,0.13,N,5,2024-05-23
29,90444,RENT,13.0,MEDICAL,A,12000,7.14,0,0.13,N,8,2024-04-13
34,91200,RENT,5.0,MEDICAL,A,12000,6.92,0,0.13,N,7,2024-06-27
27,88000,MORTGAGE,8.0,PERSONAL,B,14400,11.71,0,0.16,N,6,2024-07-28
30,64600,MORTGAGE,8.0,MEDICAL,D,8000,15.99,1,0.11,Y,6,2024-08-28
27,93000,RENT,11.0,HOMEIMPROVEMENT,A,12000,8.9,0,0.13,N,8,2024-11-09
31,94140,RENT,5.0,VENTURE,D,12000,14.91,0,0.13,Y,8,2024-09-11
29,76000,MORTGAGE,4.0,HOMEIMPROVEMENT,E,20000,11.013786929274843,1,0.26,Y,8,2024-03-31
29,88000,MORTGAGE,3.0,DEBTCONSOLIDATION,C,15000,13.85,0,0.17,Y,6,2024-02-10
27,88000,OWN,11.0,HOMEIMPROVEMENT,C,3500,13.57,0,0.04,Y,8,2024-11-07
28,76000,MORTGAGE,12.0,HOMEIMPROVEMENT,A,5000,8.94,1,0.07,N,5,2024-08-16
31,95004,RENT,1.0,DEBTCONSOLIDATION,B,12000,10.75,0,0.13,N,5,2024-06-26
27,95500,RENT,1.0,EDUCATION,B,12000,11.11,0,0.13,N,6,2024-11-17
31,76000,MORTGAGE,5.0,PERSONAL,C,5000,12.41,1,0.07,Y,9,2024-12-20
31,88000,MORTGAGE,10.0,DEBTCONSOLIDATION,B,7000,9.2,0,0.08,N,10,2024-04-22
30,96000,RENT,11.0,EDUCATION,C,12000,13.23,0,0.13,N,10,2024-12-07
29,88055,MORTGAGE,6.0,DEBTCONSOLIDATION,B,21600,12.42,0,0.25,N,8,2024-02-12
31,99000,RENT,15.0,DEBTCONSOLIDATION,C,12000,14.26,0,0.12,Y,10,2024-12-24
28,99996,RENT,6.0,VENTURE,C,12000,13.61,0,0.12,Y,9,2024-11-10
32,88500,MORTGAGE,5.0,MEDICAL,C,2700,14.27,0,0.03,N,10,2024-12-30
31,88560,MORTGAGE,16.0,EDUCATION,A,9000,7.29,0,0.1,N,8,2024-03-18
35,100000,RENT,3.0,PERSONAL,A,12000,7.88,0,0.12,N,6,2024-07-15
30,88800,MORTGAGE,14.0,EDUCATION,A,7000,6.62,0,0.08,N,6,2024-08-01
31,89000,MORTGAGE,15.0,EDUCATION,B,14000,10.65,0,0.16,N,10,2024-12-07
30,89000,MORTGAGE,14.0,VENTURE,A,4000,6.03,0,0.04,N,6,2024-01-02
27,89000,MORTGAGE,2.0,DEBTCONSOLIDATION,B,10000,10.65,0,0.11,N,7,2024-12-09
30,100000,RENT,13.0,DEBTCONSOLIDATION,A,12000,7.88,0,0.12,N,9,2024-08-07
30,89000,MORTGAGE,3.0,PERSONAL,B,10800,11.99,0,0.12,N,8,2024-11-23
28,65450,MORTGAGE,5.0,MEDICAL,D,15000,16.89,1,0.19,N,9,2024-04-23
30,76500,RENT,11.0,MEDICAL,D,12000,17.27,1,0.13,N,10,2024-11-28
27,89000,OWN,10.0,VENTURE,A,3000,6.76,0,0.03,N,6,2024-04-26
32,77000,MORTGAGE,14.0,DEBTCONSOLIDATION,B,23000,11.49,1,0.3,N,6,2024-07-27
34,89000,MORTGAGE,17.0,DEBTCONSOLIDATION,B,10000,10.99,0,0.11,N,7,2024-08-14
27,89000,MORTGAGE,11.0,EDUCATION,D,2800,14.96,0,0.03,Y,10,2024-08-20
33,110000,RENT,3.0,HOMEIMPROVEMENT,B,12000,10.65,0,0.11,N,5,2024-10-22
31,89000,MORTGAGE,8.0,PERSONAL,D,12250,15.05,0,0.14,N,8,2024-07-07
27,89004,MORTGAGE,4.0,PERSONAL,A,10000,7.51,0,0.11,N,9,2024-04-03
30,110000,RENT,8.0,HOMEIMPROVEMENT,B,12000,12.18,0,0.11,N,7,2024-02-04
29,89004,MORTGAGE,2.0,EDUCATION,D,4800,14.11,0,0.05,Y,8,2024-03-06
30,111996,RENT,1.0,DEBTCONSOLIDATION,A,12000,7.49,0,0.11,N,6,2024-07-12
29,89520,OWN,13.0,MEDICAL,C,8000,13.23,0,0.09,N,10,2024-12-13
28,89602,MORTGAGE,4.0,VENTURE,A,4800,5.42,0,0.05,N,8,2024-05-17
32,120000,RENT,11.0,DEBTCONSOLIDATION,A,12000,7.51,0,0.1,N,9,2024-05-21
29,89849,MORTGAGE,13.0,EDUCATION,C,6000,13.98,0,0.07,Y,5,2024-03-29
30,89900,MORTGAGE,5.0,VENTURE,C,20000,11.013786929274843,0,0.22,Y,9,2024-07-07
35,120000,RENT,4.0,HOMEIMPROVEMENT,B,12000,10.99,0,0.1,N,7,2024-02-06
34,120000,RENT,4.0,PERSONAL,B,12000,11.49,0,0.1,N,6,2024-10-13
29,108000,RENT,1.0,EDUCATION,D,12000,11.013786929274843,1,0.11,N,9,2024-06-15
27,120000,RENT,4.0,DEBTCONSOLIDATION,A,12000,11.013786929274843,0,0.1,N,5,2024-02-21
29,90000,MORTGAGE,14.0,EDUCATION,B,10000,10.65,0,0.11,N,6,2024-01-18
33,123000,RENT,5.0,MEDICAL,B,12000,11.83,0,0.1,N,7,2024-09-19
32,113000,RENT,5.0,HOMEIMPROVEMENT,D,12000,16.29,1,0.11,N,5,2024-07-22
33,96053,RENT,3.0,MEDICAL,E,12000,15.68,1,0.11,N,6,2024-03-11
27,90000,MORTGAGE,4.0,HOMEIMPROVEMENT,B,20000,12.42,0,0.22,N,10,2024-01-22
28,90000,MORTGAGE,13.0,HOMEIMPROVEMENT,A,1800,7.51,0,0.02,N,5,2024-10-15
31,90000,MORTGAGE,11.0,DEBTCONSOLIDATION,B,6000,11.71,0,0.07,N,8,2024-06-13
30,117005,RENT,1.0,VENTURE,E,12000,18.79,1,0.1,Y,8,2024-01-04
29,90000,MORTGAGE,8.0,DEBTCONSOLIDATION,A,14000,7.9,0,0.16,N,9,2024-10-12
31,130000,RENT,6.0,VENTURE,D,12000,16.49,0,0.09,N,10,2024-01-11
31,90000,MORTGAGE,9.0,DEBTCONSOLIDATION,A,15000,7.9,0,0.17,N,9,2024-05-03
27,130000,RENT,11.0,EDUCATION,C,12000,15.23,0,0.09,Y,10,2024-02-18
31,100300,RENT,1.0,MEDICAL,D,12000,14.91,1,0.1,Y,7,2024-12-07
35,130000,RENT,17.0,EDUCATION,B,12000,10.75,0,0.09,N,6,2024-01-22
27,90000,MORTGAGE,6.0,MEDICAL,A,24400,8.9,0,0.27,N,10,2024-12-27
28,140000,RENT,3.0,DEBTCONSOLIDATION,B,12000,9.91,0,0.09,N,10,2024-10-19
30,90000,MORTGAGE,2.0,HOMEIMPROVEMENT,B,7000,11.71,0,0.08,N,10,2024-01-12
28,140000,RENT,9.0,HOMEIMPROVEMENT,A,12000,7.88,0,0.09,N,7,2024-01-11
27,90000,OWN,1.0,VENTURE,A,7500,7.51,0,0.08,N,6,2024-04-21
33,90000,MORTGAGE,5.0,PERSONAL,A,11400,6.62,0,0.13,N,8,2024-01-28
27,78000,MORTGAGE,2.0,HOMEIMPROVEMENT,D,35000,17.27,1,0.45,Y,5,2024-03-29
34,150000,RENT,5.0,HOMEIMPROVEMENT,B,12000,10.59,0,0.08,N,9,2024-12-21
30,150000,RENT,14.0,DEBTCONSOLIDATION,A,12000,7.29,0,0.08,N,7,2024-02-09
28,150086,RENT,5.0,MEDICAL,A,12000,6.54,0,0.08,N,9,2024-01-19
29,90000,MORTGAGE,13.0,DEBTCONSOLIDATION,A,6000,6.03,0,0.07,N,5,2024-07-27
32,90000,MORTGAGE,6.0,PERSONAL,A,15600,7.9,0,0.17,N,9,2024-05-06
28,170000,RENT,1.0,HOMEIMPROVEMENT,A,12000,5.79,0,0.07,N,6,2024-03-20
34,187000,RENT,3.0,VENTURE,A,12000,7.9,0,0.06,N,10,2024-03-10
27,223000,RENT,4.0,EDUCATION,D,12000,14.96,1,0.05,N,6,2024-12-15
32,703800,RENT,14.0,MEDICAL,D,12000,15.33,1,0.01,Y,9,2024-02-25
32,90000,MORTGAGE,16.0,EDUCATION,C,21400,15.23,0,0.24,Y,5,2024-05-01
27,170000,RENT,3.0,DEBTCONSOLIDATION,B,12075,12.42,0,0.07,N,9,2024-05-03
27,54000,RENT,2.0,MEDICAL,B,12100,9.45,0,0.22,N,6,2024-02-15
31,90000,MORTGAGE,6.0,MEDICAL,B,18000,11.013786929274843,0,0.2,N,8,2024-08-18
29,90000,MORTGAGE,13.0,DEBTCONSOLIDATION,B,21000,11.99,0,0.23,N,10,2024-10-03
27,90000,MORTGAGE,12.0,EDUCATION,A,20000,11.013786929274843,0,0.22,N,6,2024-03-25
28,90000,MORTGAGE,12.0,HOMEIMPROVEMENT,C,5000,14.79,0,0.06,Y,8,2024-03-13
33,36000,RENT,5.0,EDUCATION,B,12200,9.99,1,0.34,N,6,2024-01-10
27,90000,MORTGAGE,11.0,VENTURE,D,21000,15.62,0,0.23,N,9,2024-12-08
30,90000,MORTGAGE,14.0,MEDICAL,A,18000,8.49,0,0.2,N,9,2024-09-25
31,90000,MORTGAGE,5.0,VENTURE,A,17000,11.013786929274843,0,0.19,N,10,2024-12-09
30,90000,MORTGAGE,4.0,VENTURE,C,8000,11.013786929274843,0,0.09,Y,9,2024-04-19
28,28800,RENT,1.0,VENTURE,B,12250,10.59,1,0.43,N,9,2024-12-07
29,90000,MORTGAGE,3.0,EDUCATION,A,15000,6.99,0,0.17,N,8,2024-10-31
35,90000,MORTGAGE,8.0,EDUCATION,B,4800,9.99,0,0.05,N,5,2024-07-03
27,35196,RENT,4.0,MEDICAL,C,12250,13.23,1,0.35,N,7,2024-05-18
30,90000,MORTGAGE,14.0,DEBTCONSOLIDATION,A,4500,5.99,0,0.05,N,6,2024-04-02
34,90000,MORTGAGE,15.0,VENTURE,A,15000,6.99,0,0.17,N,6,2024-09-27
34,90000,MORTGAGE,3.0,MEDICAL,C,7500,15.23,0,0.08,Y,8,2024-01-03
28,42000,RENT,9.0,MEDICAL,D,12250,14.59,1,0.29,N,10,2024-07-10
34,90000,MORTGAGE,4.0,DEBTCONSOLIDATION,A,9900,5.99,0,0.11,N,5,2024-08-10
27,52000,RENT,3.0,PERSONAL,B,12250,11.36,0,0.24,N,5,2024-03-09
27,90000,MORTGAGE,5.0,HOMEIMPROVEMENT,A,15000,7.49,0,0.17,N,5,2024-12-10
28,78000,MORTGAGE,4.0,VENTURE,D,10000,15.99,1,0.13,Y,7,2024-04-14
28,90000,MORTGAGE,3.0,MEDICAL,B,21000,10.74,0,0.23,N,7,2024-10-11
29,90000,MORTGAGE,1.0,MEDICAL,A,12000,5.79,0,0.13,N,9,2024-11-24
27,90000,MORTGAGE,8.0,DEBTCONSOLIDATION,A,12000,7.29,0,0.13,N,5,2024-07-16
29,90000,MORTGAGE,14.0,HOMEIMPROVEMENT,B,15000,11.11,0,0.17,N,9,2024-05-30
29,70000,RENT,3.0,PERSONAL,A,12300,8.49,0,0.18,N,8,2024-02-05
33,36000,RENT,10.0,MEDICAL,A,12325,6.54,1,0.34,N,10,2024-12-08
34,90000,MORTGAGE,7.0,HOMEIMPROVEMENT,A,7000,5.79,0,0.08,N,8,2024-07-06
31,90000,MORTGAGE,9.0,MEDICAL,A,14400,7.66,0,0.16,N,6,2024-03-10
30,75000,RENT,6.0,MEDICAL,C,12325,12.73,0,0.16,N,6,2024-08-15
27,90000,MORTGAGE,8.0,EDUCATION,A,8000,7.66,0,0.09,N,5,2024-10-18
31,90000,MORTGAGE,8.0,HOMEIMPROVEMENT,B,18000,11.11,0,0.2,N,10,2024-12-02
28,90000,OWN,5.0,HOMEIMPROVEMENT,D,20000,15.28,0,0.22,Y,6,2024-08-17
30,90000,MORTGAGE,5.0,PERSONAL,A,10000,5.79,0,0.11,N,7,2024-10-07
32,65000,RENT,16.0,DEBTCONSOLIDATION,C,12400,13.49,0,0.19,Y,6,2024-05-13
30,72000,RENT,12.0,EDUCATION,A,12400,11.013786929274843,0,0.17,N,5,2024-04-26
31,90000,MORTGAGE,11.0,EDUCATION,A,12000,6.92,0,0.13,N,5,2024-08-18
27,35000,RENT,11.0,MEDICAL,D,12500,15.65,1,0.36,Y,8,2024-03-11
28,35000,RENT,2.0,EDUCATION,C,12500,11.013786929274843,1,0.36,N,10,2024-04-07
33,90000,MORTGAGE,4.0,DEBTCONSOLIDATION,C,12000,12.98,0,0.13,N,6,2024-04-17
33,90000,MORTGAGE,12.0,PERSONAL,A,6000,5.42,0,0.07,N,7,2024-10-16
27,36500,RENT,4.0,EDUCATION,B,12500,10.25,1,0.34,N,8,2024-11-25
35,90000,MORTGAGE,3.0,MEDICAL,A,14500,6.54,0,0.16,N,10,2024-05-07
32,90000,MORTGAGE,7.0,MEDICAL,B,3000,9.25,0,0.03,N,9,2024-08-13
31,90000,MORTGAGE,3.0,VENTURE,C,16500,12.61,0,0.18,N,6,2024-03-31
27,37440,RENT,7.0,PERSONAL,B,2800,11.013786929274843,0,0.07,N,9,2024-07-23
30,90000,MORTGAGE,14.0,VENTURE,D,9000,15.58,0,0.1,Y,6,2024-07-12
28,90000,MORTGAGE,12.0,EDUCATION,A,5325,7.88,0,0.06,N,10,2024-06-17
31,90000,MORTGAGE,13.0,HOMEIMPROVEMENT,B,12000,11.49,0,0.13,N,7,2024-09-30
28,90000,MORTGAGE,5.0,VENTURE,B,25000,11.86,0,0.28,N,6,2024-02-13
31,36000,RENT,2.0,VENTURE,D,2800,16.0,1,0.08,N,9,2024-03-23
28,45000,RENT,3.0,EDUCATION,C,2800,11.013786929274843,0,0.06,N,8,2024-11-27
28,39600,RENT,2.0,VENTURE,E,2800,16.77,1,0.07,Y,7,2024-12-10
27,90000,MORTGAGE,5.0,DEBTCONSOLIDATION,A,10000,7.14,0,0.11,N,5,2024-09-06
28,90000,MORTGAGE,5.0,VENTURE,D,13600,16.32,0,0.15,Y,7,2024-01-29
31,46080,RENT,3.0,MEDICAL,E,2800,17.56,0,0.06,N,10,2024-01-29
32,90000,MORTGAGE,2.0,PERSONAL,B,25000,11.36,0,0.28,N,9,2024-01-06
28,47000,RENT,4.0,PERSONAL,A,2800,6.99,0,0.06,N,7,2024-12-28
30,90000,MORTGAGE,10.0,PERSONAL,A,5000,6.76,0,0.06,N,5,2024-10-31
34,90000,MORTGAGE,5.0,PERSONAL,B,24250,10.62,0,0.27,N,7,2024-03-28
27,48000,RENT,4.0,MEDICAL,A,2800,7.49,0,0.06,N,5,2024-04-12
27,90000,MORTGAGE,6.0,MEDICAL,B,5500,10.25,0,0.06,N,9,2024-08-09
33,49548,RENT,6.0,DEBTCONSOLIDATION,C,2800,12.84,0,0.06,Y,5,2024-03-18
28,78000,MORTGAGE,4.0,HOMEIMPROVEMENT,B,24000,10.25,1,0.31,N,8,2024-10-13
28,90000,MORTGAGE,12.0,EDUCATION,B,21000,11.36,0,0.23,N,8,2024-11-24
31,90000,MORTGAGE,3.0,HOMEIMPROVEMENT,C,12000,13.48,0,0.13,N,10,2024-02-05
29,35000,OWN,11.0,MEDICAL,C,4200,12.99,0,0.12,Y,7,2024-04-13
34,50000,RENT,2.0,MEDICAL,B,2800,11.86,0,0.06,N,8,2024-05-26
27,90000,MORTGAGE,5.0,VENTURE,C,12000,12.73,0,0.13,N,9,2024-05-02
27,35000,OWN,2.0,HOMEIMPROVEMENT,B,6000,11.99,0,0.17,N,10,2024-01-28
27,58800,RENT,6.0,HOMEIMPROVEMENT,B,2800,12.69,1,0.05,N,10,2024-06-25
34,35000,OWN,2.0,EDUCATION,C,2000,13.99,0,0.06,N,8,2024-04-17
27,67000,RENT,1.0,DEBTCONSOLIDATION,C,2800,13.04,0,0.04,N,10,2024-03-14
28,90000,MORTGAGE,7.0,HOMEIMPROVEMENT,E,17600,16.35,0,0.2,Y,5,2024-08-26
33,90000,MORTGAGE,5.0,VENTURE,A,4200,8.94,0,0.05,N,5,2024-12-14
28,90000,OWN,7.0,MEDICAL,C,8400,12.87,0,0.09,N,8,2024-06-15
28,90000,MORTGAGE,12.0,HOMEIMPROVEMENT,C,12000,13.92,0,0.13,N,6,2024-03-07
27,90000,MORTGAGE,11.0,PERSONAL,A,10000,8.94,0,0.11,N,7,2024-10-07
27,90000,MORTGAGE,4.0,PERSONAL,A,15000,11.013786929274843,0,0.17,N,6,2024-06-07
28,78000,MORTGAGE,12.0,HOMEIMPROVEMENT,B,24000,11.83,1,0.31,N,7,2024-09-27
29,16800,RENT,9.0,HOMEIMPROVEMENT,D,2750,14.84,1,0.16,Y,10,2024-08-23
27,90000,MORTGAGE,5.0,VENTURE,D,20500,14.96,0,0.23,Y,8,2024-01-12
30,57120,RENT,3.0,DEBTCONSOLIDATION,B,2750,10.37,0,0.05,N,5,2024-04-23
31,78000,MORTGAGE,1.0,HOMEIMPROVEMENT,C,20000,14.26,1,0.26,Y,10,2024-05-25
27,90000,MORTGAGE,2.0,PERSONAL,E,20000,16.7,0,0.22,N,9,2024-05-07
35,18200,RENT,4.0,MEDICAL,B,2725,11.013786929274843,0,0.15,N,8,2024-06-13
29,27000,RENT,2.0,EDUCATION,B,2725,9.63,0,0.1,N,6,2024-08-27
33,44000,RENT,3.0,HOMEIMPROVEMENT,B,2725,12.18,1,0.06,N,7,2024-08-19
29,52000,RENT,2.0,EDUCATION,C,2725,11.66,0,0.05,N,8,2024-10-25
29,90000,MORTGAGE,13.0,VENTURE,B,10000,12.21,0,0.11,N,10,2024-03-19
30,15000,RENT,6.0,EDUCATION,B,2700,12.69,1,0.18,N,5,2024-03-29
32,90000,MORTGAGE,8.0,HOMEIMPROVEMENT,B,25000,11.58,0,0.28,N,6,2024-12-14
30,90000,MORTGAGE,3.0,EDUCATION,B,13000,11.89,0,0.14,N,10,2024-08-10
31,90000,MORTGAGE,15.0,EDUCATION,C,10000,12.53,0,0.11,N,8,2024-10-28
35,90000,MORTGAGE,9.0,HOMEIMPROVEMENT,C,20000,12.53,0,0.22,N,5,2024-11-13
28,66300,MORTGAGE,11.0,MEDICAL,D,12000,14.11,1,0.15,N,6,2024-04-02
28,78000,MORTGAGE,11.0,DEBTCONSOLIDATION,E,12000,16.95,1,0.15,Y,7,2024-07-11
28,90000,MORTGAGE,9.0,DEBTCONSOLIDATION,A,4000,8.0,0,0.04,N,6,2024-07-09
29,78000,MORTGAGE,7.0,HOMEIMPROVEMENT,A,18000,9.38,1,0.23,N,6,2024-05-24
30,90000,MORTGAGE,5.0,PERSONAL,B,7500,10.71,0,0.08,N,5,2024-10-09
30,90000,MORTGAGE,8.0,EDUCATION,E,20000,14.82,0,0.22,Y,8,2024-11-09
30,90000,MORTGAGE,7.0,EDUCATION,A,10000,8.63,0,0.11,N,5,2024-09-11
28,90000,MORTGAGE,7.0,EDUCATION,A,12000,8.32,0,0.13,N,8,2024-10-16
33,90000,MORTGAGE,5.0,EDUCATION,C,22000,11.03,0,0.24,N,5,2024-09-16
31,35004,RENT,2.0,EDUCATION,C,2700,13.49,0,0.08,N,5,2024-12-14
29,40560,RENT,4.0,EDUCATION,B,2700,10.0,0,0.07,N,8,2024-12-04
28,90080,MORTGAGE,9.0,MEDICAL,A,5500,7.49,0,0.06,N,7,2024-04-20
30,78111,MORTGAGE,5.0,PERSONAL,A,25000,7.51,1,0.32,N,7,2024-09-17
27,78300,MORTGAGE,11.0,HOMEIMPROVEMENT,B,9000,11.013786929274843,1,0.11,N,5,2024-05-31
32,90301,MORTGAGE,2.0,VENTURE,C,15000,13.47,0,0.17,Y,6,2024-04-25
31,78305,MORTGAGE,8.0,PERSONAL,D,10000,14.59,1,0.13,Y,7,2024-07-20
31,90400,MORTGAGE,9.0,MEDICAL,B,9500,10.37,0,0.11,N,6,2024-05-09
27,45000,RENT,2.0,PERSONAL,B,2700,9.91,0,0.06,N,6,2024-10-13
28,90522,MORTGAGE,4.0,DEBTCONSOLIDATION,A,12000,6.91,0,0.13,N,9,2024-01-22
34,90636,MORTGAGE,4.0,EDUCATION,C,17000,13.85,0,0.19,Y,5,2024-12-16
28,90700,MORTGAGE,11.0,HOMEIMPROVEMENT,A,20000,6.91,0,0.22,N,8,2024-05-27
28,90722,MORTGAGE,7.0,HOMEIMPROVEMENT,B,18000,10.99,0,0.2,N,5,2024-10-30
30,90722,MORTGAGE,6.0,VENTURE,A,10000,6.91,0,0.11,N,8,2024-02-28
30,91000,MORTGAGE,9.0,DEBTCONSOLIDATION,B,18500,12.42,0,0.2,N,7,2024-08-21
30,91000,MORTGAGE,7.0,EDUCATION,A,33950,7.9,0,0.37,N,7,2024-05-18
30,91000,MORTGAGE,14.0,VENTURE,B,13600,12.42,0,0.15,N,7,2024-04-02
27,91000,MORTGAGE,2.0,PERSONAL,A,11525,7.49,0,0.13,N,7,2024-05-06
28,91000,OWN,11.0,VENTURE,A,7000,6.99,0,0.08,N,6,2024-06-24
35,91000,OWN,6.0,VENTURE,B,5600,10.99,0,0.06,N,8,2024-12-09
27,91000,MORTGAGE,2.0,HOMEIMPROVEMENT,A,3000,5.99,0,0.03,N,8,2024-01-02
31,10000,RENT,15.0,DEBTCONSOLIDATION,A,2650,7.4,1,0.27,N,9,2024-07-16
35,91000,MORTGAGE,14.0,EDUCATION,A,4000,7.29,0,0.04,N,9,2024-07-24
28,91000,MORTGAGE,12.0,MEDICAL,C,21000,13.35,0,0.23,Y,6,2024-12-09
28,48000,RENT,1.0,VENTURE,B,2650,11.26,0,0.06,N,6,2024-06-22
27,91000,MORTGAGE,5.0,DEBTCONSOLIDATION,A,14700,7.88,0,0.16,N,6,2024-09-21
28,91000,MORTGAGE,6.0,PERSONAL,B,15000,9.88,0,0.16,N,9,2024-02-17
32,67150,MORTGAGE,4.0,MEDICAL,D,13000,16.0,1,0.16,Y,6,2024-12-17
29,91080,MORTGAGE,4.0,HOMEIMPROVEMENT,D,15600,15.7,0,0.17,N,9,2024-10-02
31,28000,RENT,1.0,MEDICAL,B,2600,10.08,0,0.09,N,7,2024-04-04
29,91200,MORTGAGE,13.0,PERSONAL,B,2000,11.49,0,0.02,N,8,2024-07-19
30,79200,MORTGAGE,10.0,EDUCATION,A,9000,8.49,1,0.11,N,8,2024-08-13
27,30996,RENT,1.0,HOMEIMPROVEMENT,D,2600,14.74,1,0.08,N,5,2024-06-14
33,79200,MORTGAGE,3.0,HOMEIMPROVEMENT,D,25000,15.58,1,0.32,N,5,2024-09-09
27,91224,MORTGAGE,6.0,MEDICAL,A,15000,7.88,0,0.16,N,10,2024-01-15
30,37000,RENT,2.0,EDUCATION,B,2600,9.25,0,0.07,N,7,2024-06-18
33,91384,MORTGAGE,17.0,EDUCATION,B,1600,10.25,0,0.02,N,5,2024-03-30
32,32000,RENT,1.0,VENTURE,E,2600,11.013786929274843,1,0.08,N,6,2024-01-22
35,40792,RENT,2.0,VENTURE,B,2600,12.53,0,0.06,N,9,2024-01-31
29,91560,MORTGAGE,8.0,DEBTCONSOLIDATION,A,22000,6.91,0,0.24,N,8,2024-12-01
30,91644,MORTGAGE,14.0,VENTURE,C,5000,11.03,0,0.05,Y,7,2024-01-15
29,92000,MORTGAGE,2.0,EDUCATION,E,25000,19.42,0,0.27,N,8,2024-06-09
31,92000,MORTGAGE,6.0,VENTURE,A,6000,11.013786929274843,0,0.07,N,8,2024-09-04
29,92000,MORTGAGE,4.0,HOMEIMPROVEMENT,A,14000,6.03,0,0.15,N,8,2024-05-14
31,66000,RENT,9.0,HOMEIMPROVEMENT,B,2550,11.36,0,0.04,N,10,2024-09-26
34,27000,RENT,3.0,VENTURE,B,2525,12.21,0,0.09,N,7,2024-05-22
30,92000,MORTGAGE,9.0,VENTURE,A,5000,11.013786929274843,0,0.05,N,10,2024-12-23
35,92000,MORTGAGE,11.0,VENTURE,A,12000,6.99,0,0.13,N,8,2024-08-31
29,92000,MORTGAGE,3.0,VENTURE,B,24000,11.49,0,0.26,N,7,2024-11-26
29,92000,MORTGAGE,8.0,HOMEIMPROVEMENT,A,12000,6.62,0,0.13,N,6,2024-07-10
31,42096,RENT,15.0,PERSONAL,B,12500,11.11,0,0.3,N,5,2024-10-13
32,92000,MORTGAGE,1.0,EDUCATION,B,5000,11.013786929274843,0,0.05,N,8,2024-09-25
31,92000,MORTGAGE,2.0,HOMEIMPROVEMENT,A,3500,5.79,0,0.04,N,6,2024-12-18
29,92000,MORTGAGE,3.0,HOMEIMPROVEMENT,A,11200,11.013786929274843,0,0.12,N,5,2024-10-29
34,14400,RENT,2.0,PERSONAL,B,2500,10.0,1,0.17,N,5,2024-04-17
34,92000,MORTGAGE,14.0,HOMEIMPROVEMENT,B,16000,11.11,0,0.17,N,7,2024-10-11
33,92000,MORTGAGE,8.0,EDUCATION,C,20000,13.06,0,0.22,N,10,2024-01-17
28,92000,MORTGAGE,11.0,EDUCATION,F,25000,19.29,0,0.27,Y,9,2024-06-14
27,14400,RENT,3.0,EDUCATION,F,2500,18.3,1,0.17,N,7,2024-06-08
31,92000,MORTGAGE,10.0,EDUCATION,B,6000,11.86,0,0.07,N,9,2024-12-05
28,92000,MORTGAGE,5.0,VENTURE,A,6000,6.76,0,0.07,N,9,2024-09-12
34,92000,MORTGAGE,5.0,MEDICAL,A,10000,7.51,0,0.11,N,10,2024-10-09
28,68000,MORTGAGE,12.0,MEDICAL,F,24500,18.3,1,0.31,Y,6,2024-03-14
29,92000,MORTGAGE,6.0,EDUCATION,B,24000,11.013786929274843,0,0.26,N,6,2024-04-19
27,92000,MORTGAGE,11.0,EDUCATION,B,18000,11.48,0,0.2,N,7,2024-10-16
29,92000,MORTGAGE,8.0,PERSONAL,B,10000,11.26,0,0.11,N,9,2024-09-04
34,92000,MORTGAGE,1.0,PERSONAL,A,9000,9.63,0,0.1,N,8,2024-12-10
27,18000,RENT,2.0,PERSONAL,D,2500,14.74,1,0.14,N,8,2024-02-05
29,92004,MORTGAGE,12.0,VENTURE,B,10000,9.63,0,0.11,N,6,2024-06-24
31,19968,RENT,1.0,EDUCATION,B,2500,9.62,1,0.13,N,6,2024-11-22
28,92004,MORTGAGE,2.0,VENTURE,A,7000,9.63,0,0.08,N,8,2024-11-23
29,92052,MORTGAGE,6.0,HOMEIMPROVEMENT,A,6500,11.013786929274843,0,0.07,N,9,2024-04-10
31,20000,RENT,7.0,EDUCATION,C,2500,12.53,0,0.13,Y,10,2024-03-08
27,68255,MORTGAGE,6.0,MEDICAL,E,17500,17.93,1,0.22,Y,10,2024-05-29
27,92400,MORTGAGE,6.0,HOMEIMPROVEMENT,D,17500,11.013786929274843,0,0.19,Y,8,2024-12-05
28,34800,OWN,1.0,VENTURE,C,10000,12.99,0,0.29,N,9,2024-10-16
28,48000,RENT,12.0,PERSONAL,D,12500,15.95,0,0.26,N,7,2024-04-16
27,92508,MORTGAGE,11.0,PERSONAL,A,13000,7.14,0,0.14,N,5,2024-02-23
27,34800,OWN,7.0,HOMEIMPROVEMENT,A,9500,7.51,0,0.27,N,10,2024-06-20
29,92700,MORTGAGE,2.0,VENTURE,A,24000,6.91,0,0.26,N,8,2024-04-22
28,58000,RENT,3.0,EDUCATION,B,12500,11.71,0,0.22,N,7,2024-04-28
27,93000,MORTGAGE,11.0,HOMEIMPROVEMENT,A,7000,5.42,0,0.08,N,8,2024-11-23
30,93000,MORTGAGE,11.0,HOMEIMPROVEMENT,C,18000,15.23,0,0.19,N,9,2024-12-18
30,93000,MORTGAGE,6.0,EDUCATION,C,20000,13.49,0,0.22,N,10,2024-06-14
29,34500,OWN,7.0,VENTURE,A,20000,7.29,0,0.58,N,10,2024-03-26
31,93000,MORTGAGE,10.0,MEDICAL,A,3000,8.49,0,0.03,N,8,2024-12-04
32,93000,MORTGAGE,9.0,DEBTCONSOLIDATION,C,15000,12.99,0,0.16,N,10,2024-04-21
32,93000,MORTGAGE,16.0,VENTURE,B,21000,10.74,0,0.23,N,10,2024-10-17
29,81000,MORTGAGE,5.0,DEBTCONSOLIDATION,E,12000,11.013786929274843,1,0.15,Y,9,2024-11-09
29,93000,MORTGAGE,9.0,PERSONAL,E,20000,16.82,0,0.22,N,8,2024-06-17
31,93000,OWN,4.0,EDUCATION,B,10000,11.013786929274843,0,0.11,N,6,2024-03-30
27,93000,MORTGAGE,5.0,DEBTCONSOLIDATION,C,16000,13.57,0,0.17,Y,10,2024-02-10
30,93000,MORTGAGE,14.0,MEDICAL,B,22500,11.83,0,0.24,N,9,2024-01-06
29,80000,RENT,5.0,MEDICAL,B,12500,11.71,0,0.16,N,7,2024-04-25
29,98850,RENT,6.0,HOMEIMPROVEMENT,A,12500,11.013786929274843,0,0.13,N,9,2024-06-03
27,101877,RENT,9.0,VENTURE,B,12500,11.99,0,0.12,N,7,2024-04-05
30,93132,MORTGAGE,10.0,HOMEIMPROVEMENT,A,2500,5.99,0,0.03,N,6,2024-03-17
28,150000,RENT,1.0,MEDICAL,C,12500,14.35,0,0.08,Y,8,2024-07-23
27,60000,RENT,6.0,EDUCATION,A,12650,11.013786929274843,0,0.21,N,9,2024-03-10
28,54000,RENT,5.0,DEBTCONSOLIDATION,B,12700,11.71,1,0.24,N,7,2024-05-12
30,94000,MORTGAGE,13.0,EDUCATION,C,10000,14.27,0,0.11,N,6,2024-10-07
29,94000,MORTGAGE,13.0,PERSONAL,A,30000,6.62,0,0.32,N,7,2024-07-02
27,54000,RENT,1.0,HOMEIMPROVEMENT,F,12750,11.013786929274843,1,0.24,Y,7,2024-09-24
29,94000,MORTGAGE,13.0,MEDICAL,B,4800,10.99,0,0.05,N,5,2024-07-22
35,94000,MORTGAGE,2.0,HOMEIMPROVEMENT,A,10000,7.49,0,0.11,N,9,2024-12-22
27,35000,RENT,4.0,EDUCATION,B,12800,10.0,1,0.37,N,7,2024-11-27
30,30000,RENT,14.0,MEDICAL,C,12800,14.79,1,0.43,Y,9,2024-10-14
31,94000,MORTGAGE,15.0,PERSONAL,A,3000,5.42,0,0.03,N,10,2024-08-25
34,94000,MORTGAGE,3.0,MEDICAL,A,15000,6.54,0,0.16,N,5,2024-08-25
35,94000,MORTGAGE,9.0,VENTURE,B,15000,9.88,0,0.16,N,10,2024-12-31
29,94000,MORTGAGE,9.0,PERSONAL,A,10000,7.51,0,0.11,N,7,2024-07-14
35,46000,RENT,2.0,PERSONAL,C,12800,13.48,0,0.28,Y,8,2024-11-23
30,94104,OWN,15.0,VENTURE,C,14400,14.27,0,0.15,Y,7,2024-11-22
30,70125,MORTGAGE,2.0,MEDICAL,D,25000,15.33,1,0.3,Y,9,2024-10-02
27,94500,MORTGAGE,2.0,PERSONAL,C,10000,14.26,0,0.11,N,5,2024-08-15
27,94700,MORTGAGE,8.0,EDUCATION,A,8000,7.49,0,0.08,N,7,2024-08-28
31,62000,RENT,2.0,PERSONAL,B,12800,9.62,0,0.21,N,7,2024-08-09
28,62000,RENT,2.0,MEDICAL,C,12800,13.16,0,0.21,Y,5,2024-12-11
33,94896,MORTGAGE,2.0,HOMEIMPROVEMENT,B,3500,11.89,0,0.04,N,7,2024-09-04
30,65000,RENT,11.0,VENTURE,D,12800,15.2,0,0.2,N,8,2024-11-13
29,65000,RENT,1.0,EDUCATION,B,12800,9.45,0,0.2,N,10,2024-06-17
32,75000,RENT,3.0,VENTURE,D,12800,14.74,0,0.17,Y,9,2024-11-28
27,80000,RENT,8.0,HOMEIMPROVEMENT,F,12800,18.67,0,0.16,Y,6,2024-11-02
32,85000,RENT,5.0,MEDICAL,B,12800,10.75,0,0.15,N,7,2024-04-11
27,104000,RENT,8.0,PERSONAL,A,12800,7.29,0,0.12,N,7,2024-04-07
28,95000,MORTGAGE,13.0,VENTURE,B,15000,9.91,0,0.16,N,7,2024-11-13
28,95000,MORTGAGE,12.0,HOMEIMPROVEMENT,A,3500,6.03,0,0.04,N,7,2024-03-28
29,95000,MORTGAGE,6.0,VENTURE,A,35000,7.9,0,0.37,N,8,2024-12-21
28,95000,OWN,3.0,VENTURE,B,4800,11.71,0,0.05,N,10,2024-01-03
32,95000,MORTGAGE,16.0,PERSONAL,B,20000,10.65,0,0.21,N,5,2024-06-15
28,95000,MORTGAGE,5.0,DEBTCONSOLIDATION,A,23450,7.9,0,0.25,N,5,2024-10-26
31,95000,MORTGAGE,5.0,VENTURE,B,18000,11.71,0,0.19,N,9,2024-09-02
32,95000,MORTGAGE,5.0,VENTURE,B,4800,10.99,0,0.05,N,8,2024-09-25
31,95000,MORTGAGE,1.0,HOMEIMPROVEMENT,C,13200,12.99,0,0.14,Y,8,2024-04-30
30,96000,RENT,4.0,PERSONAL,C,12900,14.79,0,0.13,N,9,2024-09-13
30,95000,MORTGAGE,6.0,HOMEIMPROVEMENT,B,21000,11.99,0,0.22,N,5,2024-10-07
35,50000,RENT,16.0,MEDICAL,B,13000,10.25,0,0.26,N,8,2024-01-22
27,95000,MORTGAGE,9.0,HOMEIMPROVEMENT,B,25000,10.99,0,0.26,N,5,2024-05-16
31,50400,RENT,9.0,VENTURE,B,13000,11.013786929274843,0,0.26,N,9,2024-05-06
30,44500,RENT,2.0,MEDICAL,E,13000,16.32,1,0.29,N,6,2024-05-03
31,46000,RENT,1.0,VENTURE,D,13000,14.59,1,0.28,N,9,2024-03-25
30,95000,MORTGAGE,6.0,PERSONAL,A,4000,5.99,0,0.04,N,9,2024-09-27
30,95000,MORTGAGE,4.0,MEDICAL,B,5600,11.63,0,0.06,N,5,2024-06-01
30,95000,MORTGAGE,14.0,VENTURE,A,5000,6.99,0,0.05,N,10,2024-11-25
28,55000,RENT,10.0,EDUCATION,B,13000,10.99,0,0.24,N,8,2024-08-02
27,55000,RENT,11.0,DEBTCONSOLIDATION,B,13000,8.88,0,0.24,N,6,2024-04-07
33,95000,MORTGAGE,17.0,MEDICAL,A,3600,8.49,0,0.04,N,10,2024-12-25
27,95000,MORTGAGE,6.0,PERSONAL,C,15000,12.68,0,0.16,N,9,2024-07-05
28,95000,MORTGAGE,12.0,EDUCATION,B,35000,9.63,0,0.37,N,5,2024-06-27
32,95000,MORTGAGE,9.0,PERSONAL,A,8500,5.79,0,0.09,N,6,2024-10-14
33,95000,MORTGAGE,4.0,HOMEIMPROVEMENT,A,11200,7.29,0,0.12,N,8,2024-10-16
27,57996,RENT,8.0,DEBTCONSOLIDATION,C,13000,13.92,0,0.22,Y,7,2024-05-23
27,58000,RENT,3.0,VENTURE,B,13000,11.58,0,0.22,N,7,2024-07-10
31,70550,MORTGAGE,9.0,MEDICAL,F,18000,19.74,1,0.22,Y,10,2024-11-04
27,33600,OWN,1.0,PERSONAL,B,21250,8.88,0,0.63,N,6,2024-09-28
33,95000,MORTGAGE,17.0,MEDICAL,A,12000,7.29,0,0.13,N,6,2024-09-06
29,59000,RENT,6.0,EDUCATION,B,13000,11.49,0,0.22,N,10,2024-06-15
28,54000,RENT,2.0,EDUCATION,C,13000,15.23,1,0.24,N,9,2024-07-01
32,95000,MORTGAGE,3.0,PERSONAL,B,18000,11.11,0,0.19,N,8,2024-08-25
33,95000,MORTGAGE,4.0,VENTURE,A,8000,5.79,0,0.08,N,10,2024-04-11
35,61211,RENT,13.0,HOMEIMPROVEMENT,A,13000,6.54,0,0.21,N,9,2024-05-27
29,95000,MORTGAGE,4.0,DEBTCONSOLIDATION,C,2400,13.72,0,0.03,N,9,2024-04-17
32,95000,MORTGAGE,12.0,EDUCATION,A,9000,5.42,0,0.09,N,7,2024-10-18
28,62496,RENT,1.0,DEBTCONSOLIDATION,B,13000,10.37,0,0.21,N,8,2024-05-29
32,64000,RENT,1.0,EDUCATION,B,13000,10.99,0,0.2,N,9,2024-05-21
27,64000,RENT,2.0,HOMEIMPROVEMENT,C,13000,13.11,0,0.2,N,10,2024-09-28
28,95000,OWN,4.0,HOMEIMPROVEMENT,B,25000,9.62,0,0.26,N,8,2024-07-28
29,95000,MORTGAGE,4.0,DEBTCONSOLIDATION,A,20000,6.54,0,0.21,N,9,2024-01-04
28,95000,MORTGAGE,9.0,MEDICAL,C,5000,11.013786929274843,0,0.05,Y,7,2024-02-26
31,65000,RENT,13.0,MEDICAL,B,13000,11.013786929274843,0,0.2,N,8,2024-05-27
30,95000,MORTGAGE,14.0,PERSONAL,B,25000,11.12,0,0.26,N,6,2024-11-22
35,95000,MORTGAGE,17.0,HOMEIMPROVEMENT,B,15000,11.49,0,0.16,N,10,2024-07-08
28,95000,MORTGAGE,5.0,VENTURE,A,5000,7.88,0,0.05,N,7,2024-09-12
32,95000,MORTGAGE,13.0,HOMEIMPROVEMENT,D,8000,14.84,0,0.08,N,9,2024-03-26
32,95000,MORTGAGE,2.0,PERSONAL,A,5000,7.51,0,0.05,N,10,2024-01-03
28,95000,MORTGAGE,5.0,EDUCATION,C,12000,13.11,0,0.13,N,9,2024-11-06
32,95000,MORTGAGE,16.0,HOMEIMPROVEMENT,A,9000,7.88,0,0.09,N,9,2024-08-22
27,61000,RENT,7.0,PERSONAL,B,13000,10.59,1,0.21,N,8,2024-10-27
27,95000,MORTGAGE,11.0,DEBTCONSOLIDATION,C,18000,13.48,0,0.19,N,9,2024-06-20
29,68000,RENT,7.0,HOMEIMPROVEMENT,A,13000,11.013786929274843,0,0.19,N,7,2024-04-01
31,95000,MORTGAGE,5.0,HOMEIMPROVEMENT,B,15000,11.14,0,0.16,N,5,2024-08-14
30,95000,MORTGAGE,6.0,HOMEIMPROVEMENT,A,12000,8.94,0,0.13,N,5,2024-11-30
34,66996,RENT,4.0,DEBTCONSOLIDATION,D,13000,15.2,1,0.19,Y,9,2024-03-28
29,76000,RENT,2.0,VENTURE,B,13000,10.25,0,0.17,N,8,2024-05-14
33,77000,RENT,7.0,HOMEIMPROVEMENT,D,13000,11.013786929274843,0,0.17,N,7,2024-01-19
31,95000,MORTGAGE,1.0,DEBTCONSOLIDATION,B,25000,10.08,0,0.26,N,6,2024-06-27
33,95000,MORTGAGE,1.0,EDUCATION,D,24000,12.92,0,0.25,Y,5,2024-08-14
29,84000,RENT,9.0,DEBTCONSOLIDATION,C,13000,12.53,0,0.15,Y,7,2024-08-01
27,95004,MORTGAGE,1.0,PERSONAL,A,15000,7.51,0,0.16,N,9,2024-07-20
31,95004,MORTGAGE,3.0,PERSONAL,D,25000,16.07,0,0.26,Y,8,2024-07-30
35,90000,RENT,4.0,PERSONAL,A,13000,9.32,0,0.14,N,9,2024-08-04
32,95200,MORTGAGE,15.0,MEDICAL,A,15000,5.99,0,0.16,N,8,2024-08-16
29,92250,RENT,2.0,MEDICAL,B,13000,10.99,0,0.14,N,9,2024-09-04
27,95500,MORTGAGE,3.0,PERSONAL,E,20000,15.95,0,0.21,Y,6,2024-06-29
28,95680,MORTGAGE,12.0,VENTURE,A,17000,7.88,0,0.18,N,7,2024-12-14
28,95827,MORTGAGE,11.0,EDUCATION,E,16000,14.5,0,0.17,N,7,2024-06-26
30,96000,MORTGAGE,8.0,EDUCATION,C,18000,13.49,0,0.19,N,7,2024-08-08
32,96000,MORTGAGE,9.0,VENTURE,A,7000,6.62,0,0.07,N,6,2024-11-23
35,84000,MORTGAGE,5.0,DEBTCONSOLIDATION,C,15200,15.27,1,0.18,Y,7,2024-05-21
28,96000,MORTGAGE,5.0,HOMEIMPROVEMENT,D,11250,17.58,0,0.12,N,5,2024-07-19
27,96000,MORTGAGE,12.0,HOMEIMPROVEMENT,E,12500,19.03,0,0.13,Y,5,2024-03-07
30,33736,RENT,5.0,MEDICAL,C,13600,13.57,1,0.4,Y,9,2024-09-25
30,96000,MORTGAGE,11.0,EDUCATION,A,7000,6.03,0,0.07,N,10,2024-03-28
28,96000,MORTGAGE,12.0,PERSONAL,B,6000,12.69,0,0.06,N,10,2024-12-07
28,84000,MORTGAGE,1.0,DEBTCONSOLIDATION,D,3000,15.99,1,0.04,Y,6,2024-04-14
31,96000,MORTGAGE,4.0,DEBTCONSOLIDATION,A,9600,5.99,0,0.1,N,10,2024-07-23
27,96000,MORTGAGE,4.0,DEBTCONSOLIDATION,C,2500,12.99,0,0.03,Y,10,2024-12-28
30,96000,MORTGAGE,14.0,VENTURE,A,6000,5.42,0,0.06,N,7,2024-10-19
30,80000,RENT,5.0,PERSONAL,B,13600,12.42,0,0.17,N,9,2024-12-21
34,96000,OWN,2.0,VENTURE,B,12000,11.99,0,0.13,N,6,2024-05-02
35,96000,MORTGAGE,5.0,MEDICAL,A,14000,7.49,0,0.15,N,10,2024-04-27
33,96000,MORTGAGE,5.0,MEDICAL,A,9000,7.49,0,0.09,N,7,2024-12-04
31,33000,OWN,6.0,DEBTCONSOLIDATION,D,5000,14.96,0,0.15,N,6,2024-05-09
31,96000,OWN,3.0,PERSONAL,B,10000,9.99,0,0.1,N,6,2024-09-07
30,96000,MORTGAGE,7.0,DEBTCONSOLIDATION,A,8000,6.99,0,0.08,N,10,2024-08-20
35,88000,RENT,2.0,PERSONAL,A,13600,7.9,0,0.15,N,6,2024-01-13
29,71400,MORTGAGE,1.0,MEDICAL,A,8000,8.49,1,0.1,N,10,2024-03-04
31,96000,MORTGAGE,15.0,EDUCATION,B,4000,10.99,0,0.04,N,8,2024-11-09
27,44000,RENT,5.0,EDUCATION,B,13650,10.65,1,0.31,N,5,2024-02-03
29,96000,MORTGAGE,1.0,DEBTCONSOLIDATION,A,11200,5.42,0,0.12,N,9,2024-03-25
28,96000,OWN,12.0,PERSONAL,B,3000,9.63,0,0.03,N,7,2024-08-25
28,33000,OWN,1.0,HOMEIMPROVEMENT,D,7500,15.31,0,0.23,Y,6,2024-12-12
28,96000,MORTGAGE,8.0,VENTURE,A,10000,7.66,0,0.1,N,7,2024-06-03
28,57936,RENT,2.0,MEDICAL,D,13650,14.42,1,0.24,N,10,2024-01-11
31,96000,MORTGAGE,15.0,HOMEIMPROVEMENT,D,8000,14.09,0,0.08,Y,9,2024-04-08
30,96000,MORTGAGE,11.0,MEDICAL,B,12000,9.99,0,0.13,N,7,2024-07-02
33,96000,MORTGAGE,4.0,DEBTCONSOLIDATION,B,3000,11.49,0,0.03,N,7,2024-11-11
32,30000,RENT,1.0,DEBTCONSOLIDATION,C,13750,12.73,1,0.46,Y,9,2024-05-18
27,96000,OWN,9.0,PERSONAL,D,5600,15.21,0,0.06,N,8,2024-10-09
31,80000,RENT,5.0,EDUCATION,E,13750,16.7,0,0.17,N,6,2024-05-07
33,33036,RENT,4.0,VENTURE,C,13800,13.47,1,0.42,Y,5,2024-02-28
28,55000,RENT,2.0,MEDICAL,B,13800,11.83,0,0.25,N,6,2024-01-16
29,96000,MORTGAGE,4.0,VENTURE,A,4500,6.76,0,0.05,N,10,2024-10-06
27,51600,RENT,2.0,VENTURE,C,13800,13.57,1,0.27,Y,6,2024-03-17
30,96000,MORTGAGE,7.0,PERSONAL,B,6000,11.49,0,0.06,N,6,2024-06-13
31,96000,MORTGAGE,1.0,MEDICAL,B,22500,11.36,0,0.23,N,5,2024-06-07
27,32500,OWN,3.0,PERSONAL,A,5000,6.62,0,0.15,N,8,2024-09-06
29,96000,MORTGAGE,4.0,DEBTCONSOLIDATION,C,15000,11.013786929274843,0,0.16,N,6,2024-12-18
30,96000,MORTGAGE,8.0,EDUCATION,B,17000,10.62,0,0.18,N,10,2024-12-05
29,96000,MORTGAGE,2.0,HOMEIMPROVEMENT,A,10000,11.013786929274843,0,0.1,N,5,2024-06-01
31,96000,MORTGAGE,4.0,VENTURE,C,12000,12.73,0,0.13,Y,5,2024-09-08
29,96000,MORTGAGE,5.0,HOMEIMPROVEMENT,B,12000,9.88,0,0.13,N,5,2024-05-22
29,84000,MORTGAGE,6.0,DEBTCONSOLIDATION,D,8000,14.96,1,0.1,N,5,2024-03-22
30,23000,RENT,5.0,VENTURE,A,14000,7.88,1,0.61,N,6,2024-06-11
28,41400,RENT,2.0,DEBTCONSOLIDATION,C,14000,13.48,1,0.34,N,6,2024-08-11
28,96000,OWN,13.0,EDUCATION,C,15000,13.47,0,0.16,N,6,2024-08-23
33,42000,RENT,12.0,VENTURE,D,14000,15.7,1,0.33,Y,8,2024-06-30
27,84000,MORTGAGE,5.0,PERSONAL,C,20000,12.29,1,0.24,Y,8,2024-03-27
31,84000,MORTGAGE,3.0,HOMEIMPROVEMENT,G,25000,17.34,1,0.3,Y,5,2024-02-20
28,42900,RENT,3.0,PERSONAL,B,14000,11.14,1,0.33,N,5,2024-11-02
30,96300,MORTGAGE,1.0,EDUCATION,C,18000,13.98,0,0.19,N,9,2024-07-16
29,96339,MORTGAGE,7.0,MEDICAL,B,15000,11.36,0,0.16,N,7,2024-12-16
29,43738,RENT,1.0,MEDICAL,A,14000,7.88,1,0.32,N,6,2024-01-15
28,44049,RENT,3.0,VENTURE,B,14000,11.013786929274843,1,0.32,N,8,2024-08-30
29,45000,RENT,9.0,PERSONAL,B,14000,12.69,1,0.31,N,5,2024-02-04
28,39000,RENT,6.0,EDUCATION,A,14000,7.9,1,0.36,N,8,2024-05-03
31,45000,RENT,5.0,MEDICAL,A,14000,7.91,1,0.31,N,5,2024-12-11
28,96636,MORTGAGE,10.0,MEDICAL,A,30000,8.49,0,0.31,N,5,2024-01-06
31,96713,MORTGAGE,3.0,DEBTCONSOLIDATION,A,7000,8.0,0,0.07,N,6,2024-10-08
27,96996,MORTGAGE,11.0,DEBTCONSOLIDATION,B,1500,10.95,0,0.02,N,10,2024-04-13
31,45000,RENT,1.0,MEDICAL,C,14000,13.06,1,0.31,N,6,2024-03-25
30,97000,MORTGAGE,9.0,PERSONAL,C,5000,13.49,0,0.05,Y,9,2024-03-10
27,45000,RENT,1.0,EDUCATION,B,14000,9.76,1,0.31,N,9,2024-01-07
29,97000,MORTGAGE,13.0,VENTURE,C,10000,14.65,0,0.1,N,8,2024-02-06
28,97000,MORTGAGE,6.0,DEBTCONSOLIDATION,A,6000,7.49,0,0.06,N,10,2024-08-26
28,97000,MORTGAGE,9.0,VENTURE,A,12000,8.49,0,0.12,N,5,2024-07-07
31,97000,MORTGAGE,6.0,DEBTCONSOLIDATION,A,12000,7.66,0,0.12,N,6,2024-09-02
27,97000,MORTGAGE,11.0,PERSONAL,B,3600,9.25,0,0.04,N,7,2024-04-26
33,97000,MORTGAGE,15.0,PERSONAL,A,20000,6.17,0,0.21,N,8,2024-10-01
27,72250,MORTGAGE,11.0,MEDICAL,D,10000,14.83,1,0.12,Y,6,2024-09-03
35,46900,RENT,14.0,MEDICAL,C,14000,14.27,0,0.3,Y,5,2024-09-11
29,97000,MORTGAGE,2.0,VENTURE,C,10000,12.23,0,0.1,Y,5,2024-09-22
35,97000,MORTGAGE,5.0,DEBTCONSOLIDATION,B,16000,8.88,0,0.16,N,10,2024-03-25
29,48880,RENT,3.0,PERSONAL,B,14000,10.65,0,0.29,N,9,2024-11-09
30,97000,MORTGAGE,5.0,VENTURE,D,25000,16.32,0,0.26,Y,5,2024-07-22
31,48996,RENT,9.0,PERSONAL,C,14000,13.23,0,0.29,N,8,2024-10-04
29,97000,OWN,3.0,VENTURE,B,12000,11.83,0,0.12,N,5,2024-12-16
29,97000,OWN,3.0,MEDICAL,D,14600,15.65,0,0.15,N,9,2024-07-13
32,97000,MORTGAGE,6.0,HOMEIMPROVEMENT,B,5500,12.18,0,0.06,N,9,2024-04-14
31,72250,OTHER,6.0,MEDICAL,F,25000,17.03,1,0.29,Y,5,2024-11-05
28,50000,RENT,2.0,VENTURE,A,14000,6.54,0,0.28,N,6,2024-03-31
30,97192,MORTGAGE,3.0,PERSONAL,A,6500,7.29,0,0.07,N,10,2024-03-18
31,32000,OWN,10.0,VENTURE,B,12375,9.91,0,0.39,N,7,2024-08-10
27,97200,MORTGAGE,2.0,HOMEIMPROVEMENT,A,5500,11.013786929274843,0,0.06,N,8,2024-03-10
33,97200,MORTGAGE,4.0,PERSONAL,C,20000,12.29,0,0.21,N,9,2024-06-17
33,97200,MORTGAGE,4.0,DEBTCONSOLIDATION,B,4000,11.013786929274843,0,0.04,N,10,2024-01-15
28,97296,MORTGAGE,12.0,HOMEIMPROVEMENT,B,6500,12.42,0,0.07,N,8,2024-11-01
28,44000,RENT,7.0,DEBTCONSOLIDATION,F,14000,19.04,1,0.32,N,10,2024-11-17
33,50000,RENT,2.0,DEBTCONSOLIDATION,B,14000,10.62,0,0.28,N,9,2024-04-11
34,44000,RENT,3.0,DEBTCONSOLIDATION,D,14000,15.65,1,0.32,Y,7,2024-10-05
28,50000,RENT,7.0,VENTURE,C,14000,13.79,0,0.28,Y,6,2024-09-15
31,97500,MORTGAGE,3.0,MEDICAL,A,6000,7.51,0,0.06,N,9,2024-05-27
31,98000,OWN,7.0,MEDICAL,C,5000,15.96,0,0.05,Y,7,2024-07-14
32,52392,RENT,9.0,HOMEIMPROVEMENT,B,14000,11.013786929274843,0,0.27,N,10,2024-04-07
34,98000,MORTGAGE,10.0,VENTURE,A,16000,6.03,0,0.16,N,5,2024-09-12
29,98000,MORTGAGE,11.0,DEBTCONSOLIDATION,C,1825,14.27,0,0.02,N,6,2024-06-29
31,98000,OWN,10.0,HOMEIMPROVEMENT,A,5100,6.03,0,0.05,N,6,2024-01-19
35,47400,RENT,2.0,PERSONAL,D,14000,14.42,1,0.3,N,7,2024-09-20
32,86000,MORTGAGE,6.0,DEBTCONSOLIDATION,E,15000,16.4,1,0.17,Y,5,2024-12-11
27,86000,MORTGAGE,4.0,HOMEIMPROVEMENT,C,20000,13.43,1,0.23,N,5,2024-12-26
27,86000,MORTGAGE,12.0,EDUCATION,A,23000,6.17,1,0.27,N,7,2024-09-22
30,98000,MORTGAGE,12.0,VENTURE,B,12000,8.88,0,0.12,N,7,2024-08-02
27,98000,MORTGAGE,11.0,PERSONAL,B,17000,8.88,0,0.17,N,5,2024-04-13
33,86000,MORTGAGE,6.0,DEBTCONSOLIDATION,C,3600,13.98,1,0.04,N,5,2024-10-14
27,98000,MORTGAGE,5.0,VENTURE,B,15000,11.36,0,0.15,N,7,2024-03-21
29,98000,MORTGAGE,13.0,HOMEIMPROVEMENT,B,14000,10.25,0,0.14,N,5,2024-01-03
30,98000,MORTGAGE,2.0,HOMEIMPROVEMENT,A,5000,7.14,0,0.05,N,5,2024-08-09
27,48000,RENT,9.0,DEBTCONSOLIDATION,C,14000,13.79,1,0.29,N,10,2024-10-23
33,98000,MORTGAGE,3.0,VENTURE,B,25000,11.83,0,0.26,N,10,2024-04-13
28,98000,MORTGAGE,6.0,MEDICAL,A,1000,7.74,0,0.01,N,9,2024-08-03
29,32000,OWN,1.0,HOMEIMPROVEMENT,A,2100,6.91,0,0.07,N,5,2024-01-18
30,98000,MORTGAGE,8.0,VENTURE,A,3500,7.68,0,0.04,N,10,2024-04-09
29,55000,RENT,3.0,EDUCATION,B,14000,11.48,0,0.25,N,7,2024-11-24
33,98004,MORTGAGE,2.0,VENTURE,B,4000,10.99,0,0.04,N,9,2024-07-01
32,98056,MORTGAGE,10.0,DEBTCONSOLIDATION,B,6000,8.88,0,0.06,N,10,2024-03-27
29,98080,MORTGAGE,8.0,VENTURE,B,20000,8.88,0,0.2,N,9,2024-04-22
27,86260,MORTGAGE,11.0,EDUCATION,C,18000,13.72,1,0.21,Y,7,2024-10-01
32,98300,MORTGAGE,3.0,VENTURE,C,5000,12.23,0,0.05,N,10,2024-10-26
35,98300,MORTGAGE,8.0,PERSONAL,A,15000,7.88,0,0.15,N,5,2024-08-17
35,98320,MORTGAGE,15.0,PERSONAL,B,10425,11.49,0,0.11,N,9,2024-04-14
28,98400,MORTGAGE,12.0,PERSONAL,A,1500,5.42,0,0.02,N,5,2024-09-10
28,98400,MORTGAGE,12.0,VENTURE,D,20000,14.84,0,0.2,Y,9,2024-01-30
32,98406,MORTGAGE,1.0,DEBTCONSOLIDATION,A,5400,9.38,0,0.05,N,6,2024-06-16
27,56000,RENT,2.0,MEDICAL,B,14000,10.65,0,0.25,N,7,2024-10-24
30,98700,MORTGAGE,12.0,EDUCATION,B,6000,11.013786929274843,0,0.06,N,6,2024-05-31
29,98736,OWN,13.0,VENTURE,B,9000,11.89,0,0.09,N,6,2024-10-20
33,98784,MORTGAGE,3.0,MEDICAL,B,10000,11.013786929274843,0,0.1,N,7,2024-10-08
27,57600,RENT,3.0,EDUCATION,A,14000,7.29,0,0.24,N,8,2024-12-17
28,99000,OWN,11.0,HOMEIMPROVEMENT,A,8000,11.013786929274843,0,0.08,N,7,2024-01-29
29,99000,MORTGAGE,13.0,PERSONAL,A,4500,5.42,0,0.05,N,9,2024-12-30
29,58000,RENT,4.0,PERSONAL,A,14000,6.62,0,0.24,N,5,2024-08-24
35,99000,MORTGAGE,12.0,MEDICAL,B,3000,10.99,0,0.03,N,9,2024-08-27
30,59004,RENT,3.0,HOMEIMPROVEMENT,D,14000,15.28,0,0.24,N,10,2024-03-07
27,99000,MORTGAGE,5.0,PERSONAL,A,5000,6.92,0,0.05,N,8,2024-05-24
33,99000,MORTGAGE,8.0,MEDICAL,B,24000,11.36,0,0.24,N,7,2024-01-26
27,99000,MORTGAGE,4.0,VENTURE,A,9000,7.14,0,0.09,N,8,2024-05-03
29,99000,MORTGAGE,1.0,HOMEIMPROVEMENT,B,6000,10.25,0,0.06,N,5,2024-01-18
28,99000,MORTGAGE,12.0,VENTURE,B,18000,9.76,0,0.18,N,7,2024-12-12
29,60000,RENT,2.0,MEDICAL,A,14000,7.51,0,0.23,N,8,2024-08-10
33,99300,MORTGAGE,11.0,MEDICAL,A,7500,5.79,0,0.08,N,7,2024-02-09
29,99400,MORTGAGE,3.0,VENTURE,A,6000,6.92,0,0.06,N,7,2024-12-23
28,99400,MORTGAGE,6.0,MEDICAL,B,4800,11.013786929274843,0,0.05,N,7,2024-11-21
28,99518,MORTGAGE,10.0,DEBTCONSOLIDATION,A,6500,5.99,0,0.07,N,6,2024-12-15
32,99600,MORTGAGE,6.0,EDUCATION,B,5000,11.86,0,0.05,N,8,2024-11-15
29,99780,MORTGAGE,14.0,HOMEIMPROVEMENT,B,6000,11.14,0,0.06,N,8,2024-07-02
35,99800,MORTGAGE,9.0,PERSONAL,A,8000,7.14,0,0.08,N,9,2024-06-17
28,99996,MORTGAGE,6.0,VENTURE,A,10000,5.42,0,0.1,N,8,2024-08-17
30,74797,MORTGAGE,14.0,MEDICAL,E,4800,18.79,1,0.05,Y,7,2024-09-05
33,99996,MORTGAGE,14.0,PERSONAL,B,6000,11.11,0,0.06,N,7,2024-03-07
31,74797,MORTGAGE,1.0,MEDICAL,D,10000,15.58,1,0.11,Y,6,2024-08-10
32,99996,MORTGAGE,16.0,HOMEIMPROVEMENT,A,7000,7.14,0,0.07,N,9,2024-05-11
29,74797,MORTGAGE,2.0,MEDICAL,D,15000,15.33,1,0.17,Y,10,2024-04-06
28,62400,RENT,2.0,VENTURE,B,14000,10.99,0,0.22,N,10,2024-05-21
27,56500,RENT,2.0,HOMEIMPROVEMENT,D,14000,13.87,1,0.25,N,8,2024-02-13
32,63000,RENT,11.0,EDUCATION,A,14000,6.91,0,0.22,N,5,2024-09-26
27,88000,MORTGAGE,11.0,HOMEIMPROVEMENT,A,5000,8.9,1,0.06,N,9,2024-08-23
29,100000,MORTGAGE,2.0,PERSONAL,C,5000,15.96,0,0.05,N,8,2024-12-03
30,100000,MORTGAGE,2.0,EDUCATION,D,10000,16.77,0,0.1,Y,10,2024-10-14
28,100000,OWN,13.0,VENTURE,C,2000,14.27,0,0.02,Y,5,2024-05-18
27,66000,RENT,2.0,VENTURE,C,14000,12.99,0,0.21,Y,8,2024-06-20
29,68000,RENT,9.0,VENTURE,C,14000,12.61,0,0.21,Y,8,2024-06-15
31,69000,RENT,2.0,PERSONAL,A,14000,6.03,0,0.2,N,10,2024-08-26
27,100000,MORTGAGE,11.0,DEBTCONSOLIDATION,A,7600,6.03,0,0.08,N,9,2024-11-23
27,100000,MORTGAGE,1.0,HOMEIMPROVEMENT,A,12000,6.03,0,0.12,N,6,2024-10-30
30,100000,MORTGAGE,9.0,MEDICAL,A,12000,8.9,0,0.12,N,10,2024-01-24
31,100000,MORTGAGE,5.0,EDUCATION,B,5000,12.69,0,0.05,N,7,2024-12-05
35,100000,MORTGAGE,14.0,VENTURE,A,10000,6.62,0,0.1,N,8,2024-02-27
27,100000,MORTGAGE,11.0,PERSONAL,A,12000,11.013786929274843,0,0.12,N,6,2024-07-24
28,100000,MORTGAGE,6.0,DEBTCONSOLIDATION,B,10000,11.013786929274843,0,0.1,N,5,2024-05-04
33,100000,MORTGAGE,16.0,MEDICAL,B,15000,11.71,0,0.15,N,9,2024-03-29
28,100000,MORTGAGE,4.0,DEBTCONSOLIDATION,A,7000,8.9,0,0.07,N,10,2024-01-13
35,73000,RENT,9.0,VENTURE,D,14000,14.59,0,0.19,Y,8,2024-01-02
35,100000,MORTGAGE,9.0,EDUCATION,B,6000,9.99,0,0.06,N,7,2024-02-27
27,31200,OWN,2.0,HOMEIMPROVEMENT,C,6000,14.35,0,0.19,N,7,2024-10-03
28,100000,MORTGAGE,2.0,EDUCATION,A,4000,7.49,0,0.04,N,8,2024-02-07
31,100000,MORTGAGE,6.0,MEDICAL,B,6000,10.99,0,0.06,N,6,2024-07-04
34,75000,RENT,4.0,DEBTCONSOLIDATION,B,14000,12.69,0,0.19,N,7,2024-08-23
31,100000,MORTGAGE,11.0,HOMEIMPROVEMENT,A,8000,6.99,0,0.08,N,7,2024-03-16
31,100000,MORTGAGE,15.0,PERSONAL,A,19000,8.49,0,0.19,N,9,2024-01-13
31,100000,MORTGAGE,1.0,VENTURE,A,12000,5.42,0,0.12,N,7,2024-11-26
32,69000,RENT,2.0,HOMEIMPROVEMENT,D,14000,11.013786929274843,1,0.2,Y,6,2024-08-06
30,100000,MORTGAGE,11.0,VENTURE,D,16000,16.49,0,0.16,Y,9,2024-12-17
31,100000,MORTGAGE,2.0,MEDICAL,A,5000,5.42,0,0.05,N,8,2024-08-15
27,75000,RENT,2.0,VENTURE,A,14000,9.63,0,0.19,N,7,2024-12-25
29,100000,MORTGAGE,1.0,PERSONAL,C,10000,14.79,0,0.1,N,6,2024-02-12
32,76254,RENT,3.0,HOMEIMPROVEMENT,B,14000,10.38,0,0.18,N,5,2024-02-25
32,88000,MORTGAGE,13.0,DEBTCONSOLIDATION,C,17600,13.49,1,0.2,Y,10,2024-01-24
34,100000,MORTGAGE,7.0,EDUCATION,A,12000,7.49,0,0.12,N,6,2024-05-06
31,100000,MORTGAGE,5.0,HOMEIMPROVEMENT,B,15000,10.59,0,0.15,N,10,2024-03-11
29,100000,MORTGAGE,5.0,PERSONAL,A,10000,7.49,0,0.1,N,6,2024-11-23
31,76500,RENT,1.0,EDUCATION,B,14000,11.49,0,0.18,N,10,2024-12-10
28,100000,MORTGAGE,12.0,DEBTCONSOLIDATION,B,12000,10.99,0,0.12,N,8,2024-05-26
31,78000,RENT,1.0,DEBTCONSOLIDATION,A,14000,9.63,0,0.18,N,9,2024-05-21
34,80000,RENT,6.0,EDUCATION,C,14000,14.27,0,0.17,Y,7,2024-03-17
27,100000,OWN,5.0,VENTURE,A,6000,7.66,0,0.06,N,5,2024-05-25
33,100000,MORTGAGE,3.0,PERSONAL,B,15000,10.0,0,0.15,N,7,2024-11-24
30,100000,MORTGAGE,11.0,EDUCATION,A,12800,6.92,0,0.13,N,8,2024-02-09
32,80000,RENT,4.0,HOMEIMPROVEMENT,A,14000,5.42,0,0.17,N,9,2024-03-20
27,100000,MORTGAGE,11.0,PERSONAL,A,14400,11.013786929274843,0,0.14,N,8,2024-06-12
28,80000,RENT,8.0,VENTURE,D,14000,14.91,0,0.17,N,5,2024-09-21
33,100000,MORTGAGE,8.0,DEBTCONSOLIDATION,A,6400,7.29,0,0.06,N,9,2024-08-25
32,100000,MORTGAGE,2.0,MEDICAL,C,35000,11.013786929274843,0,0.35,N,10,2024-02-05
32,100000,MORTGAGE,17.0,MEDICAL,A,4500,5.42,0,0.04,N,10,2024-11-04
32,100000,MORTGAGE,4.0,VENTURE,A,9500,5.79,0,0.1,N,8,2024-08-14
27,31000,OWN,4.0,MEDICAL,C,12000,12.73,0,0.39,Y,6,2024-11-18
27,100000,MORTGAGE,1.0,DEBTCONSOLIDATION,C,16000,13.43,0,0.16,N,5,2024-03-06
29,100000,OWN,13.0,HOMEIMPROVEMENT,A,10000,6.92,0,0.1,N,7,2024-12-09
31,100000,MORTGAGE,10.0,MEDICAL,A,9950,5.42,0,0.1,N,7,2024-06-22
30,84000,RENT,4.0,MEDICAL,B,14000,12.42,0,0.17,N,6,2024-05-31
28,100000,OWN,7.0,HOMEIMPROVEMENT,C,20000,12.68,0,0.2,Y,6,2024-10-07
28,85000,RENT,6.0,PERSONAL,C,14000,14.65,0,0.16,Y,9,2024-05-19
29,85000,RENT,3.0,DEBTCONSOLIDATION,A,14000,5.42,0,0.16,N,5,2024-03-05
27,100000,MORTGAGE,11.0,PERSONAL,F,9000,18.25,0,0.09,Y,6,2024-06-26
30,85332,RENT,3.0,VENTURE,C,14000,14.22,0,0.16,N,7,2024-10-23
27,100000,MORTGAGE,2.0,MEDICAL,A,16000,6.54,0,0.16,N,5,2024-12-10
31,100000,MORTGAGE,6.0,HOMEIMPROVEMENT,C,13000,12.61,0,0.13,N,7,2024-10-03
29,100000,MORTGAGE,3.0,DEBTCONSOLIDATION,A,4800,5.79,0,0.05,N,9,2024-02-21
35,93000,RENT,12.0,VENTURE,C,14000,13.16,0,0.15,N,6,2024-04-29
30,100000,MORTGAGE,13.0,PERSONAL,A,10000,6.17,0,0.1,N,9,2024-03-16
29,100000,MORTGAGE,13.0,MEDICAL,A,20000,6.54,0,0.2,N,5,2024-04-03
27,100000,MORTGAGE,1.0,HOMEIMPROVEMENT,A,20000,6.17,0,0.2,N,7,2024-02-12
34,100000,MORTGAGE,8.0,HOMEIMPROVEMENT,A,15000,6.17,0,0.15,N,10,2024-12-04
28,100000,MORTGAGE,12.0,PERSONAL,A,10000,5.42,0,0.1,N,8,2024-12-03
29,100000,MORTGAGE,1.0,DEBTCONSOLIDATION,A,12000,6.91,0,0.12,N,10,2024-03-09
28,100000,MORTGAGE,3.0,MEDICAL,C,8000,13.98,0,0.08,Y,6,2024-02-17
28,100000,OWN,5.0,VENTURE,C,11000,13.61,0,0.11,Y,8,2024-11-22
30,100000,MORTGAGE,14.0,EDUCATION,A,13000,7.88,0,0.13,N,9,2024-06-17
27,100000,RENT,7.0,MEDICAL,B,14000,10.62,0,0.14,N,8,2024-03-23
33,103560,RENT,5.0,EDUCATION,E,14000,17.56,0,0.14,N,5,2024-11-20
30,100000,MORTGAGE,4.0,HOMEIMPROVEMENT,A,2000,11.013786929274843,0,0.02,N,5,2024-02-11
30,105000,RENT,3.0,DEBTCONSOLIDATION,B,14000,11.49,0,0.13,N,6,2024-02-06
29,100000,MORTGAGE,9.0,VENTURE,C,25000,13.23,0,0.25,Y,8,2024-04-27
27,100000,MORTGAGE,4.0,EDUCATION,F,20500,18.67,0,0.2,N,7,2024-03-05
33,100000,MORTGAGE,12.0,VENTURE,B,8000,11.86,0,0.08,N,7,2024-06-01
29,100000,MORTGAGE,3.0,PERSONAL,D,13000,15.33,0,0.13,N,6,2024-11-15
35,115000,RENT,2.0,EDUCATION,A,14000,11.013786929274843,0,0.12,N,9,2024-07-20
32,100000,MORTGAGE,4.0,PERSONAL,A,6000,7.14,0,0.06,N,10,2024-03-20
33,88000,MORTGAGE,17.0,DEBTCONSOLIDATION,C,20000,13.48,1,0.23,Y,10,2024-06-28
31,100000,MORTGAGE,5.0,DEBTCONSOLIDATION,A,11000,7.51,0,0.11,N,5,2024-10-21
29,88000,MORTGAGE,6.0,DEBTCONSOLIDATION,E,16000,16.45,1,0.18,N,8,2024-06-10
30,110400,RENT,1.0,VENTURE,D,14000,16.89,1,0.13,N,6,2024-07-23
29,125000,RENT,2.0,DEBTCONSOLIDATION,A,14000,9.63,0,0.11,N,6,2024-11-03
34,100000,MORTGAGE,11.0,MEDICAL,C,18000,11.013786929274843,0,0.18,Y,6,2024-09-06
28,100000,MORTGAGE,13.0,HOMEIMPROVEMENT,A,12000,7.88,0,0.12,N,8,2024-08-30
29,100000,MORTGAGE,8.0,HOMEIMPROVEMENT,B,7000,9.88,0,0.07,N,10,2024-06-21
30,100000,MORTGAGE,7.0,PERSONAL,A,1000,6.76,0,0.01,N,6,2024-01-31
28,100000,MORTGAGE,13.0,VENTURE,A,13000,8.59,0,0.13,N,5,2024-09-02
28,100000,OWN,7.0,MEDICAL,C,18000,13.92,0,0.18,Y,9,2024-09-22
35,138000,RENT,2.0,PERSONAL,A,14000,7.9,1,0.1,N,8,2024-11-05
33,100000,OWN,3.0,MEDICAL,B,25000,12.18,0,0.25,N,10,2024-05-01
30,100000,MORTGAGE,14.0,MEDICAL,B,15000,11.14,0,0.15,N,9,2024-08-16
28,100000,MORTGAGE,6.0,MEDICAL,B,24000,11.48,0,0.24,N,9,2024-06-06
29,100000,MORTGAGE,4.0,VENTURE,C,20000,13.57,0,0.2,Y,9,2024-09-06
35,100000,OWN,9.0,VENTURE,A,10000,8.59,0,0.1,N,7,2024-05-26
28,100000,MORTGAGE,3.0,VENTURE,B,5300,11.14,0,0.05,N,5,2024-11-29
32,48000,RENT,3.0,EDUCATION,C,14100,13.49,0,0.29,N,5,2024-07-19
28,100000,MORTGAGE,4.0,VENTURE,B,20000,11.48,0,0.2,N,5,2024-12-13
30,83203,RENT,6.0,MEDICAL,A,14100,6.03,0,0.17,N,8,2024-05-16
35,30000,RENT,4.0,MEDICAL,C,14125,12.99,1,0.47,Y,10,2024-09-09
29,100000,MORTGAGE,2.0,HOMEIMPROVEMENT,D,20000,14.61,0,0.2,Y,10,2024-11-09
32,100000,MORTGAGE,4.0,EDUCATION,A,4500,11.013786929274843,0,0.04,N,5,2024-03-25
27,31897,RENT,8.0,MEDICAL,C,14125,12.68,1,0.44,N,10,2024-06-18
28,100000,MORTGAGE,3.0,EDUCATION,C,10000,12.84,0,0.1,Y,5,2024-04-21
35,88000,MORTGAGE,4.0,PERSONAL,D,10000,14.11,1,0.11,Y,6,2024-12-02
33,34800,RENT,17.0,HOMEIMPROVEMENT,B,14125,10.37,1,0.41,N,8,2024-06-10
30,36500,RENT,5.0,EDUCATION,A,14125,8.9,1,0.39,N,7,2024-08-08
27,100000,MORTGAGE,2.0,MEDICAL,A,2000,8.0,0,0.02,N,5,2024-03-31
28,100000,MORTGAGE,2.0,PERSONAL,A,13500,9.38,0,0.14,N,9,2024-10-04
27,100000,MORTGAGE,2.0,MEDICAL,C,10000,12.09,0,0.1,Y,9,2024-02-02
27,39000,RENT,5.0,EDUCATION,A,14125,8.49,1,0.36,N,5,2024-11-20
33,100000,MORTGAGE,2.0,VENTURE,C,7000,11.013786929274843,0,0.07,N,6,2024-04-29
30,100000,MORTGAGE,5.0,PERSONAL,C,7500,11.59,0,0.07,Y,6,2024-05-16
31,100000,MORTGAGE,8.0,VENTURE,B,7000,10.08,0,0.07,N,10,2024-06-24
28,46400,RENT,6.0,DEBTCONSOLIDATION,C,14125,11.013786929274843,0,0.3,N,5,2024-08-05
33,100000,MORTGAGE,1.0,HOMEIMPROVEMENT,B,25000,10.39,0,0.25,N,8,2024-05-19
29,40000,RENT,3.0,MEDICAL,B,14150,12.69,1,0.35,N,7,2024-11-01
35,100000,MORTGAGE,13.0,EDUCATION,F,12000,15.76,0,0.12,N,6,2024-02-13
34,30000,OWN,3.0,HOMEIMPROVEMENT,C,8875,14.27,0,0.3,Y,8,2024-06-02
29,100000,MORTGAGE,7.0,MEDICAL,C,15000,12.04,0,0.15,N,5,2024-11-01
27,100000,MORTGAGE,10.0,MEDICAL,B,12000,9.96,0,0.12,N,10,2024-11-09
32,30000,RENT,5.0,EDUCATION,C,14300,13.49,1,0.48,N,8,2024-02-21
27,100500,MORTGAGE,11.0,EDUCATION,C,15000,14.65,0,0.15,N,6,2024-06-26
30,31800,RENT,2.0,VENTURE,B,14400,10.75,1,0.45,N,7,2024-01-18
35,100596,MORTGAGE,2.0,PERSONAL,B,25000,10.59,0,0.25,N,8,2024-09-19
30,100800,MORTGAGE,5.0,VENTURE,B,22000,12.42,0,0.22,N,7,2024-07-16
35,100843,MORTGAGE,6.0,MEDICAL,C,2800,12.87,0,0.03,N,5,2024-09-05
27,88970,MORTGAGE,5.0,DEBTCONSOLIDATION,B,20000,11.99,1,0.22,N,6,2024-01-26
28,101000,MORTGAGE,4.0,EDUCATION,B,5000,9.91,0,0.05,N,5,2024-07-25
32,101000,MORTGAGE,12.0,DEBTCONSOLIDATION,B,8000,11.49,0,0.08,N,5,2024-12-29
32,101000,MORTGAGE,5.0,EDUCATION,C,3375,14.79,0,0.03,N,8,2024-07-06
33,101000,MORTGAGE,8.0,HOMEIMPROVEMENT,A,5000,7.49,0,0.05,N,7,2024-01-30
31,101000,MORTGAGE,5.0,EDUCATION,A,18000,8.49,0,0.18,N,6,2024-07-29
31,38000,RENT,15.0,VENTURE,A,14400,8.94,1,0.38,N,7,2024-06-22
29,101000,OWN,6.0,HOMEIMPROVEMENT,B,12000,12.18,0,0.12,N,8,2024-12-15
30,43000,RENT,2.0,DEBTCONSOLIDATION,A,14400,6.99,1,0.33,N,10,2024-01-02
32,30000,OWN,10.0,HOMEIMPROVEMENT,A,17875,6.99,0,0.6,N,5,2024-10-01
28,101000,MORTGAGE,8.0,MEDICAL,A,15000,8.94,0,0.15,N,9,2024-03-24
27,101000,MORTGAGE,1.0,PERSONAL,D,20000,11.013786929274843,0,0.2,N,8,2024-10-15
31,101000,MORTGAGE,6.0,PERSONAL,A,12000,9.63,0,0.12,N,7,2024-05-23
28,101000,MORTGAGE,7.0,PERSONAL,A,6000,8.32,0,0.06,N,9,2024-07-23
27,101004,MORTGAGE,2.0,MEDICAL,A,11025,7.9,0,0.11,N,5,2024-10-08
27,101004,MORTGAGE,3.0,MEDICAL,B,12000,11.013786929274843,0,0.12,N,9,2024-04-20
31,101004,MORTGAGE,3.0,DEBTCONSOLIDATION,C,17000,11.013786929274843,0,0.17,N,8,2024-07-21
35,101400,MORTGAGE,11.0,HOMEIMPROVEMENT,A,4500,9.32,0,0.04,N,5,2024-09-26
31,101416,MORTGAGE,9.0,HOMEIMPROVEMENT,C,15000,12.87,0,0.15,Y,8,2024-02-09
29,44500,RENT,3.0,VENTURE,C,14400,13.61,1,0.32,Y,10,2024-07-28
29,45000,RENT,14.0,PERSONAL,A,14400,7.29,1,0.32,N,9,2024-10-01
30,90000,MORTGAGE,7.0,DEBTCONSOLIDATION,A,4800,8.9,1,0.05,N,5,2024-05-26
30,102000,MORTGAGE,8.0,HOMEIMPROVEMENT,D,15000,15.62,0,0.15,Y,8,2024-05-08
33,102000,MORTGAGE,6.0,EDUCATION,C,8700,12.99,0,0.09,Y,9,2024-05-16
27,102000,MORTGAGE,1.0,PERSONAL,B,16000,11.99,0,0.16,N,5,2024-06-17
27,102000,MORTGAGE,9.0,PERSONAL,A,6000,7.49,0,0.06,N,9,2024-07-15
33,102000,MORTGAGE,17.0,VENTURE,E,35000,11.013786929274843,0,0.34,Y,8,2024-09-05
30,102000,MORTGAGE,4.0,EDUCATION,A,12250,7.66,0,0.12,N,8,2024-06-22
31,102000,MORTGAGE,5.0,EDUCATION,A,4000,7.88,0,0.04,N,10,2024-08-16
29,102000,MORTGAGE,13.0,MEDICAL,A,6000,7.88,0,0.06,N,9,2024-08-19
31,102000,MORTGAGE,1.0,HOMEIMPROVEMENT,C,14400,11.013786929274843,0,0.14,N,6,2024-10-14
28,65000,RENT,7.0,MEDICAL,B,14400,11.14,0,0.22,N,5,2024-01-27
28,102000,MORTGAGE,2.0,VENTURE,B,10000,12.18,0,0.1,N,7,2024-09-20
34,68000,RENT,5.0,HOMEIMPROVEMENT,A,14400,8.59,0,0.21,N,5,2024-10-10
27,102000,MORTGAGE,2.0,DEBTCONSOLIDATION,B,7200,11.26,0,0.07,N,8,2024-08-12
27,102000,MORTGAGE,1.0,HOMEIMPROVEMENT,C,15000,12.84,0,0.15,N,7,2024-12-15
27,102000,MORTGAGE,6.0,VENTURE,A,10000,9.63,0,0.1,N,9,2024-10-04
29,102000,OWN,10.0,MEDICAL,B,18000,9.33,0,0.18,N,7,2024-01-20
28,102058,MORTGAGE,13.0,EDUCATION,C,15000,13.92,0,0.15,Y,8,2024-04-17
33,102368,MORTGAGE,6.0,HOMEIMPROVEMENT,B,11000,11.14,0,0.11,N,8,2024-07-24
27,102400,MORTGAGE,2.0,EDUCATION,D,25000,15.57,0,0.24,N,10,2024-12-02
30,102489,MORTGAGE,14.0,PERSONAL,B,25000,12.18,0,0.24,N,7,2024-06-08
27,102500,MORTGAGE,3.0,HOMEIMPROVEMENT,B,8000,10.59,0,0.08,N,6,2024-05-07
28,102500,MORTGAGE,12.0,MEDICAL,A,6000,5.79,0,0.06,N,8,2024-07-18
30,102540,MORTGAGE,6.0,HOMEIMPROVEMENT,A,1500,7.9,0,0.01,N,5,2024-12-23
27,75000,RENT,1.0,EDUCATION,B,14400,11.36,0,0.19,N,7,2024-11-26
33,102996,MORTGAGE,4.0,EDUCATION,A,6000,11.013786929274843,0,0.06,N,8,2024-12-01
31,103000,MORTGAGE,8.0,DEBTCONSOLIDATION,B,14000,9.91,0,0.14,N,7,2024-02-07
33,103000,MORTGAGE,5.0,EDUCATION,A,24000,7.49,0,0.23,N,10,2024-11-21
32,103000,MORTGAGE,3.0,MEDICAL,A,6000,7.49,0,0.06,N,8,2024-04-05
30,103000,MORTGAGE,14.0,PERSONAL,A,6400,7.49,0,0.06,N,9,2024-10-05
28,103000,MORTGAGE,2.0,EDUCATION,A,5000,5.42,0,0.05,N,5,2024-07-01
34,103000,MORTGAGE,5.0,VENTURE,A,3525,5.42,0,0.03,N,8,2024-01-14
29,103000,MORTGAGE,13.0,MEDICAL,A,4500,7.29,0,0.04,N,6,2024-04-21
27,103000,MORTGAGE,8.0,MEDICAL,A,8800,7.29,0,0.09,N,8,2024-03-19
28,103000,MORTGAGE,4.0,VENTURE,A,10000,7.51,0,0.1,N,10,2024-01-19
30,79820,RENT,4.0,EDUCATION,C,14400,13.49,0,0.18,N,6,2024-07-01
34,103000,MORTGAGE,5.0,VENTURE,B,16000,10.62,0,0.16,N,7,2024-12-22
31,103000,MORTGAGE,3.0,VENTURE,B,15000,11.013786929274843,0,0.15,N,6,2024-04-19
29,103089,MORTGAGE,2.0,EDUCATION,A,7000,11.013786929274843,0,0.07,N,9,2024-02-13
28,103200,MORTGAGE,7.0,EDUCATION,B,9000,9.88,0,0.09,N,6,2024-12-25
27,85000,RENT,4.0,VENTURE,A,14400,8.49,0,0.17,N,10,2024-02-11
34,103363,MORTGAGE,4.0,DEBTCONSOLIDATION,B,15000,11.013786929274843,0,0.15,N,8,2024-07-10
30,103500,MORTGAGE,14.0,VENTURE,D,24150,14.61,0,0.23,N,9,2024-06-25
28,85000,RENT,1.0,EDUCATION,A,14400,9.07,0,0.17,N,8,2024-11-16
28,103992,MORTGAGE,3.0,PERSONAL,B,18000,10.99,0,0.17,N,7,2024-11-13
33,104000,MORTGAGE,3.0,EDUCATION,A,16000,11.013786929274843,0,0.15,N,9,2024-03-17
27,104000,MORTGAGE,11.0,PERSONAL,B,10000,10.65,0,0.1,N,9,2024-02-14
29,104000,MORTGAGE,7.0,DEBTCONSOLIDATION,A,35000,7.49,0,0.34,N,8,2024-08-12
27,104000,OWN,10.0,EDUCATION,B,35000,11.013786929274843,0,0.34,N,10,2024-08-12
30,96000,RENT,4.0,PERSONAL,B,14400,11.013786929274843,0,0.15,N,8,2024-04-25
27,104000,OWN,4.0,EDUCATION,E,35000,17.99,0,0.34,Y,6,2024-06-14
29,104000,MORTGAGE,6.0,HOMEIMPROVEMENT,A,18000,7.66,0,0.17,N,7,2024-04-21
33,104000,MORTGAGE,15.0,MEDICAL,B,3500,10.74,0,0.03,N,6,2024-08-15
32,100000,RENT,7.0,EDUCATION,C,14400,13.35,0,0.14,Y,7,2024-08-01
28,100000,RENT,10.0,HOMEIMPROVEMENT,C,14400,13.85,0,0.14,N,9,2024-09-18
28,104000,MORTGAGE,12.0,PERSONAL,D,20000,11.013786929274843,0,0.19,N,9,2024-03-28
28,92000,MORTGAGE,8.0,PERSONAL,C,7750,14.22,1,0.08,N,6,2024-05-04
30,50000,RENT,3.0,DEBTCONSOLIDATION,C,14475,11.013786929274843,0,0.29,Y,6,2024-05-14
32,28800,RENT,4.0,PERSONAL,E,14500,16.7,1,0.5,N,10,2024-11-30
32,104000,MORTGAGE,12.0,VENTURE,E,17000,14.82,0,0.16,Y,7,2024-01-29
27,104525,MORTGAGE,11.0,HOMEIMPROVEMENT,A,6000,7.4,0,0.06,N,8,2024-08-13
30,30000,RENT,1.0,PERSONAL,B,14500,11.013786929274843,1,0.48,N,8,2024-01-29
30,105000,MORTGAGE,8.0,DEBTCONSOLIDATION,A,26000,7.51,0,0.25,N,10,2024-09-09
34,31000,RENT,5.0,MEDICAL,A,14500,7.88,1,0.47,N,10,2024-12-13
32,105000,MORTGAGE,17.0,MEDICAL,C,5000,14.65,0,0.05,N,9,2024-05-14
27,105000,MORTGAGE,11.0,EDUCATION,A,28000,11.013786929274843,0,0.27,N,7,2024-11-03
33,105000,MORTGAGE,4.0,HOMEIMPROVEMENT,B,26375,9.91,0,0.25,N,9,2024-08-09
29,105000,MORTGAGE,4.0,VENTURE,A,12000,6.62,0,0.11,N,7,2024-12-06
35,32000,RENT,4.0,MEDICAL,A,14500,6.17,1,0.45,N,9,2024-03-20
27,35000,RENT,4.0,DEBTCONSOLIDATION,C,14500,13.98,1,0.41,Y,8,2024-07-04
30,105000,MORTGAGE,6.0,EDUCATION,A,10000,5.99,0,0.1,N,8,2024-04-09
34,105000,MORTGAGE,14.0,VENTURE,A,12000,6.99,0,0.11,N,5,2024-11-20
28,30000,RENT,1.0,MEDICAL,B,14500,11.14,1,0.48,N,8,2024-04-27
30,40581,RENT,14.0,VENTURE,C,14500,13.23,1,0.36,N,10,2024-06-27
35,105000,MORTGAGE,11.0,EDUCATION,A,10000,11.013786929274843,0,0.1,N,10,2024-09-18
30,105000,MORTGAGE,14.0,MEDICAL,B,7725,11.013786929274843,0,0.07,N,9,2024-11-06
32,105000,MORTGAGE,5.0,EDUCATION,A,12100,5.99,0,0.12,N,6,2024-08-09
27,105000,MORTGAGE,7.0,EDUCATION,A,11000,7.49,0,0.1,N,5,2024-01-17
28,105000,MORTGAGE,12.0,EDUCATION,A,7000,11.013786929274843,0,0.07,N,10,2024-03-04
32,79050,MORTGAGE,10.0,MEDICAL,F,24000,18.62,1,0.26,Y,8,2024-09-16
34,105000,MORTGAGE,2.0,HOMEIMPROVEMENT,A,5000,5.42,0,0.05,N,7,2024-03-25
28,105000,MORTGAGE,8.0,VENTURE,B,12000,9.63,0,0.11,N,10,2024-11-16
27,105000,MORTGAGE,3.0,EDUCATION,C,25000,12.23,0,0.24,N,5,2024-03-14
28,105000,MORTGAGE,1.0,DEBTCONSOLIDATION,A,24000,11.013786929274843,0,0.23,N,6,2024-06-09
29,105000,MORTGAGE,3.0,VENTURE,A,20000,6.91,0,0.19,N,8,2024-05-06
31,30000,OWN,2.0,HOMEIMPROVEMENT,B,2950,10.75,0,0.1,N,7,2024-09-04
27,105000,MORTGAGE,9.0,PERSONAL,A,24000,6.17,0,0.23,N,6,2024-04-28
32,105000,MORTGAGE,11.0,MEDICAL,A,20000,6.54,0,0.19,N,9,2024-08-27
27,30000,OWN,6.0,EDUCATION,D,1800,14.84,0,0.06,Y,5,2024-06-21
33,79050,MORTGAGE,17.0,MEDICAL,D,12750,15.95,1,0.14,N,10,2024-01-19
34,105000,MORTGAGE,2.0,MEDICAL,A,10000,7.51,0,0.1,N,7,2024-12-07
28,105000,MORTGAGE,1.0,MEDICAL,B,25000,11.12,0,0.24,N,9,2024-05-10
29,105000,MORTGAGE,13.0,HOMEIMPROVEMENT,A,12000,7.88,0,0.11,N,7,2024-03-04
31,30000,OWN,6.0,VENTURE,B,2500,11.36,0,0.08,N,9,2024-06-23
29,105000,MORTGAGE,13.0,DEBTCONSOLIDATION,B,17000,10.25,0,0.16,N,10,2024-04-30
27,76000,RENT,2.0,MEDICAL,C,14500,12.73,0,0.19,N,10,2024-02-25
30,105000,OWN,14.0,HOMEIMPROVEMENT,B,15400,11.36,0,0.15,N,10,2024-09-17
30,105000,MORTGAGE,12.0,EDUCATION,A,12000,7.88,0,0.11,N,6,2024-11-22
30,105000,MORTGAGE,14.0,HOMEIMPROVEMENT,B,13000,10.25,0,0.12,N,9,2024-02-03
30,105000,MORTGAGE,5.0,EDUCATION,B,20000,11.83,0,0.19,N,5,2024-05-08
33,90000,RENT,8.0,DEBTCONSOLIDATION,C,14500,14.65,0,0.16,N,9,2024-11-23
33,105000,MORTGAGE,12.0,HOMEIMPROVEMENT,A,7000,7.74,0,0.07,N,10,2024-12-06
30,30000,OWN,4.0,PERSONAL,D,8000,15.7,0,0.27,Y,10,2024-03-19
27,105000,MORTGAGE,5.0,EDUCATION,B,20000,11.48,0,0.19,N,6,2024-01-26
31,30000,OWN,2.0,VENTURE,A,10000,7.88,0,0.33,N,5,2024-09-01
29,105000,MORTGAGE,13.0,PERSONAL,C,5000,12.53,0,0.05,N,9,2024-10-02
29,105000,MORTGAGE,11.0,HOMEIMPROVEMENT,D,15000,14.42,0,0.14,Y,5,2024-03-16
33,105000,MORTGAGE,6.0,PERSONAL,C,5150,12.41,0,0.05,Y,9,2024-04-14
31,40000,RENT,2.0,DEBTCONSOLIDATION,C,14600,11.013786929274843,1,0.36,Y,5,2024-07-11
31,93900,MORTGAGE,13.0,VENTURE,F,24000,16.08,1,0.26,Y,6,2024-08-22
29,93924,MORTGAGE,7.0,DEBTCONSOLIDATION,D,8400,11.013786929274843,1,0.09,N,10,2024-06-17
28,28800,RENT,1.0,EDUCATION,C,15000,14.65,1,0.52,Y,8,2024-01-03
27,106000,MORTGAGE,11.0,HOMEIMPROVEMENT,B,4000,11.71,0,0.04,N,6,2024-07-04
35,106000,MORTGAGE,8.0,DEBTCONSOLIDATION,C,15000,15.96,0,0.14,N,8,2024-12-01
33,106000,MORTGAGE,2.0,EDUCATION,A,6000,8.49,0,0.06,N,8,2024-03-15
34,106000,MORTGAGE,6.0,HOMEIMPROVEMENT,A,7200,7.29,0,0.07,N,8,2024-02-14
32,106000,MORTGAGE,12.0,HOMEIMPROVEMENT,A,12000,5.79,0,0.11,N,8,2024-05-16
31,106000,MORTGAGE,15.0,HOMEIMPROVEMENT,B,2400,9.63,0,0.02,N,6,2024-10-15
27,106000,MORTGAGE,5.0,HOMEIMPROVEMENT,C,24000,13.8,0,0.23,N,10,2024-11-22
30,106000,MORTGAGE,11.0,VENTURE,F,10000,11.013786929274843,0,0.09,N,9,2024-07-16
28,28896,RENT,6.0,PERSONAL,C,15000,13.48,1,0.52,Y,8,2024-06-25
31,106000,MORTGAGE,5.0,DEBTCONSOLIDATION,A,15000,7.88,0,0.14,N,7,2024-12-18
31,30000,RENT,1.0,HOMEIMPROVEMENT,B,15000,10.0,1,0.5,N,6,2024-10-31
32,106000,MORTGAGE,3.0,MEDICAL,A,10000,11.013786929274843,0,0.09,N,7,2024-06-11
34,106000,MORTGAGE,3.0,MEDICAL,A,9000,7.88,0,0.08,N,6,2024-04-24
31,106000,MORTGAGE,3.0,MEDICAL,B,6000,10.99,0,0.06,N,7,2024-01-08
27,106000,OWN,3.0,PERSONAL,D,16000,14.96,0,0.15,Y,9,2024-02-04
28,31200,RENT,5.0,MEDICAL,B,15000,11.83,1,0.48,N,9,2024-08-10
32,106300,MORTGAGE,13.0,PERSONAL,A,20000,11.013786929274843,0,0.19,N,5,2024-03-22
29,106300,MORTGAGE,9.0,PERSONAL,A,6000,11.013786929274843,0,0.06,N,7,2024-09-03
28,106358,MORTGAGE,5.0,EDUCATION,A,13125,7.66,0,0.12,N,7,2024-02-07
35,106369,MORTGAGE,2.0,MEDICAL,A,8325,6.99,0,0.08,N,10,2024-07-30
29,106369,MORTGAGE,14.0,DEBTCONSOLIDATION,A,18000,6.17,0,0.17,N,9,2024-12-17
35,106500,MORTGAGE,4.0,PERSONAL,A,14550,11.013786929274843,0,0.14,N,10,2024-10-15
30,32000,RENT,1.0,DEBTCONSOLIDATION,B,15000,12.42,1,0.47,N,5,2024-07-21
27,107000,MORTGAGE,11.0,VENTURE,B,35000,9.63,0,0.33,N,7,2024-02-29
29,107000,MORTGAGE,3.0,PERSONAL,B,25000,10.99,0,0.23,N,5,2024-02-03
28,32568,RENT,3.0,EDUCATION,D,15000,11.013786929274843,1,0.46,N,9,2024-06-11
30,107000,MORTGAGE,2.0,PERSONAL,A,5000,11.013786929274843,0,0.05,N,7,2024-04-07
27,32960,RENT,3.0,PERSONAL,A,15000,6.91,1,0.46,N,5,2024-11-03
27,107000,MORTGAGE,2.0,EDUCATION,A,10800,9.63,0,0.1,N,5,2024-09-27
27,107000,MORTGAGE,4.0,EDUCATION,A,11500,8.38,0,0.11,N,10,2024-03-26
32,107004,MORTGAGE,6.0,VENTURE,B,4200,11.71,0,0.04,N,8,2024-11-21
30,107004,MORTGAGE,3.0,VENTURE,C,12000,13.79,0,0.11,Y,10,2024-01-21
29,33600,RENT,7.0,VENTURE,B,2000,11.71,0,0.06,N,9,2024-07-27
29,107220,MORTGAGE,9.0,HOMEIMPROVEMENT,B,10000,11.013786929274843,0,0.09,N,10,2024-08-08
28,107364,MORTGAGE,12.0,HOMEIMPROVEMENT,A,8000,6.76,0,0.07,N,9,2024-02-07
32,107400,OWN,2.0,MEDICAL,D,25000,15.21,0,0.23,N,10,2024-04-06
32,107800,OWN,3.0,EDUCATION,C,5200,14.65,0,0.05,Y,8,2024-11-06
29,34000,RENT,13.0,MEDICAL,C,2000,14.72,0,0.06,Y,7,2024-03-18
31,96000,MORTGAGE,7.0,VENTURE,C,25000,11.013786929274843,1,0.26,N,5,2024-03-14
32,108000,MORTGAGE,5.0,VENTURE,B,12000,11.49,0,0.11,N,10,2024-06-09
27,108000,MORTGAGE,11.0,EDUCATION,B,21600,11.013786929274843,0,0.2,N,10,2024-11-28
28,108000,MORTGAGE,6.0,EDUCATION,B,27400,10.99,0,0.25,N,7,2024-12-19
29,35000,RENT,2.0,DEBTCONSOLIDATION,B,2000,9.63,0,0.06,N,8,2024-03-06
30,108000,MORTGAGE,14.0,HOMEIMPROVEMENT,B,5000,10.99,0,0.05,N,5,2024-06-20
33,108000,MORTGAGE,17.0,HOMEIMPROVEMENT,B,11500,9.99,0,0.11,N,7,2024-10-26
27,96000,MORTGAGE,3.0,VENTURE,C,3000,14.17,1,0.03,Y,9,2024-05-27
27,35040,RENT,11.0,MEDICAL,B,2000,10.99,0,0.06,N,10,2024-01-01
28,108000,MORTGAGE,4.0,DEBTCONSOLIDATION,B,10000,10.74,0,0.09,N,6,2024-06-20
27,108000,MORTGAGE,3.0,HOMEIMPROVEMENT,A,13750,5.79,0,0.13,N,5,2024-09-13
27,108000,MORTGAGE,6.0,MEDICAL,A,10000,6.54,0,0.09,N,8,2024-07-20
33,108000,MORTGAGE,17.0,PERSONAL,C,7200,14.35,0,0.07,Y,6,2024-09-11
29,108000,MORTGAGE,13.0,DEBTCONSOLIDATION,A,3500,6.76,0,0.03,N,5,2024-05-14
27,36000,RENT,2.0,MEDICAL,B,2000,11.99,0,0.06,N,8,2024-10-23
28,108000,MORTGAGE,4.0,HOMEIMPROVEMENT,C,5000,12.87,0,0.05,Y,9,2024-09-27
35,37000,RENT,2.0,DEBTCONSOLIDATION,B,2000,11.26,0,0.05,N,10,2024-12-03
32,108000,MORTGAGE,11.0,VENTURE,C,20000,12.53,0,0.19,Y,10,2024-06-30
29,108000,MORTGAGE,9.0,HOMEIMPROVEMENT,A,11400,9.32,0,0.11,N,5,2024-05-08
29,38000,RENT,3.0,MEDICAL,C,2000,12.87,0,0.05,Y,9,2024-09-14
33,96000,MORTGAGE,11.0,DEBTCONSOLIDATION,D,15000,14.62,1,0.16,Y,10,2024-09-18
28,108041,MORTGAGE,6.0,EDUCATION,C,5600,13.98,0,0.05,Y,7,2024-01-25
32,108202,MORTGAGE,6.0,MEDICAL,C,9600,13.79,0,0.09,Y,6,2024-09-10
35,108717,MORTGAGE,9.0,DEBTCONSOLIDATION,A,16000,6.99,0,0.15,N,5,2024-09-26
27,108928,MORTGAGE,9.0,EDUCATION,A,17600,7.88,0,0.16,N,8,2024-07-11
29,108996,MORTGAGE,12.0,VENTURE,E,22000,11.013786929274843,0,0.2,Y,5,2024-09-18
27,39000,RENT,4.0,EDUCATION,D,2000,16.07,0,0.05,N,7,2024-04-28
27,109000,MORTGAGE,7.0,EDUCATION,A,3950,6.03,0,0.04,N,7,2024-06-16
34,109000,OWN,14.0,HOMEIMPROVEMENT,C,15000,13.61,0,0.14,Y,7,2024-11-11
33,109000,MORTGAGE,4.0,PERSONAL,C,18400,12.41,0,0.17,Y,8,2024-02-28
29,82450,MORTGAGE,11.0,MEDICAL,E,7500,14.5,1,0.08,N,9,2024-08-20
27,97000,MORTGAGE,4.0,PERSONAL,C,8275,10.59,1,0.09,Y,5,2024-07-15
28,109200,MORTGAGE,12.0,PERSONAL,B,8000,11.12,0,0.07,N,6,2024-08-01
32,109488,MORTGAGE,16.0,HOMEIMPROVEMENT,C,12000,12.09,0,0.11,N,8,2024-05-15
34,109800,MORTGAGE,12.0,DEBTCONSOLIDATION,B,10000,10.99,0,0.09,N,8,2024-06-26
27,39600,RENT,4.0,DEBTCONSOLIDATION,A,2000,7.9,0,0.05,N,6,2024-01-05
27,110000,MORTGAGE,11.0,HOMEIMPROVEMENT,A,3600,6.03,0,0.03,N,5,2024-05-19
28,33000,RENT,10.0,PERSONAL,A,15000,11.013786929274843,1,0.45,N,6,2024-02-04
29,110000,MORTGAGE,6.0,MEDICAL,B,5000,9.91,0,0.05,N,9,2024-08-04
35,110000,MORTGAGE,7.0,DEBTCONSOLIDATION,B,9000,11.71,0,0.08,N,9,2024-10-28
27,33600,RENT,11.0,DEBTCONSOLIDATION,A,15000,5.79,1,0.45,N,8,2024-11-20
28,110000,MORTGAGE,12.0,MEDICAL,A,6000,6.03,0,0.05,N,5,2024-06-05
34,110000,OWN,9.0,HOMEIMPROVEMENT,B,20000,11.013786929274843,0,0.18,N,9,2024-10-13
27,40800,RENT,3.0,VENTURE,A,2000,7.49,0,0.05,N,9,2024-01-11
27,41000,RENT,2.0,DEBTCONSOLIDATION,C,2000,15.27,0,0.05,Y,7,2024-12-10
28,110000,MORTGAGE,12.0,VENTURE,A,17000,6.03,0,0.15,N,7,2024-01-22
30,110000,MORTGAGE,14.0,VENTURE,B,10000,10.65,0,0.09,N,8,2024-02-24
28,110000,MORTGAGE,12.0,PERSONAL,B,22400,11.013786929274843,0,0.2,N,6,2024-06-10
30,110000,MORTGAGE,12.0,MEDICAL,B,5000,11.013786929274843,0,0.05,N,10,2024-07-05
35,110000,MORTGAGE,7.0,EDUCATION,A,10200,5.42,0,0.09,N,6,2024-10-09
28,42000,RENT,3.0,DEBTCONSOLIDATION,B,2000,11.49,0,0.05,N,5,2024-01-27
32,110000,MORTGAGE,5.0,EDUCATION,B,10000,10.99,0,0.09,N,9,2024-06-19
33,42000,RENT,8.0,MEDICAL,D,2000,11.013786929274843,0,0.05,Y,9,2024-12-11
30,98000,MORTGAGE,14.0,EDUCATION,B,9000,11.49,1,0.09,N,5,2024-10-21
30,98000,MORTGAGE,6.0,HOMEIMPROVEMENT,B,35000,10.59,1,0.36,N,8,2024-04-21
30,110000,MORTGAGE,8.0,MEDICAL,A,4800,5.99,0,0.04,N,5,2024-09-04
30,98000,MORTGAGE,3.0,DEBTCONSOLIDATION,D,5200,16.49,1,0.05,N,6,2024-10-24
31,110000,MORTGAGE,4.0,DEBTCONSOLIDATION,B,6000,11.99,0,0.05,N,7,2024-01-24
29,98000,MORTGAGE,2.0,HOMEIMPROVEMENT,B,7925,10.59,1,0.08,N,9,2024-07-25
27,110000,MORTGAGE,5.0,DEBTCONSOLIDATION,A,15000,11.013786929274843,0,0.14,N,10,2024-04-11
33,110000,MORTGAGE,10.0,MEDICAL,A,18000,6.99,0,0.16,N,9,2024-02-28
31,83300,MORTGAGE,9.0,MEDICAL,D,10000,11.013786929274843,1,0.1,Y,5,2024-07-14
34,110000,MORTGAGE,2.0,MEDICAL,A,10000,7.29,0,0.09,N,10,2024-04-21
27,110000,MORTGAGE,8.0,VENTURE,B,30000,11.11,0,0.27,N,6,2024-08-15
32,110000,MORTGAGE,2.0,VENTURE,B,5600,10.74,0,0.05,N,7,2024-05-18
32,110000,MORTGAGE,16.0,HOMEIMPROVEMENT,A,6700,6.92,0,0.06,N,7,2024-10-17
28,110000,OWN,1.0,HOMEIMPROVEMENT,E,5000,17.51,0,0.05,N,10,2024-06-11
28,110000,MORTGAGE,3.0,VENTURE,A,11000,5.79,0,0.1,N,7,2024-01-21
28,110000,MORTGAGE,12.0,VENTURE,B,15000,10.0,0,0.14,N,10,2024-02-10
29,110000,MORTGAGE,11.0,VENTURE,B,12000,10.37,0,0.11,N,10,2024-07-22
30,110000,MORTGAGE,4.0,MEDICAL,B,12000,10.74,0,0.11,N,8,2024-04-21
30,110000,MORTGAGE,14.0,DEBTCONSOLIDATION,B,25000,10.36,0,0.23,N,8,2024-11-30
28,110000,MORTGAGE,8.0,HOMEIMPROVEMENT,A,15000,6.54,0,0.14,N,6,2024-06-17
33,46800,RENT,9.0,MEDICAL,C,2000,14.65,0,0.04,N,6,2024-12-19
32,110000,MORTGAGE,3.0,MEDICAL,A,9200,5.79,0,0.08,N,10,2024-04-30
27,110000,MORTGAGE,3.0,DEBTCONSOLIDATION,B,25000,11.013786929274843,0,0.23,N,6,2024-04-07
29,47340,RENT,5.0,DEBTCONSOLIDATION,B,2000,9.99,0,0.04,N,6,2024-11-04
33,110000,MORTGAGE,2.0,MEDICAL,A,5000,7.51,0,0.05,N,7,2024-07-12
30,110000,MORTGAGE,5.0,VENTURE,B,25000,11.12,0,0.23,N,9,2024-05-29
28,110000,MORTGAGE,12.0,HOMEIMPROVEMENT,B,3500,11.49,0,0.03,N,10,2024-09-05
31,48000,RENT,11.0,MEDICAL,B,2000,10.65,0,0.04,N,6,2024-07-12
29,110000,MORTGAGE,1.0,EDUCATION,E,12800,16.82,0,0.12,N,6,2024-11-05
28,110000,MORTGAGE,7.0,HOMEIMPROVEMENT,B,10750,11.86,0,0.1,N,9,2024-03-12
30,110000,MORTGAGE,15.0,PERSONAL,C,12000,13.61,0,0.11,N,10,2024-08-25
28,110000,MORTGAGE,12.0,DEBTCONSOLIDATION,A,4800,7.51,0,0.04,N,9,2024-05-04
28,42000,RENT,4.0,DEBTCONSOLIDATION,D,2000,14.96,1,0.05,Y,6,2024-05-14
28,48000,RENT,9.0,EDUCATION,A,2000,7.68,0,0.04,N,7,2024-09-09
35,110000,MORTGAGE,7.0,VENTURE,B,6000,11.013786929274843,0,0.05,N,6,2024-11-07
27,83300,MORTGAGE,3.0,MEDICAL,D,12000,15.21,1,0.12,N,6,2024-12-13
27,48192,RENT,12.0,DEBTCONSOLIDATION,A,2000,7.66,0,0.04,N,9,2024-11-12
30,50000,RENT,2.0,VENTURE,C,2000,14.79,0,0.04,N,10,2024-05-06
27,44000,RENT,2.0,MEDICAL,B,2000,11.49,1,0.05,N,10,2024-12-01
33,110000,MORTGAGE,7.0,MEDICAL,B,23800,10.25,0,0.22,N,5,2024-09-01
34,50000,RENT,5.0,HOMEIMPROVEMENT,B,2000,11.48,0,0.04,N,5,2024-06-11
35,110000,MORTGAGE,3.0,HOMEIMPROVEMENT,A,10000,8.59,0,0.09,N,6,2024-06-03
30,110000,OWN,14.0,VENTURE,C,12000,13.57,0,0.11,Y,7,2024-08-14
32,110000,OWN,16.0,EDUCATION,B,9000,11.48,0,0.08,N,10,2024-05-04
31,34000,RENT,9.0,VENTURE,B,15000,9.88,1,0.44,N,6,2024-04-22
27,110000,MORTGAGE,3.0,MEDICAL,A,4800,7.74,0,0.04,N,7,2024-10-24
28,110000,MORTGAGE,1.0,EDUCATION,A,12000,8.94,0,0.11,N,10,2024-10-02
29,35000,RENT,1.0,VENTURE,A,15000,7.9,1,0.43,N,10,2024-04-06
31,110000,MORTGAGE,5.0,VENTURE,D,5000,14.96,0,0.05,Y,9,2024-09-30
34,35000,RENT,2.0,PERSONAL,B,15000,10.99,1,0.43,N,10,2024-06-25
31,35000,RENT,4.0,MEDICAL,C,15000,13.11,1,0.43,N,9,2024-09-18
31,110000,MORTGAGE,2.0,MEDICAL,A,6000,7.4,0,0.05,N,6,2024-12-08
29,35000,RENT,4.0,DEBTCONSOLIDATION,C,15000,13.22,1,0.43,N,5,2024-11-07
28,110000,MORTGAGE,12.0,PERSONAL,A,5000,9.63,0,0.05,N,9,2024-07-12
29,83300,MORTGAGE,5.0,MEDICAL,E,5000,16.95,1,0.05,Y,6,2024-10-04
32,98000,MORTGAGE,16.0,DEBTCONSOLIDATION,B,15000,10.95,1,0.15,N,5,2024-07-02
35,110000,MORTGAGE,4.0,MEDICAL,C,4000,13.79,0,0.04,N,6,2024-05-16
29,30000,RENT,1.0,DEBTCONSOLIDATION,E,15000,16.4,1,0.5,N,10,2024-06-06
34,110000,MORTGAGE,15.0,EDUCATION,B,6000,9.45,0,0.05,N,6,2024-07-14
31,110000,MORTGAGE,2.0,DEBTCONSOLIDATION,B,6000,9.51,0,0.05,N,9,2024-10-31
27,110000,MORTGAGE,4.0,PERSONAL,A,2500,8.07,0,0.02,N,6,2024-12-07
28,110004,MORTGAGE,2.0,HOMEIMPROVEMENT,B,15000,11.013786929274843,0,0.14,N,6,2024-12-22
29,110004,MORTGAGE,13.0,MEDICAL,B,12000,10.36,0,0.11,N,6,2024-08-27
27,110004,MORTGAGE,5.0,PERSONAL,C,25000,12.73,0,0.23,Y,6,2024-04-24
33,110004,MORTGAGE,15.0,MEDICAL,B,12000,11.013786929274843,0,0.11,N,7,2024-05-21
28,110244,MORTGAGE,3.0,HOMEIMPROVEMENT,D,18000,12.17,0,0.16,N,10,2024-11-20
33,36700,RENT,7.0,PERSONAL,B,15000,11.14,1,0.41,N,10,2024-03-01
32,37000,RENT,1.0,MEDICAL,B,15000,9.62,1,0.41,N,10,2024-09-04
31,111000,MORTGAGE,3.0,HOMEIMPROVEMENT,A,5150,6.62,0,0.05,N,6,2024-10-10
29,37200,RENT,1.0,MEDICAL,A,15000,6.03,1,0.4,N,10,2024-08-20
27,37440,RENT,5.0,PERSONAL,A,15000,7.9,1,0.4,N,8,2024-05-25
30,37600,RENT,2.0,MEDICAL,C,15000,13.06,1,0.4,Y,7,2024-11-18
30,28000,OWN,14.0,MEDICAL,B,14400,12.18,0,0.51,N,5,2024-09-04
29,111740,MORTGAGE,4.0,PERSONAL,C,5000,14.27,0,0.04,Y,6,2024-11-05
29,38000,RENT,13.0,DEBTCONSOLIDATION,A,15000,6.91,1,0.39,N,8,2024-04-10
34,111996,MORTGAGE,11.0,DEBTCONSOLIDATION,A,3000,7.74,0,0.03,N,10,2024-04-05
27,38004,RENT,5.0,EDUCATION,C,15000,12.73,1,0.39,N,10,2024-12-11
33,38016,RENT,10.0,EDUCATION,A,15000,6.17,1,0.39,N,9,2024-06-29
27,112000,MORTGAGE,12.0,EDUCATION,C,15000,13.49,0,0.13,N,8,2024-05-14
30,112000,OWN,6.0,VENTURE,A,12000,11.013786929274843,0,0.11,N,10,2024-09-02
30,112000,MORTGAGE,4.0,PERSONAL,D,8000,16.02,0,0.07,Y,10,2024-02-15
32,112000,MORTGAGE,4.0,EDUCATION,B,14000,9.63,0,0.13,N,9,2024-11-08
28,100000,MORTGAGE,4.0,VENTURE,D,25000,11.013786929274843,1,0.25,N,6,2024-08-20
27,112000,MORTGAGE,5.0,PERSONAL,A,8000,6.17,0,0.07,N,8,2024-10-15
28,112000,MORTGAGE,9.0,HOMEIMPROVEMENT,B,15000,11.12,0,0.13,N,7,2024-01-03
29,112000,MORTGAGE,3.0,PERSONAL,D,25000,14.61,0,0.22,N,5,2024-08-13
27,112000,MORTGAGE,9.0,EDUCATION,C,13000,13.57,0,0.12,N,10,2024-10-13
34,112123,MORTGAGE,2.0,EDUCATION,A,12800,8.94,0,0.11,N,6,2024-08-12
28,112200,MORTGAGE,10.0,VENTURE,A,6800,5.79,0,0.06,N,5,2024-05-26
34,40000,RENT,2.0,PERSONAL,A,15000,11.013786929274843,1,0.38,N,6,2024-07-13
32,112445,MORTGAGE,4.0,DEBTCONSOLIDATION,A,6000,5.42,0,0.05,N,10,2024-03-07
33,40000,RENT,15.0,PERSONAL,B,15000,9.88,1,0.38,N,5,2024-06-01
27,112500,MORTGAGE,4.0,HOMEIMPROVEMENT,D,10400,15.62,0,0.09,Y,6,2024-01-14
29,112500,MORTGAGE,11.0,EDUCATION,C,3000,13.35,0,0.03,N,10,2024-04-05
27,112548,MORTGAGE,11.0,DEBTCONSOLIDATION,A,24000,11.013786929274843,0,0.21,N,7,2024-05-23
33,112732,OWN,5.0,PERSONAL,B,5000,12.69,0,0.04,N,5,2024-05-23
27,112921,MORTGAGE,11.0,HOMEIMPROVEMENT,E,19000,16.35,0,0.17,N,10,2024-10-10
29,112992,MORTGAGE,13.0,DEBTCONSOLIDATION,A,8000,7.49,0,0.07,N,8,2024-01-12
32,40277,RENT,5.0,MEDICAL,B,15000,11.71,1,0.37,N,8,2024-04-24
28,40500,RENT,9.0,DEBTCONSOLIDATION,A,15000,7.88,1,0.37,N,5,2024-08-21
27,113000,MORTGAGE,5.0,DEBTCONSOLIDATION,A,6425,6.03,0,0.06,N,7,2024-07-11
33,113000,MORTGAGE,15.0,MEDICAL,C,5000,13.49,0,0.04,Y,9,2024-07-04
28,27600,OWN,2.0,HOMEIMPROVEMENT,A,6000,8.9,0,0.22,N,8,2024-07-02
27,41000,RENT,6.0,EDUCATION,A,15000,8.49,1,0.37,N,8,2024-08-23
27,36000,RENT,11.0,HOMEIMPROVEMENT,D,15000,16.77,1,0.42,N,9,2024-07-26
32,113000,MORTGAGE,1.0,EDUCATION,A,5000,11.013786929274843,0,0.04,N,6,2024-02-26
27,113004,MORTGAGE,11.0,VENTURE,A,15000,8.94,0,0.13,N,8,2024-01-04
28,113300,MORTGAGE,12.0,VENTURE,C,18000,12.99,0,0.16,N,6,2024-02-22
29,42000,RENT,5.0,PERSONAL,B,15000,10.99,1,0.36,N,9,2024-04-18
27,113400,OWN,6.0,VENTURE,B,2100,11.99,0,0.02,N,7,2024-05-24
34,113500,OWN,4.0,HOMEIMPROVEMENT,A,3000,6.39,0,0.03,N,8,2024-07-21
27,113800,MORTGAGE,3.0,MEDICAL,A,7500,8.63,0,0.07,N,10,2024-12-08
28,114000,MORTGAGE,12.0,VENTURE,E,8000,18.64,0,0.07,N,10,2024-06-12
30,114000,MORTGAGE,14.0,MEDICAL,A,7200,6.03,0,0.06,N,8,2024-02-11
28,114000,MORTGAGE,4.0,DEBTCONSOLIDATION,A,12000,11.013786929274843,0,0.11,N,5,2024-07-21
28,114000,MORTGAGE,13.0,HOMEIMPROVEMENT,A,26000,8.49,0,0.23,N,5,2024-06-17
30,114000,MORTGAGE,13.0,DEBTCONSOLIDATION,A,9975,5.42,0,0.09,N,10,2024-08-12
28,27504,OWN,4.0,PERSONAL,B,2000,11.12,0,0.07,N,8,2024-06-20
35,114000,MORTGAGE,11.0,EDUCATION,B,7000,11.49,0,0.06,N,10,2024-02-16
27,114000,MORTGAGE,7.0,EDUCATION,C,20000,13.06,0,0.18,Y,8,2024-11-24
32,27500,OWN,1.0,VENTURE,D,5000,14.59,0,0.18,Y,10,2024-11-27
29,114000,MORTGAGE,11.0,MEDICAL,A,14000,11.013786929274843,0,0.12,N,6,2024-06-08
32,86700,MORTGAGE,16.0,MEDICAL,D,20000,14.74,1,0.2,N,9,2024-12-23
33,114000,MORTGAGE,2.0,DEBTCONSOLIDATION,C,21000,13.16,0,0.18,N,9,2024-01-16
33,114400,MORTGAGE,3.0,PERSONAL,C,20000,13.48,0,0.17,N,5,2024-05-29
30,114400,MORTGAGE,14.0,VENTURE,A,8000,8.94,0,0.07,N,7,2024-07-23
29,42500,RENT,9.0,VENTURE,A,15000,7.88,1,0.35,N,7,2024-12-14
31,114996,MORTGAGE,8.0,DEBTCONSOLIDATION,A,15000,6.92,0,0.13,N,8,2024-08-30
30,43000,RENT,3.0,VENTURE,A,15000,11.013786929274843,1,0.35,N,8,2024-02-14
33,115000,MORTGAGE,3.0,PERSONAL,A,14000,6.03,0,0.12,N,8,2024-07-19
28,115000,MORTGAGE,12.0,EDUCATION,A,22000,7.51,0,0.19,N,7,2024-01-10
27,115000,MORTGAGE,11.0,PERSONAL,B,14400,12.69,0,0.13,N,6,2024-08-28
29,115000,MORTGAGE,4.0,VENTURE,B,22000,12.69,0,0.19,N,10,2024-07-13
27,44000,RENT,2.0,MEDICAL,B,15000,11.013786929274843,1,0.34,N,6,2024-12-27
31,115000,MORTGAGE,15.0,MEDICAL,B,10000,12.42,0,0.09,N,6,2024-08-13
27,44000,RENT,2.0,MEDICAL,B,15000,11.48,1,0.34,N,5,2024-10-26
28,44104,RENT,4.0,VENTURE,B,15000,11.013786929274843,1,0.34,N,10,2024-02-23
32,44400,RENT,5.0,VENTURE,D,15000,16.49,1,0.34,Y,5,2024-05-16
28,115000,MORTGAGE,11.0,HOMEIMPROVEMENT,A,5000,7.51,0,0.04,N,8,2024-06-14
32,44400,RENT,13.0,MEDICAL,A,15000,7.88,1,0.34,N,9,2024-11-28
29,115000,MORTGAGE,13.0,DEBTCONSOLIDATION,A,5000,6.03,0,0.04,N,9,2024-10-30
28,115000,MORTGAGE,3.0,MEDICAL,A,18500,11.013786929274843,0,0.16,N,7,2024-07-22
27,115000,MORTGAGE,2.0,MEDICAL,A,1000,5.99,0,0.01,N,8,2024-09-25
33,115000,MORTGAGE,1.0,DEBTCONSOLIDATION,A,16800,5.42,0,0.15,N,6,2024-04-02
28,115000,MORTGAGE,8.0,MEDICAL,A,28000,11.013786929274843,0,0.24,N,5,2024-08-05
28,115000,MORTGAGE,2.0,PERSONAL,B,18000,10.59,0,0.16,N,10,2024-12-27
33,115000,MORTGAGE,6.0,MEDICAL,C,10500,13.49,0,0.09,N,9,2024-06-13
27,115000,MORTGAGE,1.0,DEBTCONSOLIDATION,A,5000,8.49,0,0.04,N,6,2024-05-01
28,115000,MORTGAGE,3.0,HOMEIMPROVEMENT,A,25000,7.49,0,0.22,N,6,2024-08-16
29,115000,MORTGAGE,3.0,MEDICAL,C,22000,15.23,0,0.19,Y,7,2024-04-24
29,115000,MORTGAGE,7.0,EDUCATION,D,8100,16.49,0,0.07,Y,10,2024-11-18
27,115000,MORTGAGE,11.0,VENTURE,B,5000,11.013786929274843,0,0.04,N,5,2024-09-25
29,115000,OWN,12.0,EDUCATION,D,35000,15.28,0,0.3,Y,5,2024-06-26
29,115000,MORTGAGE,10.0,VENTURE,C,5600,13.43,0,0.05,Y,8,2024-02-04
28,115000,MORTGAGE,3.0,PERSONAL,C,4500,12.68,0,0.04,N,7,2024-08-11
28,103000,MORTGAGE,12.0,HOMEIMPROVEMENT,C,20000,14.17,1,0.19,Y,9,2024-11-20
28,115000,MORTGAGE,12.0,DEBTCONSOLIDATION,B,18000,10.37,0,0.16,N,7,2024-03-08
27,115000,MORTGAGE,3.0,HOMEIMPROVEMENT,A,24000,11.013786929274843,0,0.21,N,7,2024-07-29
35,45000,RENT,3.0,DEBTCONSOLIDATION,C,15000,11.013786929274843,1,0.33,N,8,2024-11-30
33,39000,RENT,4.0,DEBTCONSOLIDATION,E,15000,17.56,1,0.38,Y,5,2024-08-06
34,115000,MORTGAGE,11.0,MEDICAL,A,6000,5.79,0,0.05,N,9,2024-12-01
31,115000,MORTGAGE,4.0,VENTURE,C,6500,13.98,0,0.06,N,9,2024-10-02
27,115000,MORTGAGE,11.0,MEDICAL,A,8000,7.51,0,0.07,N,7,2024-02-16
33,115000,MORTGAGE,10.0,MEDICAL,B,25000,11.86,0,0.22,N,8,2024-05-05
35,115000,MORTGAGE,4.0,HOMEIMPROVEMENT,C,7200,13.85,0,0.06,Y,10,2024-01-05
29,115000,MORTGAGE,3.0,DEBTCONSOLIDATION,C,4000,13.48,0,0.03,N,10,2024-12-06
28,115000,MORTGAGE,12.0,VENTURE,C,16000,13.85,0,0.14,Y,8,2024-01-26
27,115000,MORTGAGE,3.0,EDUCATION,A,6300,6.76,0,0.05,N,10,2024-03-26
27,27000,OWN,1.0,VENTURE,A,6000,8.0,0,0.22,N,6,2024-07-10
33,115000,OWN,2.0,VENTURE,B,14400,11.14,0,0.13,N,5,2024-03-23
27,115000,MORTGAGE,4.0,MEDICAL,C,9600,12.87,0,0.08,N,9,2024-02-02
29,115000,MORTGAGE,11.0,EDUCATION,C,20000,13.79,0,0.17,Y,6,2024-01-05
32,115000,MORTGAGE,3.0,EDUCATION,E,20000,16.95,0,0.17,Y,7,2024-06-06
28,115000,MORTGAGE,6.0,HOMEIMPROVEMENT,A,10000,8.0,0,0.09,N,8,2024-03-16
32,45400,RENT,4.0,PERSONAL,B,15000,12.18,1,0.33,N,6,2024-09-14
32,115200,MORTGAGE,3.0,MEDICAL,A,10200,11.013786929274843,0,0.09,N,9,2024-03-07
34,45600,RENT,6.0,DEBTCONSOLIDATION,B,15000,11.48,1,0.33,N,9,2024-08-18
29,115742,MORTGAGE,13.0,PERSONAL,A,7000,6.62,0,0.06,N,8,2024-11-11
27,115752,MORTGAGE,6.0,DEBTCONSOLIDATION,B,10000,11.36,0,0.09,N,7,2024-02-26
27,116000,MORTGAGE,11.0,DEBTCONSOLIDATION,A,18000,7.49,0,0.16,N,10,2024-06-01
28,116000,OWN,7.0,VENTURE,C,12000,13.49,0,0.1,Y,6,2024-07-02
27,116000,OWN,3.0,MEDICAL,A,6000,7.29,0,0.05,N,7,2024-01-13
28,116000,MORTGAGE,12.0,VENTURE,A,14000,7.51,0,0.12,N,6,2024-08-09
32,116000,MORTGAGE,15.0,EDUCATION,B,21600,10.62,0,0.19,N,9,2024-11-22
28,116000,MORTGAGE,10.0,MEDICAL,B,25000,12.18,0,0.22,N,10,2024-07-24
27,29040,RENT,11.0,DEBTCONSOLIDATION,C,1800,13.23,1,0.06,Y,5,2024-02-18
33,116000,MORTGAGE,5.0,EDUCATION,C,15000,12.84,0,0.13,N,7,2024-02-17
33,116004,MORTGAGE,12.0,MEDICAL,C,8200,13.85,0,0.07,N,9,2024-09-21
31,116004,MORTGAGE,13.0,MEDICAL,A,6775,8.59,0,0.06,N,10,2024-05-11
29,33048,RENT,2.0,MEDICAL,C,1800,12.53,0,0.05,N,8,2024-04-17
32,104400,MORTGAGE,17.0,DEBTCONSOLIDATION,A,24000,8.9,1,0.23,N,5,2024-03-08
30,116500,MORTGAGE,9.0,DEBTCONSOLIDATION,C,15000,14.79,0,0.13,Y,7,2024-08-13
29,35000,RENT,12.0,DEBTCONSOLIDATION,A,1800,5.42,0,0.05,N,7,2024-10-05
29,117000,MORTGAGE,14.0,VENTURE,A,7800,8.9,0,0.07,N,8,2024-04-06
33,117000,MORTGAGE,17.0,HOMEIMPROVEMENT,A,20000,6.17,0,0.17,N,6,2024-12-29
31,117000,MORTGAGE,5.0,HOMEIMPROVEMENT,A,3600,6.91,0,0.03,N,5,2024-11-09
33,117000,MORTGAGE,2.0,HOMEIMPROVEMENT,A,18000,11.013786929274843,0,0.15,N,8,2024-10-23
34,36129,RENT,3.0,DEBTCONSOLIDATION,C,1800,14.22,0,0.05,Y,9,2024-05-01
29,117500,OWN,1.0,VENTURE,A,20000,6.17,0,0.17,N,9,2024-12-15
30,117500,MORTGAGE,3.0,PERSONAL,A,17500,7.37,0,0.15,N,6,2024-07-09
31,117516,MORTGAGE,3.0,MEDICAL,C,21000,13.49,0,0.18,N,5,2024-09-03
29,117600,MORTGAGE,13.0,DEBTCONSOLIDATION,C,14400,12.99,0,0.12,Y,6,2024-07-22
33,26400,OWN,13.0,VENTURE,B,7000,11.36,0,0.27,N,9,2024-03-20
27,117832,MORTGAGE,4.0,HOMEIMPROVEMENT,A,12500,6.17,0,0.11,N,7,2024-10-18
27,117996,MORTGAGE,4.0,DEBTCONSOLIDATION,A,16000,7.9,0,0.14,N,10,2024-11-14
31,118000,MORTGAGE,8.0,MEDICAL,B,6000,12.69,0,0.05,N,9,2024-11-22
27,118000,MORTGAGE,3.0,PERSONAL,A,10000,6.17,0,0.08,N,6,2024-05-29
28,47881,RENT,12.0,DEBTCONSOLIDATION,B,15000,11.013786929274843,1,0.31,N,7,2024-03-01
29,118374,MORTGAGE,13.0,VENTURE,C,3500,13.49,0,0.03,Y,6,2024-03-07
29,118400,MORTGAGE,11.0,EDUCATION,A,35000,7.9,0,0.3,N,8,2024-10-14
27,118500,MORTGAGE,4.0,DEBTCONSOLIDATION,A,15000,6.91,0,0.13,N,9,2024-01-26
28,48000,RENT,5.0,PERSONAL,B,15000,11.99,1,0.31,N,7,2024-01-26
34,26000,OWN,7.0,HOMEIMPROVEMENT,B,6000,12.42,0,0.23,N,8,2024-05-11
28,119000,MORTGAGE,2.0,MEDICAL,B,5325,10.38,0,0.04,N,7,2024-08-23
30,119000,MORTGAGE,14.0,PERSONAL,C,25000,12.73,0,0.21,Y,8,2024-05-12
29,26000,OWN,5.0,VENTURE,B,4500,11.71,0,0.17,N,5,2024-07-16
32,119000,MORTGAGE,12.0,PERSONAL,B,18000,10.99,0,0.15,N,7,2024-05-18
27,119000,OWN,5.0,EDUCATION,A,5000,7.51,0,0.04,N,5,2024-04-19
34,119000,MORTGAGE,10.0,HOMEIMPROVEMENT,A,6000,11.013786929274843,0,0.05,N,10,2024-03-25
32,119000,MORTGAGE,10.0,MEDICAL,C,9000,13.47,0,0.08,N,7,2024-02-06
27,107450,MORTGAGE,11.0,PERSONAL,G,24000,20.86,1,0.22,Y,10,2024-10-15
29,119500,MORTGAGE,6.0,HOMEIMPROVEMENT,C,6800,13.16,0,0.06,Y,10,2024-05-12
30,119700,MORTGAGE,2.0,HOMEIMPROVEMENT,A,9500,8.94,0,0.08,N,10,2024-12-19
33,120000,MORTGAGE,3.0,EDUCATION,A,14050,8.9,0,0.12,N,7,2024-05-22
32,120000,MORTGAGE,3.0,DEBTCONSOLIDATION,A,8000,8.9,0,0.07,N,6,2024-11-19
27,120000,MORTGAGE,2.0,EDUCATION,A,17000,6.03,0,0.14,N,5,2024-04-02
28,26000,OWN,3.0,HOMEIMPROVEMENT,A,2500,7.49,0,0.1,N,8,2024-09-23
29,48000,RENT,2.0,PERSONAL,B,15000,11.36,1,0.31,N,8,2024-04-23
29,120000,MORTGAGE,11.0,VENTURE,B,16000,12.42,0,0.13,N,9,2024-01-07
29,120000,MORTGAGE,2.0,EDUCATION,A,35000,8.9,0,0.29,N,7,2024-09-10
29,120000,MORTGAGE,8.0,MEDICAL,A,28000,7.9,0,0.23,N,8,2024-05-15
29,120000,MORTGAGE,3.0,EDUCATION,B,20000,11.71,0,0.17,N,5,2024-07-29
28,48500,RENT,4.0,PERSONAL,C,15000,12.87,1,0.31,Y,8,2024-04-24
27,120000,MORTGAGE,11.0,EDUCATION,B,20000,10.65,0,0.17,N,8,2024-05-21
29,120000,MORTGAGE,12.0,VENTURE,B,12000,10.65,0,0.1,N,9,2024-06-22
30,48564,RENT,3.0,VENTURE,B,15000,10.75,1,0.31,N,9,2024-10-10
29,120000,MORTGAGE,2.0,PERSONAL,D,7000,11.013786929274843,0,0.06,N,8,2024-07-08
27,120000,MORTGAGE,4.0,DEBTCONSOLIDATION,C,15000,13.49,0,0.13,Y,6,2024-07-03
30,43992,RENT,2.0,PERSONAL,D,15000,13.24,1,0.34,N,7,2024-10-30
33,120000,MORTGAGE,14.0,VENTURE,B,2000,12.69,0,0.02,N,9,2024-02-14
27,50000,RENT,3.0,VENTURE,D,15000,16.77,0,0.3,N,5,2024-12-26
29,120000,MORTGAGE,1.0,VENTURE,B,5000,9.91,0,0.04,N,7,2024-10-02
29,120000,MORTGAGE,2.0,HOMEIMPROVEMENT,B,6900,10.65,0,0.06,N,6,2024-12-06
30,120000,MORTGAGE,15.0,EDUCATION,A,11000,6.03,0,0.09,N,5,2024-11-07
31,120000,MORTGAGE,6.0,MEDICAL,A,28000,8.9,0,0.23,N,9,2024-07-25
35,120000,MORTGAGE,2.0,PERSONAL,A,8000,11.013786929274843,0,0.07,N,10,2024-01-22
28,120000,OWN,7.0,VENTURE,B,5000,10.65,0,0.04,N,6,2024-04-03
32,120000,MORTGAGE,7.0,PERSONAL,D,28250,16.77,0,0.24,Y,9,2024-12-01
34,120000,MORTGAGE,2.0,EDUCATION,B,4200,12.69,0,0.04,N,6,2024-06-25
29,120000,MORTGAGE,7.0,DEBTCONSOLIDATION,B,20000,12.42,0,0.17,N,6,2024-08-28
28,50000,RENT,4.0,PERSONAL,A,15000,7.49,0,0.3,N,6,2024-06-11
27,120000,OWN,11.0,MEDICAL,B,4800,10.99,0,0.04,N,10,2024-08-23
34,120000,OWN,4.0,VENTURE,B,7800,10.99,0,0.07,N,9,2024-11-22
30,120000,MORTGAGE,3.0,PERSONAL,B,6000,10.99,0,0.05,N,7,2024-09-09
30,120000,MORTGAGE,12.0,DEBTCONSOLIDATION,B,7200,9.99,0,0.06,N,9,2024-12-31
28,120000,MORTGAGE,3.0,MEDICAL,A,14500,5.42,0,0.12,N,8,2024-08-04
27,120000,MORTGAGE,3.0,PERSONAL,B,14000,11.99,0,0.12,N,10,2024-03-22
32,108000,MORTGAGE,13.0,DEBTCONSOLIDATION,D,8400,15.99,1,0.08,N,7,2024-07-09
30,44000,RENT,4.0,DEBTCONSOLIDATION,A,15000,6.54,1,0.34,N,5,2024-12-06
29,120000,OWN,10.0,PERSONAL,B,18000,11.49,0,0.15,N,10,2024-08-09
30,120000,MORTGAGE,13.0,EDUCATION,B,15000,11.013786929274843,0,0.13,N,8,2024-05-27
28,91800,MORTGAGE,6.0,MEDICAL,D,10000,16.89,1,0.09,Y,8,2024-05-07
31,120000,MORTGAGE,15.0,PERSONAL,B,7500,10.99,0,0.06,N,9,2024-08-25
27,120000,MORTGAGE,11.0,PERSONAL,A,8000,5.99,0,0.07,N,6,2024-02-20
30,120000,MORTGAGE,8.0,HOMEIMPROVEMENT,B,3000,11.49,0,0.03,N,8,2024-07-15
31,120000,MORTGAGE,8.0,EDUCATION,A,20000,7.49,0,0.17,N,6,2024-06-17
28,120000,MORTGAGE,4.0,PERSONAL,D,8000,15.62,0,0.07,N,7,2024-12-10
30,120000,MORTGAGE,3.0,HOMEIMPROVEMENT,B,15000,10.99,0,0.13,N,6,2024-02-05
31,108000,MORTGAGE,11.0,DEBTCONSOLIDATION,C,35000,13.49,1,0.32,N,10,2024-03-06
27,50000,RENT,1.0,VENTURE,C,15000,13.16,0,0.3,N,9,2024-05-29
35,120000,MORTGAGE,4.0,MEDICAL,B,8850,10.99,0,0.07,N,7,2024-04-13
33,120000,MORTGAGE,6.0,MEDICAL,A,4500,5.99,0,0.04,N,5,2024-12-23
28,50000,RENT,1.0,EDUCATION,C,15000,10.28,0,0.3,N,5,2024-04-26
27,120000,MORTGAGE,10.0,DEBTCONSOLIDATION,A,7000,5.99,0,0.06,N,5,2024-08-19
29,120000,OWN,4.0,VENTURE,A,7000,8.49,0,0.06,N,7,2024-04-09
28,120000,MORTGAGE,11.0,EDUCATION,B,14400,10.74,0,0.12,N,10,2024-11-17
30,120000,OWN,14.0,VENTURE,C,10000,13.06,0,0.08,Y,8,2024-04-25
33,120000,MORTGAGE,4.0,PERSONAL,A,6000,6.92,0,0.05,N,8,2024-09-03
29,120000,OWN,5.0,MEDICAL,B,8000,11.11,0,0.07,N,10,2024-10-18
33,120000,MORTGAGE,3.0,MEDICAL,A,14000,7.29,0,0.12,N,8,2024-09-12
29,120000,MORTGAGE,8.0,DEBTCONSOLIDATION,A,5000,5.42,0,0.04,N,9,2024-09-30
30,120000,MORTGAGE,6.0,MEDICAL,A,9600,7.66,0,0.08,N,9,2024-02-28
28,120000,MORTGAGE,11.0,HOMEIMPROVEMENT,C,5000,13.06,0,0.04,N,5,2024-09-28
28,120000,MORTGAGE,12.0,EDUCATION,A,10000,5.42,0,0.08,N,6,2024-06-10
32,50880,RENT,6.0,PERSONAL,F,15000,20.25,0,0.29,Y,5,2024-07-05
34,120000,MORTGAGE,10.0,EDUCATION,B,20000,10.37,0,0.17,N,10,2024-01-17
27,120000,MORTGAGE,11.0,HOMEIMPROVEMENT,B,18000,10.74,0,0.15,N,6,2024-08-08
30,120000,MORTGAGE,9.0,DEBTCONSOLIDATION,B,18400,9.63,0,0.15,N,9,2024-05-28
29,25000,OWN,8.0,MEDICAL,C,6500,13.49,0,0.26,N,9,2024-11-07
29,25000,OWN,5.0,MEDICAL,C,10000,13.49,0,0.4,Y,5,2024-08-01
28,91800,MORTGAGE,4.0,MEDICAL,D,20000,15.28,1,0.19,N,6,2024-07-07
30,120000,MORTGAGE,12.0,EDUCATION,A,6000,5.42,0,0.05,N,9,2024-10-12
30,120000,MORTGAGE,3.0,EDUCATION,B,8000,10.37,0,0.07,N,9,2024-03-20
33,120000,MORTGAGE,17.0,PERSONAL,A,15000,5.79,0,0.13,N,9,2024-02-18
27,51395,RENT,11.0,VENTURE,B,15000,10.99,0,0.29,N,6,2024-08-24
29,120000,OWN,11.0,DEBTCONSOLIDATION,D,5000,14.09,0,0.04,Y,6,2024-02-03
27,120000,MORTGAGE,11.0,PERSONAL,C,8000,12.61,0,0.07,N,9,2024-03-03
34,120000,MORTGAGE,4.0,MEDICAL,A,16800,6.91,0,0.14,N,6,2024-07-04
30,120000,MORTGAGE,1.0,EDUCATION,B,4800,10.36,0,0.04,N,8,2024-09-15
29,120000,MORTGAGE,13.0,VENTURE,A,10000,6.17,0,0.08,N,8,2024-05-23
32,120000,MORTGAGE,13.0,EDUCATION,B,2000,11.013786929274843,0,0.02,N,5,2024-07-27
28,120000,MORTGAGE,5.0,MEDICAL,C,22000,13.72,0,0.18,Y,6,2024-11-12
34,108000,MORTGAGE,4.0,DEBTCONSOLIDATION,G,25000,20.03,1,0.23,N,8,2024-10-03
27,120000,MORTGAGE,2.0,EDUCATION,A,7000,7.14,0,0.06,N,10,2024-11-08
33,120000,OWN,1.0,EDUCATION,A,6000,7.14,0,0.05,N,10,2024-06-25
31,120000,MORTGAGE,6.0,PERSONAL,D,25000,16.32,0,0.21,Y,7,2024-01-25
30,120000,MORTGAGE,6.0,EDUCATION,A,14000,7.88,0,0.12,N,6,2024-03-27
32,120000,MORTGAGE,16.0,HOMEIMPROVEMENT,B,5600,10.75,0,0.05,N,10,2024-01-24
28,120000,OWN,1.0,PERSONAL,D,3600,14.84,0,0.03,N,9,2024-10-23
32,52800,RENT,3.0,PERSONAL,D,15000,16.29,0,0.28,N,6,2024-11-28
32,120000,MORTGAGE,9.0,VENTURE,A,8000,7.51,0,0.07,N,7,2024-08-02
29,120000,MORTGAGE,1.0,VENTURE,B,23000,11.49,0,0.19,N,5,2024-08-19
33,24000,RENT,3.0,EDUCATION,B,1600,8.88,0,0.07,N,6,2024-11-19
27,120000,MORTGAGE,4.0,VENTURE,A,8400,7.14,0,0.07,N,8,2024-06-18
30,120000,MORTGAGE,5.0,DEBTCONSOLIDATION,B,5000,10.38,0,0.04,N,9,2024-07-06
27,120000,MORTGAGE,5.0,HOMEIMPROVEMENT,D,25000,15.95,0,0.21,N,9,2024-07-13
33,25200,RENT,3.0,MEDICAL,E,1600,16.69,1,0.06,N,6,2024-12-06
32,120000,MORTGAGE,16.0,VENTURE,B,25000,10.99,0,0.21,N,6,2024-12-14
29,120000,MORTGAGE,7.0,VENTURE,C,12000,13.48,0,0.1,N,7,2024-03-15
27,120000,MORTGAGE,11.0,PERSONAL,A,7000,6.76,0,0.06,N,5,2024-07-25
29,120000,MORTGAGE,5.0,MEDICAL,B,9000,10.25,0,0.07,N,10,2024-09-06
31,120000,MORTGAGE,9.0,MEDICAL,A,10000,7.51,0,0.08,N,7,2024-11-13
27,91800,MORTGAGE,4.0,MEDICAL,D,25000,16.07,1,0.23,N,9,2024-05-14
29,120000,MORTGAGE,10.0,PERSONAL,A,4700,7.14,0,0.04,N,6,2024-11-08
27,108000,MORTGAGE,11.0,DEBTCONSOLIDATION,D,25000,14.96,1,0.23,Y,9,2024-12-15
28,120000,MORTGAGE,12.0,HOMEIMPROVEMENT,A,6000,7.74,0,0.05,N,5,2024-09-18
29,120000,OWN,3.0,EDUCATION,A,7500,7.74,0,0.06,N,8,2024-05-07
29,120000,MORTGAGE,2.0,PERSONAL,C,20000,13.92,0,0.17,N,6,2024-06-22
30,38400,RENT,6.0,DEBTCONSOLIDATION,C,1600,13.49,0,0.04,N,10,2024-07-23
29,120000,MORTGAGE,13.0,HOMEIMPROVEMENT,A,7000,8.94,0,0.06,N,10,2024-05-14
27,33000,RENT,11.0,HOMEIMPROVEMENT,D,1600,16.89,1,0.05,Y,5,2024-07-07
31,40000,RENT,9.0,VENTURE,A,1600,11.013786929274843,0,0.04,N,8,2024-09-13
30,120000,MORTGAGE,14.0,VENTURE,D,7500,15.65,0,0.06,N,5,2024-09-25
35,34000,RENT,1.0,VENTURE,D,1600,14.84,1,0.05,Y,6,2024-11-28
30,42000,RENT,1.0,PERSONAL,B,1600,10.37,0,0.04,N,6,2024-02-07
32,36000,RENT,5.0,DEBTCONSOLIDATION,D,1600,14.09,1,0.04,Y,9,2024-05-25
31,25000,OWN,4.0,HOMEIMPROVEMENT,B,3075,11.83,0,0.12,N,5,2024-08-03
29,42000,RENT,4.0,VENTURE,G,1600,19.16,0,0.04,Y,6,2024-06-09
29,43200,RENT,4.0,EDUCATION,C,1600,13.49,0,0.04,N,10,2024-07-24
31,120000,MORTGAGE,9.0,VENTURE,A,9000,8.94,0,0.07,N,6,2024-07-03
27,120000,MORTGAGE,11.0,EDUCATION,E,20000,11.013786929274843,0,0.17,Y,7,2024-06-17
27,120000,MORTGAGE,4.0,PERSONAL,C,6000,13.79,0,0.05,N,10,2024-07-01
27,120000,MORTGAGE,2.0,MEDICAL,B,16000,12.21,0,0.13,N,8,2024-06-27
27,51000,RENT,9.0,VENTURE,B,1600,10.59,0,0.03,N,6,2024-04-27
29,120000,MORTGAGE,2.0,EDUCATION,A,5000,7.68,0,0.04,N,6,2024-08-22
29,120000,MORTGAGE,3.0,MEDICAL,C,6250,12.53,0,0.05,Y,8,2024-10-26
28,91800,MORTGAGE,1.0,MEDICAL,D,15000,15.37,1,0.14,Y,8,2024-04-28
27,120000,MORTGAGE,11.0,HOMEIMPROVEMENT,B,10000,11.14,0,0.08,N,6,2024-10-24
29,63500,RENT,4.0,DEBTCONSOLIDATION,B,1600,11.83,0,0.03,N,5,2024-10-21
29,67171,RENT,13.0,MEDICAL,A,1600,8.9,0,0.02,N,7,2024-11-23
28,120000,MORTGAGE,12.0,VENTURE,B,20000,9.45,0,0.17,N,10,2024-07-20
29,108000,MORTGAGE,2.0,PERSONAL,D,24500,12.61,1,0.23,N,9,2024-09-20
29,68000,RENT,4.0,EDUCATION,B,1600,11.48,0,0.02,N,10,2024-08-30
32,120000,MORTGAGE,16.0,HOMEIMPROVEMENT,D,6000,12.17,0,0.05,N,8,2024-08-09
32,91800,MORTGAGE,8.0,MEDICAL,E,24625,14.07,1,0.23,Y,7,2024-12-21
30,120000,MORTGAGE,15.0,MEDICAL,B,8275,9.01,0,0.07,N,8,2024-09-30
27,120000,MORTGAGE,7.0,EDUCATION,A,3775,11.013786929274843,0,0.03,N,6,2024-06-12
29,120000,MORTGAGE,8.0,VENTURE,A,5000,7.43,0,0.04,N,6,2024-06-21
32,86000,RENT,4.0,EDUCATION,C,1600,13.23,0,0.02,Y,9,2024-12-24
29,24996,OWN,2.0,VENTURE,B,8000,9.99,0,0.32,N,7,2024-05-23
34,120579,MORTGAGE,9.0,DEBTCONSOLIDATION,C,9600,11.013786929274843,0,0.08,Y,7,2024-09-15
34,120602,MORTGAGE,4.0,MEDICAL,C,20000,14.79,0,0.17,N,8,2024-12-04
33,120999,MORTGAGE,7.0,HOMEIMPROVEMENT,C,15200,13.61,0,0.13,Y,5,2024-09-26
30,10800,RENT,1.0,PERSONAL,B,1500,11.48,1,0.14,N,9,2024-05-14
27,121000,MORTGAGE,3.0,HOMEIMPROVEMENT,A,16800,6.91,0,0.14,N,8,2024-11-25
31,121000,MORTGAGE,15.0,DEBTCONSOLIDATION,C,25000,12.73,0,0.21,Y,9,2024-05-14
28,92801,MORTGAGE,12.0,MEDICAL,D,20000,14.74,1,0.18,Y,8,2024-12-23
32,121500,MORTGAGE,11.0,VENTURE,A,6000,7.51,0,0.05,N,6,2024-07-17
29,121722,MORTGAGE,8.0,DEBTCONSOLIDATION,A,7200,11.013786929274843,0,0.06,N,7,2024-03-25
29,109900,MORTGAGE,9.0,EDUCATION,C,15000,13.47,1,0.14,Y,10,2024-08-11
28,122000,MORTGAGE,11.0,VENTURE,D,15000,16.77,0,0.12,Y,5,2024-08-14
30,122000,MORTGAGE,11.0,HOMEIMPROVEMENT,A,11200,5.42,0,0.09,N,9,2024-02-17
34,14400,RENT,4.0,DEBTCONSOLIDATION,C,1500,12.61,0,0.1,Y,9,2024-02-01
27,122000,MORTGAGE,1.0,DEBTCONSOLIDATION,A,8000,7.88,0,0.07,N,6,2024-04-05
31,122000,MORTGAGE,3.0,HOMEIMPROVEMENT,A,6000,9.38,0,0.05,N,9,2024-01-22
32,122004,MORTGAGE,13.0,HOMEIMPROVEMENT,A,10000,8.59,0,0.08,N,9,2024-03-22
34,122400,MORTGAGE,5.0,MEDICAL,B,6800,10.65,0,0.06,N,10,2024-11-02
32,122400,MORTGAGE,16.0,MEDICAL,A,10000,7.88,0,0.08,N,6,2024-05-26
27,122880,MORTGAGE,3.0,VENTURE,A,35000,8.49,0,0.28,N,5,2024-07-26
32,123000,MORTGAGE,16.0,VENTURE,E,15200,15.95,0,0.12,Y,9,2024-10-12
31,123000,MORTGAGE,7.0,MEDICAL,A,15000,6.91,0,0.12,N,7,2024-05-16
28,111000,MORTGAGE,12.0,DEBTCONSOLIDATION,F,25000,19.79,1,0.23,N,5,2024-03-25
28,123000,OWN,7.0,PERSONAL,A,4000,8.59,0,0.03,N,5,2024-07-28
31,123000,MORTGAGE,15.0,VENTURE,C,19000,13.47,0,0.15,Y,9,2024-04-03
31,94350,MORTGAGE,5.0,MEDICAL,D,15000,15.37,1,0.14,N,8,2024-10-07
30,111000,MORTGAGE,2.0,HOMEIMPROVEMENT,G,12500,19.04,1,0.11,N,8,2024-10-19
28,123504,MORTGAGE,12.0,VENTURE,B,18000,11.013786929274843,0,0.15,N,7,2024-03-12
27,123996,MORTGAGE,11.0,MEDICAL,A,6500,8.0,0,0.05,N,6,2024-04-24
33,124000,MORTGAGE,6.0,DEBTCONSOLIDATION,A,14000,6.03,0,0.11,N,10,2024-07-29
27,124000,MORTGAGE,9.0,PERSONAL,B,4350,11.49,0,0.04,N,6,2024-08-25
29,124000,MORTGAGE,11.0,HOMEIMPROVEMENT,A,2000,5.42,0,0.02,N,7,2024-06-30
34,124000,MORTGAGE,3.0,HOMEIMPROVEMENT,A,12000,7.51,0,0.1,N,5,2024-07-18
29,124000,MORTGAGE,13.0,MEDICAL,A,8100,7.51,0,0.07,N,7,2024-09-01
27,124000,MORTGAGE,2.0,DEBTCONSOLIDATION,B,24250,11.013786929274843,0,0.2,N,7,2024-11-28
33,124000,OWN,10.0,PERSONAL,D,23500,14.96,0,0.19,Y,6,2024-11-08
27,19200,RENT,4.0,PERSONAL,A,1500,7.14,0,0.08,N,10,2024-02-08
35,124596,MORTGAGE,1.0,EDUCATION,B,20000,11.49,0,0.16,N,5,2024-03-07
31,24000,OWN,14.0,PERSONAL,D,2000,16.29,0,0.08,N,9,2024-04-02
29,24000,OWN,3.0,PERSONAL,A,7200,7.51,0,0.3,N,6,2024-08-10
28,124800,MORTGAGE,1.0,VENTURE,C,15000,12.53,0,0.12,Y,5,2024-10-11
31,124992,MORTGAGE,15.0,DEBTCONSOLIDATION,A,24000,8.49,0,0.19,N,5,2024-07-20
27,125000,MORTGAGE,7.0,EDUCATION,A,9000,7.51,0,0.07,N,6,2024-10-19
29,125000,MORTGAGE,6.0,VENTURE,B,3400,9.91,0,0.03,N,7,2024-09-16
32,125000,MORTGAGE,4.0,EDUCATION,A,9000,6.62,0,0.07,N,10,2024-10-05
30,125000,MORTGAGE,14.0,VENTURE,C,7000,11.013786929274843,0,0.06,N,7,2024-09-29
28,125000,MORTGAGE,12.0,PERSONAL,A,30000,7.51,0,0.24,N,5,2024-04-28
30,21600,RENT,1.0,PERSONAL,B,1500,11.71,1,0.07,N,9,2024-08-16
31,125000,OWN,5.0,MEDICAL,A,30000,7.51,0,0.24,N,9,2024-04-05
30,21600,RENT,2.0,DEBTCONSOLIDATION,C,1500,14.72,0,0.07,Y,8,2024-11-27
32,125000,MORTGAGE,3.0,VENTURE,B,21000,11.71,0,0.17,N,10,2024-06-03
28,22968,RENT,4.0,MEDICAL,A,1500,6.03,0,0.07,N,7,2024-03-19
29,125000,MORTGAGE,4.0,MEDICAL,C,24000,13.49,0,0.19,N,7,2024-02-22
33,125000,MORTGAGE,17.0,MEDICAL,B,8800,10.59,0,0.07,N,7,2024-10-07
27,125000,MORTGAGE,11.0,MEDICAL,B,30000,10.99,0,0.24,N,10,2024-11-25
28,24840,RENT,2.0,EDUCATION,A,1500,8.0,1,0.06,N,5,2024-11-06
31,125000,MORTGAGE,5.0,MEDICAL,B,18000,11.99,0,0.14,N,7,2024-10-07
33,125000,MORTGAGE,8.0,HOMEIMPROVEMENT,A,10975,6.99,0,0.09,N,9,2024-08-11
29,26000,RENT,2.0,VENTURE,C,1500,12.99,0,0.06,Y,6,2024-07-17
30,113000,MORTGAGE,4.0,DEBTCONSOLIDATION,D,30000,15.62,1,0.27,Y,8,2024-08-30
30,53000,RENT,7.0,PERSONAL,B,15000,10.62,0,0.28,N,8,2024-11-04
31,48000,RENT,12.0,DEBTCONSOLIDATION,D,15000,15.21,1,0.31,Y,5,2024-09-14
30,125000,MORTGAGE,14.0,HOMEIMPROVEMENT,C,25000,13.8,0,0.2,N,6,2024-07-18
29,125000,MORTGAGE,13.0,EDUCATION,A,14400,5.79,0,0.12,N,10,2024-09-01
28,54996,RENT,8.0,PERSONAL,D,15000,14.09,0,0.27,Y,9,2024-12-12
27,125000,MORTGAGE,1.0,HOMEIMPROVEMENT,A,24000,6.91,0,0.19,N,8,2024-09-01
32,54996,RENT,4.0,VENTURE,A,15000,6.54,0,0.27,N,5,2024-10-09
29,125000,MORTGAGE,5.0,PERSONAL,A,12000,5.79,0,0.1,N,7,2024-11-12
31,125000,MORTGAGE,2.0,PERSONAL,B,25000,10.75,0,0.2,N,7,2024-10-25
32,125000,MORTGAGE,2.0,PERSONAL,B,20000,11.12,0,0.16,N,9,2024-02-03
35,125000,MORTGAGE,8.0,VENTURE,A,17000,7.88,0,0.14,N,6,2024-12-16
28,125000,OWN,4.0,PERSONAL,A,10000,7.51,0,0.08,N,8,2024-06-19
27,55000,RENT,4.0,VENTURE,B,15000,12.42,0,0.27,N,10,2024-06-23
28,113000,MORTGAGE,1.0,PERSONAL,F,13200,18.67,1,0.12,N,10,2024-11-12
33,125000,MORTGAGE,2.0,MEDICAL,A,20000,7.88,0,0.16,N,5,2024-01-19
28,55000,RENT,3.0,HOMEIMPROVEMENT,E,15000,17.06,0,0.27,Y,5,2024-03-31
27,125000,MORTGAGE,2.0,EDUCATION,A,8000,6.76,0,0.06,N,10,2024-10-22
29,125000,MORTGAGE,2.0,MEDICAL,C,3500,13.98,0,0.03,N,8,2024-02-02
29,125000,MORTGAGE,12.0,PERSONAL,B,25000,10.62,0,0.2,N,8,2024-08-13
29,24000,OWN,11.0,VENTURE,A,10000,5.79,0,0.42,N,7,2024-09-08
28,125000,MORTGAGE,13.0,VENTURE,B,15000,10.25,0,0.12,N,7,2024-07-19
29,96050,MORTGAGE,7.0,MEDICAL,C,15200,13.85,1,0.13,Y,5,2024-06-06
30,125000,MORTGAGE,5.0,MEDICAL,A,8000,7.74,0,0.06,N,10,2024-09-16
31,125000,MORTGAGE,4.0,VENTURE,B,12500,11.48,0,0.1,N,10,2024-11-01
27,125000,OWN,7.0,PERSONAL,B,13200,11.14,0,0.11,N,8,2024-01-13
28,50000,RENT,4.0,DEBTCONSOLIDATION,D,15000,14.91,1,0.3,N,7,2024-09-18
31,24000,OWN,4.0,MEDICAL,D,2500,11.013786929274843,0,0.1,Y,7,2024-06-20
28,125000,MORTGAGE,8.0,EDUCATION,B,8000,11.14,0,0.06,N,10,2024-01-03
29,125000,MORTGAGE,6.0,HOMEIMPROVEMENT,C,6400,12.87,0,0.05,Y,9,2024-09-01
34,125000,MORTGAGE,4.0,MEDICAL,A,12000,8.94,0,0.1,N,9,2024-03-18
27,125000,MORTGAGE,7.0,HOMEIMPROVEMENT,D,20000,11.013786929274843,0,0.16,Y,5,2024-06-07
29,113000,MORTGAGE,5.0,PERSONAL,G,25000,18.84,1,0.22,Y,7,2024-12-02
29,57000,RENT,4.0,PERSONAL,B,15000,9.91,0,0.26,N,6,2024-09-04
29,125000,MORTGAGE,2.0,HOMEIMPROVEMENT,C,8500,13.47,0,0.07,Y,5,2024-07-05
29,113000,MORTGAGE,5.0,HOMEIMPROVEMENT,C,25000,13.16,1,0.22,N,9,2024-03-30
27,125000,MORTGAGE,11.0,PERSONAL,C,15975,12.72,0,0.13,Y,8,2024-10-27
33,125000,OWN,17.0,PERSONAL,A,3000,7.75,0,0.02,N,8,2024-09-27
30,125000,MORTGAGE,14.0,HOMEIMPROVEMENT,A,5750,7.43,0,0.05,N,5,2024-07-02
30,96053,MORTGAGE,15.0,MEDICAL,D,30000,15.62,1,0.27,N,5,2024-09-08
33,51500,RENT,2.0,MEDICAL,D,15000,14.42,1,0.29,N,10,2024-10-05
27,57720,RENT,12.0,DEBTCONSOLIDATION,C,15000,11.013786929274843,0,0.26,N,6,2024-11-15
30,58000,RENT,2.0,MEDICAL,A,15000,8.49,0,0.26,N,10,2024-11-04
28,125004,MORTGAGE,9.0,PERSONAL,A,12000,7.14,0,0.1,N,5,2024-05-30
28,126000,MORTGAGE,2.0,HOMEIMPROVEMENT,B,12000,11.71,0,0.1,N,7,2024-09-05
28,126000,MORTGAGE,12.0,VENTURE,B,2000,9.99,0,0.02,N,10,2024-10-14
34,126000,MORTGAGE,2.0,VENTURE,B,9600,11.49,0,0.08,N,5,2024-02-18
29,126000,MORTGAGE,5.0,VENTURE,D,7000,16.02,0,0.06,N,5,2024-10-27
30,126000,MORTGAGE,6.0,VENTURE,B,8000,10.74,0,0.06,N,8,2024-01-11
33,126000,MORTGAGE,17.0,HOMEIMPROVEMENT,A,9500,5.42,0,0.08,N,7,2024-05-27
29,126000,MORTGAGE,2.0,EDUCATION,B,6450,10.37,0,0.05,N,7,2024-04-28
30,114000,MORTGAGE,14.0,HOMEIMPROVEMENT,A,15000,6.54,1,0.13,N,6,2024-11-01
29,58000,RENT,4.0,MEDICAL,C,15000,13.16,0,0.26,Y,5,2024-05-23
27,126000,MORTGAGE,11.0,PERSONAL,A,5500,7.51,0,0.04,N,9,2024-08-08
33,24000,OWN,2.0,HOMEIMPROVEMENT,B,1875,11.013786929274843,0,0.08,N,9,2024-02-22
29,126000,MORTGAGE,11.0,HOMEIMPROVEMENT,A,15000,7.88,0,0.12,N,8,2024-12-09
32,24000,OWN,5.0,EDUCATION,B,2850,11.83,0,0.12,N,7,2024-03-24
27,59200,RENT,4.0,DEBTCONSOLIDATION,B,15000,10.75,0,0.25,N,7,2024-01-21
31,59534,RENT,5.0,PERSONAL,D,15000,15.21,0,0.25,Y,10,2024-07-10
30,126132,MORTGAGE,1.0,VENTURE,D,14400,14.54,0,0.11,Y,7,2024-03-29
30,54000,RENT,9.0,HOMEIMPROVEMENT,C,15000,14.27,1,0.28,Y,8,2024-09-11
29,114500,MORTGAGE,13.0,DEBTCONSOLIDATION,E,30000,19.29,1,0.26,N,6,2024-12-21
27,127000,MORTGAGE,6.0,PERSONAL,B,21000,10.99,0,0.17,N,8,2024-09-20
29,127000,MORTGAGE,1.0,PERSONAL,B,24250,11.36,0,0.19,N,8,2024-12-22
30,115000,MORTGAGE,3.0,DEBTCONSOLIDATION,D,20000,14.59,1,0.17,N,7,2024-02-09
28,127000,MORTGAGE,9.0,DEBTCONSOLIDATION,C,8400,12.87,0,0.07,N,7,2024-05-24
33,116000,MORTGAGE,2.0,HOMEIMPROVEMENT,C,5000,12.99,1,0.04,N,5,2024-08-28
27,128000,MORTGAGE,11.0,VENTURE,B,32000,11.11,0,0.25,N,7,2024-06-18
27,128000,MORTGAGE,2.0,DEBTCONSOLIDATION,B,18000,11.83,0,0.14,N,6,2024-10-19
27,116000,MORTGAGE,4.0,HOMEIMPROVEMENT,D,25000,13.36,1,0.22,Y,7,2024-07-25
34,128148,MORTGAGE,2.0,DEBTCONSOLIDATION,A,15000,5.99,0,0.12,N,6,2024-11-07
28,128400,MORTGAGE,3.0,PERSONAL,C,4000,13.35,0,0.03,Y,8,2024-12-07
27,116899,MORTGAGE,12.0,DEBTCONSOLIDATION,B,12000,10.75,1,0.1,N,7,2024-07-25
35,60000,RENT,4.0,DEBTCONSOLIDATION,C,15000,13.49,0,0.25,Y,6,2024-05-13
31,60000,RENT,11.0,EDUCATION,B,15000,11.71,0,0.25,N,8,2024-09-19
27,129700,MORTGAGE,1.0,PERSONAL,A,10000,6.54,0,0.08,N,9,2024-09-22
27,129900,MORTGAGE,11.0,MEDICAL,B,3100,11.11,0,0.02,N,8,2024-01-24
27,129996,MORTGAGE,11.0,PERSONAL,A,4800,9.63,0,0.04,N,9,2024-12-10
30,130000,MORTGAGE,14.0,VENTURE,B,4000,11.013786929274843,0,0.03,N,6,2024-05-07
30,130000,MORTGAGE,8.0,VENTURE,B,27000,11.71,0,0.21,N,6,2024-02-12
31,60000,RENT,4.0,EDUCATION,A,15000,8.49,0,0.25,N,9,2024-02-23
27,130000,OWN,3.0,MEDICAL,A,15000,6.03,0,0.12,N,10,2024-07-03
35,130000,MORTGAGE,15.0,DEBTCONSOLIDATION,B,5000,10.65,0,0.04,N,7,2024-02-07
30,130000,MORTGAGE,14.0,VENTURE,B,7000,9.91,0,0.05,N,9,2024-01-13
27,130000,MORTGAGE,11.0,DEBTCONSOLIDATION,A,10200,7.51,0,0.08,N,6,2024-09-04
32,130000,MORTGAGE,7.0,MEDICAL,B,13000,12.69,0,0.1,N,8,2024-08-20
33,54000,RENT,17.0,DEBTCONSOLIDATION,B,15000,11.86,1,0.28,N,7,2024-02-07
29,130000,OWN,7.0,VENTURE,C,7000,14.65,0,0.05,N,9,2024-12-17
31,60000,RENT,6.0,VENTURE,B,15000,11.12,0,0.25,N,5,2024-07-11
34,130000,MORTGAGE,5.0,DEBTCONSOLIDATION,B,20000,10.65,0,0.15,N,10,2024-03-26
32,130000,MORTGAGE,12.0,MEDICAL,A,16500,5.42,0,0.13,N,8,2024-01-28
29,130000,MORTGAGE,5.0,EDUCATION,A,24800,7.49,0,0.19,N,10,2024-03-26
33,118000,MORTGAGE,12.0,DEBTCONSOLIDATION,D,35000,17.49,1,0.3,Y,7,2024-12-01
31,130000,MORTGAGE,15.0,MEDICAL,C,1600,13.99,0,0.01,Y,6,2024-04-24
34,60000,RENT,2.0,MEDICAL,A,15000,7.88,0,0.25,N,7,2024-01-27
33,130000,MORTGAGE,7.0,PERSONAL,A,2400,5.42,0,0.02,N,7,2024-07-09
29,130000,MORTGAGE,9.0,DEBTCONSOLIDATION,A,4200,6.99,0,0.03,N,8,2024-12-11
30,130000,MORTGAGE,6.0,DEBTCONSOLIDATION,A,10000,8.49,0,0.08,N,10,2024-04-07
32,130000,MORTGAGE,3.0,EDUCATION,A,28000,8.49,0,0.22,N,7,2024-06-19
34,54000,RENT,2.0,HOMEIMPROVEMENT,D,15000,14.11,1,0.28,Y,7,2024-03-12
27,130000,MORTGAGE,3.0,VENTURE,B,24000,10.99,0,0.18,N,10,2024-06-17
31,130000,MORTGAGE,10.0,MEDICAL,A,9800,8.49,0,0.08,N,5,2024-06-17
35,54000,RENT,1.0,VENTURE,E,15000,15.88,1,0.28,Y,8,2024-05-28
32,130000,MORTGAGE,13.0,EDUCATION,A,7500,7.29,0,0.06,N,6,2024-06-25
30,130000,MORTGAGE,3.0,EDUCATION,C,33250,13.06,0,0.26,Y,5,2024-07-20
28,118000,MORTGAGE,6.0,PERSONAL,G,25000,20.11,1,0.21,Y,6,2024-06-24
28,61000,RENT,12.0,HOMEIMPROVEMENT,C,15000,13.99,0,0.25,N,7,2024-12-31
27,130000,MORTGAGE,11.0,EDUCATION,B,11000,9.62,0,0.08,N,5,2024-09-24
27,130000,MORTGAGE,2.0,VENTURE,B,5000,9.99,0,0.04,N,9,2024-12-13
27,130000,MORTGAGE,5.0,HOMEIMPROVEMENT,A,15000,5.79,0,0.12,N,7,2024-04-16
28,130000,MORTGAGE,12.0,PERSONAL,B,13000,10.75,0,0.1,N,10,2024-04-09
32,118000,MORTGAGE,3.0,DEBTCONSOLIDATION,D,8875,14.84,1,0.08,N,5,2024-07-20
34,130000,MORTGAGE,5.0,MEDICAL,C,6450,13.23,0,0.05,N,7,2024-11-25
31,55200,RENT,5.0,MEDICAL,D,15000,15.58,1,0.27,Y,10,2024-01-27
28,61500,RENT,2.0,MEDICAL,B,15000,10.37,0,0.24,N,6,2024-01-19
35,130000,MORTGAGE,15.0,HOMEIMPROVEMENT,C,7000,13.98,0,0.05,Y,5,2024-07-28
34,130000,MORTGAGE,5.0,HOMEIMPROVEMENT,E,5000,17.56,0,0.04,N,7,2024-10-16
27,61584,RENT,3.0,VENTURE,D,15000,15.21,0,0.24,N,6,2024-01-25
35,130000,MORTGAGE,3.0,DEBTCONSOLIDATION,C,9000,12.73,0,0.07,Y,8,2024-09-01
29,61656,RENT,4.0,VENTURE,A,15000,6.91,0,0.24,N,10,2024-03-04
27,130000,MORTGAGE,1.0,HOMEIMPROVEMENT,B,21000,10.62,0,0.16,N,7,2024-07-17
33,118000,MORTGAGE,5.0,DEBTCONSOLIDATION,D,25000,14.96,1,0.21,Y,9,2024-07-23
32,62000,RENT,5.0,MEDICAL,C,15000,12.99,0,0.24,Y,6,2024-11-01
33,130000,MORTGAGE,9.0,PERSONAL,D,25000,15.33,0,0.19,Y,10,2024-08-13
28,130000,OWN,10.0,EDUCATION,B,24000,11.83,0,0.18,N,10,2024-04-04
27,130000,OWN,12.0,VENTURE,B,21000,11.013786929274843,0,0.16,N,9,2024-06-25
33,62400,RENT,4.0,EDUCATION,B,15000,11.99,0,0.24,N,8,2024-01-17
28,130000,MORTGAGE,1.0,EDUCATION,D,5600,15.65,0,0.04,N,9,2024-01-05
28,57000,RENT,2.0,VENTURE,D,15000,14.11,1,0.26,N,10,2024-12-04
29,130000,MORTGAGE,13.0,VENTURE,A,17500,8.94,0,0.13,N,9,2024-09-21
29,130000,MORTGAGE,7.0,DEBTCONSOLIDATION,C,18000,13.22,0,0.14,Y,8,2024-05-11
30,130000,MORTGAGE,14.0,MEDICAL,B,6000,12.21,0,0.05,N,9,2024-01-05
30,130000,MORTGAGE,1.0,HOMEIMPROVEMENT,C,8500,12.84,0,0.07,Y,5,2024-10-26
34,118000,MORTGAGE,1.0,EDUCATION,C,25000,11.78,1,0.21,N,7,2024-07-15
29,130000,MORTGAGE,13.0,DEBTCONSOLIDATION,C,6000,13.04,0,0.05,Y,9,2024-07-17
27,130000,MORTGAGE,12.0,PERSONAL,A,5000,8.63,0,0.04,N,5,2024-12-06
28,130000,MORTGAGE,2.0,HOMEIMPROVEMENT,D,12000,13.55,0,0.09,Y,8,2024-09-04
35,130000,MORTGAGE,2.0,PERSONAL,B,12000,10.08,0,0.09,N,7,2024-06-13
34,64000,RENT,5.0,EDUCATION,B,15000,10.25,0,0.23,N,8,2024-02-13
28,65000,RENT,13.0,HOMEIMPROVEMENT,A,15000,7.51,0,0.23,N,6,2024-10-20
29,130900,MORTGAGE,11.0,VENTURE,B,4800,11.71,0,0.04,N,9,2024-04-15
27,119000,MORTGAGE,7.0,DEBTCONSOLIDATION,D,30000,18.25,1,0.25,N,7,2024-10-21
32,131000,MORTGAGE,2.0,DEBTCONSOLIDATION,B,11200,10.25,0,0.09,N,5,2024-01-04
28,131004,MORTGAGE,5.0,EDUCATION,A,25000,7.9,0,0.19,N,5,2024-07-06
30,131004,MORTGAGE,14.0,VENTURE,A,5000,8.49,0,0.04,N,8,2024-06-22
29,120000,MORTGAGE,5.0,DEBTCONSOLIDATION,A,14000,6.17,1,0.12,N,9,2024-01-02
35,132000,MORTGAGE,14.0,PERSONAL,A,22000,6.54,0,0.17,N,5,2024-12-14
32,132000,MORTGAGE,2.0,VENTURE,A,18000,11.013786929274843,0,0.14,N,5,2024-01-12
28,132000,MORTGAGE,5.0,DEBTCONSOLIDATION,B,25000,9.99,0,0.19,N,10,2024-08-14
32,132000,MORTGAGE,16.0,HOMEIMPROVEMENT,B,25000,10.99,0,0.19,N,7,2024-08-25
28,132650,MORTGAGE,12.0,MEDICAL,B,20000,10.65,0,0.15,N,5,2024-03-11
34,65000,RENT,3.0,PERSONAL,D,15000,11.013786929274843,0,0.23,Y,6,2024-01-11
35,133000,MORTGAGE,3.0,HOMEIMPROVEMENT,D,15000,16.77,0,0.11,N,7,2024-05-18
29,65000,RENT,5.0,VENTURE,B,15000,11.83,0,0.23,N,9,2024-02-27
31,121000,MORTGAGE,2.0,VENTURE,D,12000,16.29,1,0.1,Y,6,2024-08-06
29,65000,RENT,4.0,EDUCATION,D,15000,16.0,0,0.23,N,8,2024-02-14
34,121000,MORTGAGE,8.0,HOMEIMPROVEMENT,D,12000,14.59,1,0.1,Y,8,2024-01-06
27,65000,RENT,5.0,EDUCATION,C,15000,12.84,0,0.23,Y,5,2024-03-22
30,134000,MORTGAGE,14.0,DEBTCONSOLIDATION,A,5600,11.013786929274843,0,0.04,N,5,2024-01-28
29,134000,MORTGAGE,9.0,DEBTCONSOLIDATION,A,6000,5.99,0,0.04,N,8,2024-08-20
35,122000,MORTGAGE,3.0,VENTURE,D,25000,15.2,1,0.2,N,10,2024-02-24
29,134000,MORTGAGE,2.0,PERSONAL,C,8000,14.22,0,0.06,N,7,2024-12-20
30,134500,MORTGAGE,9.0,DEBTCONSOLIDATION,C,24000,15.96,0,0.18,Y,6,2024-06-13
31,134748,MORTGAGE,15.0,VENTURE,B,18000,10.74,0,0.13,N,9,2024-07-26
28,51850,RENT,12.0,MEDICAL,F,15000,11.013786929274843,1,0.25,N,9,2024-06-16
29,67000,RENT,1.0,EDUCATION,C,15000,13.57,0,0.22,N,9,2024-03-18
33,135000,MORTGAGE,13.0,DEBTCONSOLIDATION,A,12000,7.9,0,0.09,N,7,2024-12-05
30,135000,MORTGAGE,8.0,DEBTCONSOLIDATION,A,32000,7.9,0,0.24,N,9,2024-07-15
33,135000,MORTGAGE,6.0,MEDICAL,B,22250,11.013786929274843,0,0.16,N,9,2024-03-31
34,135000,MORTGAGE,2.0,PERSONAL,A,15000,5.42,0,0.11,N,6,2024-04-27
29,135000,MORTGAGE,14.0,MEDICAL,A,24000,5.99,0,0.18,N,10,2024-09-30
29,61000,RENT,2.0,PERSONAL,D,15000,14.96,1,0.25,Y,8,2024-02-20
32,135000,MORTGAGE,10.0,PERSONAL,B,10000,10.99,0,0.07,N,6,2024-03-11
29,67704,RENT,3.0,PERSONAL,B,15000,11.86,0,0.22,N,8,2024-07-20
32,135000,MORTGAGE,1.0,DEBTCONSOLIDATION,B,16000,11.013786929274843,0,0.12,N,10,2024-03-16
31,67800,RENT,7.0,EDUCATION,B,15000,11.89,0,0.22,N,8,2024-07-03
31,135000,MORTGAGE,14.0,PERSONAL,B,15000,10.75,0,0.11,N,6,2024-12-28
27,135000,MORTGAGE,3.0,MEDICAL,B,25000,11.12,0,0.19,N,8,2024-11-23
31,135000,MORTGAGE,9.0,VENTURE,A,10000,7.14,0,0.07,N,6,2024-07-17
28,68004,RENT,1.0,PERSONAL,C,15000,13.16,0,0.22,N,7,2024-05-20
28,123000,MORTGAGE,3.0,DEBTCONSOLIDATION,C,15000,13.85,1,0.12,Y,9,2024-07-06
31,135000,MORTGAGE,2.0,MEDICAL,B,20000,11.36,0,0.15,N,9,2024-12-07
31,135000,MORTGAGE,12.0,MEDICAL,C,15000,13.85,0,0.11,N,10,2024-03-18
32,135000,MORTGAGE,16.0,PERSONAL,A,13000,7.88,0,0.1,N,5,2024-07-26
29,135000,MORTGAGE,10.0,VENTURE,B,11000,11.83,0,0.08,N,7,2024-09-26
32,70000,RENT,2.0,MEDICAL,C,15000,14.27,0,0.21,Y,5,2024-05-12
35,135000,MORTGAGE,12.0,EDUCATION,C,10000,13.16,0,0.07,Y,7,2024-06-24
29,64000,RENT,3.0,EDUCATION,C,15000,15.27,1,0.23,N,6,2024-10-16
34,135000,MORTGAGE,7.0,EDUCATION,C,15000,13.47,0,0.11,Y,7,2024-10-28
30,135000,MORTGAGE,14.0,PERSONAL,E,25000,15.25,0,0.19,Y,9,2024-05-28
27,70000,RENT,7.0,MEDICAL,A,15000,5.79,0,0.21,N,6,2024-07-13
27,123000,OWN,1.0,HOMEIMPROVEMENT,E,22350,14.07,1,0.18,Y,6,2024-11-21
34,135600,MORTGAGE,10.0,EDUCATION,A,1000,5.42,0,0.01,N,7,2024-11-22
28,135996,MORTGAGE,12.0,HOMEIMPROVEMENT,A,12500,8.59,0,0.09,N,6,2024-12-15
30,136000,MORTGAGE,13.0,VENTURE,B,2800,10.65,0,0.02,N,10,2024-09-11
32,136000,MORTGAGE,11.0,MEDICAL,B,12000,10.0,0,0.09,N,8,2024-04-07
27,136000,MORTGAGE,3.0,PERSONAL,A,5000,6.17,0,0.04,N,10,2024-08-31
28,136092,MORTGAGE,2.0,PERSONAL,C,8000,13.61,0,0.06,N,7,2024-10-30
35,136240,MORTGAGE,9.0,EDUCATION,A,15000,7.88,0,0.11,N,6,2024-05-08
34,136625,MORTGAGE,3.0,VENTURE,A,15000,7.88,0,0.11,N,6,2024-08-20
28,124886,MORTGAGE,12.0,HOMEIMPROVEMENT,B,5000,11.99,1,0.04,N,9,2024-08-21
28,70000,RENT,2.0,MEDICAL,B,15000,11.89,0,0.21,N,7,2024-03-18
30,137057,MORTGAGE,13.0,VENTURE,B,4750,12.18,0,0.03,N,7,2024-03-29
27,137720,MORTGAGE,6.0,DEBTCONSOLIDATION,A,13000,7.14,0,0.09,N,9,2024-11-21
28,138000,MORTGAGE,11.0,MEDICAL,A,5000,6.62,0,0.04,N,5,2024-11-12
32,138000,MORTGAGE,16.0,EDUCATION,A,20000,7.88,0,0.14,N,7,2024-04-25
32,138000,MORTGAGE,5.0,VENTURE,C,16800,14.35,0,0.12,N,9,2024-06-09
34,138000,MORTGAGE,14.0,DEBTCONSOLIDATION,B,25000,11.12,0,0.18,N,6,2024-01-27
31,138000,MORTGAGE,15.0,MEDICAL,B,24000,10.62,0,0.17,N,6,2024-09-22
27,138000,MORTGAGE,5.0,PERSONAL,A,17000,7.88,0,0.12,N,5,2024-01-17
29,138000,MORTGAGE,3.0,HOMEIMPROVEMENT,D,7500,13.24,0,0.05,Y,8,2024-02-24
28,138600,MORTGAGE,10.0,DEBTCONSOLIDATION,C,12000,12.99,0,0.09,N,7,2024-02-03
28,138996,MORTGAGE,3.0,PERSONAL,C,20000,13.79,0,0.14,Y,9,2024-06-27
35,139000,MORTGAGE,12.0,DEBTCONSOLIDATION,B,35000,12.69,0,0.25,N,6,2024-05-25
30,139008,MORTGAGE,2.0,EDUCATION,C,15000,13.47,0,0.11,N,6,2024-04-01
32,139200,MORTGAGE,5.0,EDUCATION,A,6000,7.9,0,0.04,N,5,2024-09-24
29,139500,MORTGAGE,4.0,HOMEIMPROVEMENT,A,15000,11.013786929274843,0,0.11,N,5,2024-08-01
28,139913,MORTGAGE,7.0,HOMEIMPROVEMENT,A,5375,8.94,0,0.04,N,6,2024-12-30
28,140000,OWN,12.0,VENTURE,D,18000,16.29,0,0.13,N,7,2024-02-25
29,140000,OWN,5.0,VENTURE,B,27000,9.91,0,0.19,N,7,2024-04-11
27,71000,RENT,11.0,EDUCATION,B,15000,9.01,0,0.21,N,6,2024-11-18
29,140000,MORTGAGE,4.0,EDUCATION,C,16775,14.27,0,0.12,Y,10,2024-12-28
28,140000,OWN,1.0,EDUCATION,B,17600,12.42,0,0.13,N,6,2024-05-03
30,140000,MORTGAGE,6.0,PERSONAL,A,5000,8.9,0,0.04,N,6,2024-01-16
28,140000,MORTGAGE,4.0,HOMEIMPROVEMENT,C,18000,14.65,0,0.13,Y,7,2024-02-11
27,140000,MORTGAGE,7.0,PERSONAL,A,18000,7.9,0,0.13,N,9,2024-04-14
28,140000,MORTGAGE,8.0,MEDICAL,A,22000,7.9,0,0.16,N,6,2024-08-05
31,140000,MORTGAGE,5.0,MEDICAL,B,30000,11.71,0,0.21,N,7,2024-03-14
28,140000,MORTGAGE,11.0,HOMEIMPROVEMENT,B,5000,11.49,0,0.04,N,9,2024-04-30
28,72000,RENT,6.0,MEDICAL,A,15000,6.54,0,0.21,N,6,2024-02-11
31,128000,MORTGAGE,15.0,DEBTCONSOLIDATION,D,35000,15.99,1,0.27,N,6,2024-03-28
33,21000,OWN,1.0,EDUCATION,B,7750,11.83,0,0.37,N,6,2024-06-22
28,128000,MORTGAGE,11.0,DEBTCONSOLIDATION,G,14400,22.11,1,0.11,Y,8,2024-07-19
27,140000,MORTGAGE,4.0,PERSONAL,B,2800,11.99,0,0.02,N,9,2024-01-15
33,20988,OWN,2.0,PERSONAL,B,3600,11.71,0,0.17,N,5,2024-06-14
34,128000,MORTGAGE,14.0,HOMEIMPROVEMENT,A,12325,8.49,1,0.1,N,5,2024-03-14
28,140000,MORTGAGE,12.0,VENTURE,A,9000,5.99,0,0.06,N,9,2024-06-20
31,140000,MORTGAGE,2.0,HOMEIMPROVEMENT,B,11000,10.0,0,0.08,N,8,2024-04-30
28,108800,MORTGAGE,3.0,MEDICAL,E,35000,16.4,1,0.27,Y,7,2024-08-08
27,140000,MORTGAGE,11.0,MEDICAL,A,2700,11.013786929274843,0,0.02,N,9,2024-12-02
27,140000,OWN,8.0,PERSONAL,D,28000,15.65,0,0.2,N,5,2024-04-17
27,140000,MORTGAGE,12.0,DEBTCONSOLIDATION,B,10000,11.013786929274843,0,0.07,N,6,2024-10-26
32,140000,MORTGAGE,14.0,HOMEIMPROVEMENT,A,12000,11.013786929274843,0,0.09,N,8,2024-05-08
33,140000,MORTGAGE,8.0,VENTURE,A,8000,5.79,0,0.06,N,6,2024-05-26
34,140000,MORTGAGE,8.0,EDUCATION,A,12000,7.29,0,0.09,N,8,2024-08-14
29,108800,MORTGAGE,1.0,MEDICAL,F,18500,17.8,1,0.14,N,10,2024-08-08
28,140000,MORTGAGE,4.0,HOMEIMPROVEMENT,E,25000,15.95,0,0.18,N,10,2024-02-14
33,140000,MORTGAGE,14.0,MEDICAL,A,9600,6.91,0,0.07,N,10,2024-05-26
28,140000,MORTGAGE,12.0,MEDICAL,B,15000,8.88,0,0.11,N,5,2024-08-16
32,140000,MORTGAGE,9.0,EDUCATION,A,11000,5.42,0,0.08,N,8,2024-08-17
32,74000,RENT,15.0,VENTURE,F,15000,17.15,0,0.2,N,6,2024-02-03
29,140000,MORTGAGE,13.0,VENTURE,A,12600,11.013786929274843,0,0.09,N,6,2024-03-25
34,140000,MORTGAGE,17.0,VENTURE,D,12000,15.21,0,0.09,Y,10,2024-06-28
29,140000,MORTGAGE,4.0,MEDICAL,A,24000,7.88,0,0.17,N,5,2024-01-21
32,140000,MORTGAGE,3.0,EDUCATION,B,5000,10.38,0,0.04,N,6,2024-01-17
29,140000,MORTGAGE,12.0,MEDICAL,B,24250,11.12,0,0.17,N,8,2024-09-06
34,128000,MORTGAGE,2.0,DEBTCONSOLIDATION,D,3000,11.013786929274843,1,0.02,N,10,2024-09-16
31,74028,RENT,5.0,EDUCATION,B,15000,10.59,0,0.2,N,9,2024-06-23
32,140000,MORTGAGE,5.0,HOMEIMPROVEMENT,B,20000,11.12,0,0.14,N,9,2024-12-27
34,140000,OWN,13.0,EDUCATION,A,4000,7.88,0,0.03,N,7,2024-01-14
31,140000,MORTGAGE,15.0,DEBTCONSOLIDATION,A,12000,7.88,0,0.09,N,9,2024-04-05
33,140000,MORTGAGE,2.0,HOMEIMPROVEMENT,A,6000,6.76,0,0.04,N,6,2024-01-28
29,74872,RENT,4.0,PERSONAL,A,15000,7.88,0,0.2,N,9,2024-06-06
33,140000,MORTGAGE,6.0,MEDICAL,A,13000,7.51,0,0.09,N,6,2024-05-14
31,75000,RENT,5.0,DEBTCONSOLIDATION,B,15000,12.69,0,0.2,N,5,2024-01-15
30,108800,MORTGAGE,2.0,MEDICAL,E,15000,16.35,1,0.12,N,8,2024-10-16
27,140000,OWN,12.0,VENTURE,B,24100,11.83,0,0.17,N,10,2024-01-31
27,75000,RENT,5.0,PERSONAL,A,15000,6.91,0,0.2,N,10,2024-07-18
27,140000,MORTGAGE,2.0,EDUCATION,B,14000,11.013786929274843,0,0.1,N,5,2024-04-10
35,140000,MORTGAGE,3.0,MEDICAL,B,25000,12.21,0,0.18,N,10,2024-04-13
32,140000,MORTGAGE,16.0,VENTURE,B,25000,10.08,0,0.18,N,7,2024-11-11
27,140004,MORTGAGE,11.0,VENTURE,A,9800,5.42,0,0.07,N,6,2024-04-18
34,140004,MORTGAGE,4.0,DEBTCONSOLIDATION,A,12000,11.013786929274843,0,0.09,N,8,2024-03-10
32,140304,MORTGAGE,8.0,MEDICAL,A,20000,6.91,0,0.14,N,10,2024-10-10
27,75000,RENT,2.0,DEBTCONSOLIDATION,C,15000,14.35,0,0.2,N,5,2024-02-28
27,140987,MORTGAGE,5.0,VENTURE,A,6450,5.99,0,0.05,N,10,2024-10-07
29,141000,MORTGAGE,1.0,VENTURE,A,8000,6.99,0,0.06,N,9,2024-10-07
28,141000,MORTGAGE,4.0,HOMEIMPROVEMENT,A,9000,7.14,0,0.06,N,8,2024-09-07
28,141996,MORTGAGE,3.0,VENTURE,A,13000,11.013786929274843,0,0.09,N,7,2024-08-15
27,129996,MORTGAGE,2.0,VENTURE,D,12800,14.84,1,0.1,Y,7,2024-07-16
32,130000,MORTGAGE,3.0,DEBTCONSOLIDATION,B,5000,11.013786929274843,1,0.04,N,9,2024-09-27
30,142000,MORTGAGE,5.0,VENTURE,B,10000,11.12,0,0.07,N,8,2024-10-31
28,142000,MORTGAGE,3.0,EDUCATION,B,18000,10.38,0,0.13,N,8,2024-02-25
29,142000,OWN,14.0,EDUCATION,B,24250,11.48,0,0.17,N,7,2024-01-17
33,69000,RENT,3.0,HOMEIMPROVEMENT,B,15000,10.62,1,0.22,N,7,2024-10-23
30,110925,MORTGAGE,1.0,MEDICAL,D,25000,15.33,1,0.19,N,9,2024-05-16
30,143000,MORTGAGE,11.0,PERSONAL,A,18000,8.49,0,0.13,N,7,2024-06-07
29,143000,MORTGAGE,2.0,HOMEIMPROVEMENT,A,16800,6.17,0,0.12,N,9,2024-10-11
27,75000,RENT,7.0,VENTURE,B,15000,11.14,0,0.2,N,6,2024-05-03
33,143004,MORTGAGE,17.0,VENTURE,A,10000,6.99,0,0.07,N,9,2024-11-27
35,143485,MORTGAGE,10.0,PERSONAL,B,8000,10.62,0,0.06,N,7,2024-08-24
27,144000,MORTGAGE,11.0,EDUCATION,D,16000,16.77,0,0.11,Y,6,2024-08-31
27,144000,MORTGAGE,11.0,DEBTCONSOLIDATION,A,11000,8.9,0,0.08,N,6,2024-03-04
33,144000,MORTGAGE,1.0,MEDICAL,A,5000,8.9,0,0.03,N,10,2024-10-08
28,144000,MORTGAGE,12.0,MEDICAL,A,35000,8.9,0,0.24,N,7,2024-09-07
29,144000,MORTGAGE,13.0,VENTURE,A,16000,6.62,0,0.11,N,9,2024-01-05
29,144000,MORTGAGE,11.0,MEDICAL,B,7000,10.59,0,0.05,N,10,2024-01-14
30,144000,MORTGAGE,7.0,MEDICAL,A,6000,8.49,0,0.04,N,8,2024-05-17
28,144000,OWN,11.0,MEDICAL,D,7000,15.99,0,0.05,Y,10,2024-08-30
28,144000,MORTGAGE,12.0,PERSONAL,A,30000,11.013786929274843,0,0.21,N,5,2024-01-15
27,144000,MORTGAGE,6.0,MEDICAL,A,5000,7.49,0,0.03,N,5,2024-11-07
30,144000,MORTGAGE,12.0,PERSONAL,C,35000,12.68,0,0.24,N,8,2024-11-16
27,75127,RENT,11.0,HOMEIMPROVEMENT,B,15000,10.64,0,0.2,N,6,2024-03-31
29,144000,MORTGAGE,4.0,DEBTCONSOLIDATION,C,5000,13.06,0,0.03,N,7,2024-05-07
30,144000,MORTGAGE,2.0,VENTURE,A,6000,6.91,0,0.04,N,6,2024-08-22
27,144000,MORTGAGE,4.0,DEBTCONSOLIDATION,C,21000,13.57,0,0.15,Y,8,2024-09-29
28,76000,RENT,2.0,HOMEIMPROVEMENT,C,15000,12.73,0,0.2,Y,9,2024-02-22
33,144000,MORTGAGE,13.0,EDUCATION,D,19000,11.013786929274843,0,0.13,N,8,2024-03-10
31,76000,RENT,2.0,PERSONAL,A,15000,7.88,0,0.2,N,7,2024-02-01
30,144997,MORTGAGE,14.0,PERSONAL,B,25000,11.83,0,0.17,N,5,2024-10-02
30,145000,MORTGAGE,3.0,HOMEIMPROVEMENT,A,9600,7.9,0,0.07,N,6,2024-07-09
31,20000,OWN,1.0,HOMEIMPROVEMENT,A,5000,8.59,0,0.25,N,8,2024-11-10
30,145000,MORTGAGE,4.0,DEBTCONSOLIDATION,B,6000,10.59,0,0.04,N,8,2024-07-27
32,71000,RENT,2.0,EDUCATION,D,15000,15.95,1,0.21,N,9,2024-11-09
31,77000,RENT,2.0,PERSONAL,A,15000,8.38,0,0.19,N,8,2024-08-23
28,145000,MORTGAGE,9.0,VENTURE,B,25000,11.013786929274843,0,0.17,N,9,2024-02-04
30,79000,RENT,5.0,EDUCATION,F,15000,11.013786929274843,0,0.19,N,7,2024-11-05
30,145000,MORTGAGE,4.0,EDUCATION,B,12000,11.013786929274843,0,0.08,N,8,2024-06-12
32,145000,MORTGAGE,1.0,DEBTCONSOLIDATION,B,20000,11.36,0,0.14,N,8,2024-01-29
28,133000,MORTGAGE,6.0,DEBTCONSOLIDATION,E,20000,11.013786929274843,1,0.15,Y,5,2024-07-13
27,145986,MORTGAGE,2.0,MEDICAL,A,5500,5.42,0,0.04,N,6,2024-03-01
34,113900,MORTGAGE,5.0,MEDICAL,E,35000,18.64,1,0.26,N,10,2024-08-28
27,146000,MORTGAGE,5.0,MEDICAL,A,2500,8.49,0,0.02,N,5,2024-04-04
29,146000,MORTGAGE,12.0,MEDICAL,A,3800,6.39,0,0.03,N,6,2024-04-05
31,146000,MORTGAGE,12.0,EDUCATION,E,2500,16.7,0,0.02,N,9,2024-05-01
29,80000,RENT,13.0,MEDICAL,B,15000,10.37,0,0.19,N,8,2024-04-25
29,80000,RENT,13.0,MEDICAL,C,15000,13.72,0,0.19,Y,5,2024-09-16
28,147500,MORTGAGE,12.0,DEBTCONSOLIDATION,B,10000,11.12,0,0.07,N,7,2024-04-21
27,19200,OWN,3.0,PERSONAL,A,8000,8.9,1,0.42,N,8,2024-10-19
28,80000,RENT,2.0,DEBTCONSOLIDATION,B,15000,11.48,0,0.19,N,5,2024-12-22
27,147884,MORTGAGE,4.0,HOMEIMPROVEMENT,B,4500,11.49,0,0.03,N,5,2024-04-11
33,148000,MORTGAGE,17.0,VENTURE,C,8000,13.98,0,0.05,Y,5,2024-11-17
29,136000,MORTGAGE,4.0,DEBTCONSOLIDATION,D,7775,14.96,1,0.06,Y,5,2024-02-14
33,82000,RENT,5.0,VENTURE,C,15000,14.35,0,0.18,N,7,2024-02-01
29,83500,RENT,1.0,HOMEIMPROVEMENT,C,15000,13.43,0,0.18,Y,10,2024-11-12
28,84000,RENT,3.0,HOMEIMPROVEMENT,B,15000,11.86,0,0.18,N,9,2024-11-08
32,84000,RENT,7.0,DEBTCONSOLIDATION,B,15000,10.99,0,0.18,N,7,2024-02-04
32,150000,MORTGAGE,16.0,MEDICAL,A,16000,6.03,0,0.11,N,10,2024-12-11
33,150000,MORTGAGE,17.0,VENTURE,A,14000,6.62,0,0.09,N,7,2024-03-17
32,150000,MORTGAGE,11.0,PERSONAL,A,20000,7.9,0,0.13,N,10,2024-04-02
34,150000,MORTGAGE,1.0,VENTURE,B,28000,11.71,0,0.19,N,5,2024-12-20
32,66725,RENT,4.0,MEDICAL,B,15000,11.013786929274843,1,0.19,N,5,2024-06-25
35,150000,MORTGAGE,16.0,HOMEIMPROVEMENT,A,10000,7.9,0,0.07,N,9,2024-04-21
32,150000,OWN,3.0,HOMEIMPROVEMENT,C,8000,11.013786929274843,0,0.05,Y,6,2024-06-17
32,150000,MORTGAGE,17.0,VENTURE,C,12000,12.99,0,0.08,Y,9,2024-03-28
30,138000,MORTGAGE,13.0,HOMEIMPROVEMENT,B,10000,10.99,1,0.07,N,10,2024-05-09
29,62050,RENT,3.0,MEDICAL,E,15000,15.95,1,0.21,Y,8,2024-09-05
33,117300,MORTGAGE,3.0,MEDICAL,D,16000,15.99,1,0.12,N,5,2024-10-01
27,150000,MORTGAGE,4.0,VENTURE,C,6000,13.49,0,0.04,N,6,2024-04-20
32,150000,MORTGAGE,16.0,PERSONAL,A,6000,7.49,0,0.04,N,9,2024-05-22
27,86000,RENT,7.0,DEBTCONSOLIDATION,A,15000,6.91,0,0.17,N,5,2024-01-28
33,150000,MORTGAGE,12.0,EDUCATION,B,13125,11.013786929274843,0,0.09,N,9,2024-02-25
32,86400,RENT,2.0,VENTURE,A,15000,6.03,0,0.17,N,7,2024-12-14
29,150000,MORTGAGE,1.0,MEDICAL,C,10000,13.49,0,0.07,N,10,2024-04-28
28,19200,OWN,2.0,PERSONAL,D,4700,15.31,1,0.24,Y,5,2024-07-28
29,150000,MORTGAGE,4.0,MEDICAL,A,7200,7.29,0,0.05,N,7,2024-12-07
29,87000,RENT,1.0,HOMEIMPROVEMENT,B,15000,10.59,0,0.17,N,6,2024-03-02
30,150000,OWN,5.0,PERSONAL,D,5425,11.013786929274843,0,0.04,Y,5,2024-08-16
32,75000,RENT,6.0,HOMEIMPROVEMENT,B,15000,8.88,1,0.2,N,9,2024-03-15
35,87000,RENT,6.0,VENTURE,B,15000,11.013786929274843,0,0.17,N,7,2024-11-14
27,150000,MORTGAGE,11.0,PERSONAL,B,25000,10.36,0,0.17,N,7,2024-06-19
29,150000,MORTGAGE,14.0,VENTURE,A,12000,5.42,0,0.08,N,9,2024-01-28
31,18996,OWN,6.0,HOMEIMPROVEMENT,C,7000,11.013786929274843,1,0.37,N,8,2024-12-03
27,150000,MORTGAGE,7.0,DEBTCONSOLIDATION,B,20000,11.013786929274843,0,0.13,N,9,2024-03-08
27,150000,MORTGAGE,2.0,MEDICAL,A,18000,11.013786929274843,0,0.12,N,5,2024-10-29
27,150000,MORTGAGE,3.0,EDUCATION,E,8000,17.19,0,0.05,Y,5,2024-11-03
34,150000,MORTGAGE,5.0,VENTURE,B,15000,11.86,0,0.1,N,9,2024-03-23
28,150000,MORTGAGE,4.0,EDUCATION,B,20000,11.013786929274843,0,0.13,N,8,2024-10-18
32,150000,MORTGAGE,4.0,DEBTCONSOLIDATION,B,7800,11.86,0,0.05,N,9,2024-03-26
28,150000,OWN,12.0,HOMEIMPROVEMENT,A,8500,6.76,0,0.06,N,8,2024-01-28
34,78000,RENT,9.0,DEBTCONSOLIDATION,E,15000,16.4,1,0.19,N,5,2024-11-01
29,150000,MORTGAGE,9.0,HOMEIMPROVEMENT,B,12000,10.62,0,0.08,N,9,2024-07-15
28,150000,MORTGAGE,12.0,EDUCATION,C,10000,11.013786929274843,0,0.07,Y,6,2024-04-28
28,150000,MORTGAGE,5.0,HOMEIMPROVEMENT,A,15000,7.88,0,0.1,N,6,2024-05-13
34,90000,RENT,15.0,VENTURE,B,15000,11.12,0,0.17,N,5,2024-01-07
30,138000,MORTGAGE,3.0,EDUCATION,E,23975,17.93,1,0.17,N,7,2024-12-31
29,138000,MORTGAGE,2.0,PERSONAL,E,24000,16.35,1,0.17,N,6,2024-11-24
33,150000,OWN,14.0,VENTURE,B,21000,11.83,0,0.14,N,9,2024-07-11
30,150000,OWN,14.0,PERSONAL,B,24000,11.83,0,0.16,N,5,2024-07-18
33,150000,OWN,17.0,PERSONAL,B,20000,11.48,0,0.13,N,7,2024-02-04
29,90000,RENT,5.0,MEDICAL,C,15000,13.85,0,0.17,Y,10,2024-03-18
30,90000,RENT,10.0,HOMEIMPROVEMENT,D,15000,14.96,0,0.17,N,6,2024-06-23
34,150000,MORTGAGE,14.0,VENTURE,E,25000,16.7,0,0.17,Y,6,2024-10-04
27,150000,MORTGAGE,1.0,VENTURE,B,12000,11.89,0,0.08,N,5,2024-09-19
27,150000,MORTGAGE,4.0,PERSONAL,C,20000,12.84,0,0.13,Y,6,2024-01-11
29,150000,MORTGAGE,12.0,PERSONAL,A,7000,9.32,0,0.05,N,6,2024-01-01
28,150000,MORTGAGE,12.0,HOMEIMPROVEMENT,B,15000,11.89,0,0.1,N,9,2024-01-11
35,150000,MORTGAGE,5.0,DEBTCONSOLIDATION,C,15000,13.16,0,0.1,Y,7,2024-07-25
28,92000,RENT,4.0,DEBTCONSOLIDATION,A,15000,7.9,0,0.16,N,9,2024-07-24
28,150000,MORTGAGE,11.0,HOMEIMPROVEMENT,A,15000,9.63,0,0.1,N,9,2024-09-30
27,150000,MORTGAGE,11.0,PERSONAL,A,9000,9.63,0,0.06,N,10,2024-03-05
27,150000,MORTGAGE,11.0,VENTURE,B,8000,12.21,0,0.05,N,5,2024-06-05
29,150000,MORTGAGE,2.0,HOMEIMPROVEMENT,B,16000,11.14,0,0.11,N,7,2024-05-02
30,37800,RENT,4.0,MEDICAL,B,15050,9.99,1,0.4,N,7,2024-05-28
30,150000,MORTGAGE,2.0,HOMEIMPROVEMENT,D,12000,11.86,0,0.08,Y,8,2024-06-18
28,150000,MORTGAGE,6.0,VENTURE,A,10000,8.07,0,0.07,N,8,2024-04-29
30,150000,MORTGAGE,8.0,PERSONAL,A,5000,11.013786929274843,0,0.03,N,9,2024-09-04
31,29000,RENT,14.0,HOMEIMPROVEMENT,C,15075,11.013786929274843,1,0.52,N,10,2024-08-29
27,150792,MORTGAGE,11.0,PERSONAL,B,6000,11.71,0,0.04,N,9,2024-06-11
31,150996,MORTGAGE,13.0,VENTURE,A,10000,6.91,0,0.07,N,8,2024-07-14
31,151000,MORTGAGE,1.0,EDUCATION,C,21000,11.97,0,0.14,N,8,2024-10-31
30,151800,MORTGAGE,14.0,HOMEIMPROVEMENT,C,17525,12.72,0,0.12,Y,7,2024-08-31
31,152000,MORTGAGE,15.0,PERSONAL,A,15000,8.49,0,0.1,N,7,2024-04-17
35,140004,MORTGAGE,6.0,PERSONAL,C,8400,12.98,1,0.06,Y,9,2024-07-01
35,153000,MORTGAGE,13.0,PERSONAL,B,9500,11.99,0,0.06,N,10,2024-04-03
33,153000,MORTGAGE,11.0,VENTURE,C,10000,14.79,0,0.07,Y,5,2024-08-11
28,18000,OWN,12.0,VENTURE,C,3500,14.22,1,0.19,N,5,2024-04-12
29,153000,OWN,13.0,VENTURE,B,3000,10.74,0,0.02,N,8,2024-06-10
32,153000,MORTGAGE,5.0,VENTURE,C,8400,12.84,0,0.05,N,9,2024-09-18
35,153660,MORTGAGE,3.0,HOMEIMPROVEMENT,A,24000,7.9,0,0.16,N,10,2024-12-28
35,154000,OWN,13.0,VENTURE,A,12000,6.92,0,0.08,N,5,2024-12-15
34,154000,MORTGAGE,4.0,PERSONAL,B,4000,10.37,0,0.03,N,8,2024-03-02
32,154000,MORTGAGE,11.0,DEBTCONSOLIDATION,B,20000,11.83,0,0.13,N,6,2024-10-10
32,155000,OWN,6.0,MEDICAL,B,15000,12.42,0,0.1,N,7,2024-02-21
35,75000,RENT,13.0,VENTURE,F,15175,21.74,0,0.2,Y,8,2024-02-28
28,143000,MORTGAGE,5.0,HOMEIMPROVEMENT,D,8275,16.49,1,0.06,Y,7,2024-08-23
31,155000,MORTGAGE,5.0,HOMEIMPROVEMENT,A,7000,5.42,0,0.05,N,5,2024-12-05
28,143000,MORTGAGE,3.0,DEBTCONSOLIDATION,E,25000,17.93,1,0.17,N,6,2024-12-29
33,18000,OWN,17.0,MEDICAL,A,7000,8.0,1,0.39,N,9,2024-02-09
32,155000,MORTGAGE,8.0,MEDICAL,C,8000,11.013786929274843,0,0.05,Y,6,2024-09-02
28,50000,RENT,2.0,EDUCATION,B,15200,10.25,0,0.3,N,10,2024-01-23
32,155004,MORTGAGE,9.0,VENTURE,A,15000,8.49,0,0.1,N,8,2024-04-16
30,155867,MORTGAGE,15.0,EDUCATION,C,8000,12.84,0,0.05,Y,10,2024-12-04
34,156000,MORTGAGE,9.0,MEDICAL,A,25000,11.013786929274843,0,0.16,N,9,2024-08-25
33,156000,MORTGAGE,4.0,EDUCATION,A,2400,7.49,0,0.02,N,6,2024-08-27
32,156000,MORTGAGE,14.0,PERSONAL,B,10000,9.63,0,0.06,N,9,2024-09-04
27,156000,MORTGAGE,11.0,HOMEIMPROVEMENT,A,5000,6.54,0,0.03,N,8,2024-06-08
27,156000,MORTGAGE,8.0,EDUCATION,D,15000,14.61,0,0.1,N,6,2024-07-29
32,156600,MORTGAGE,8.0,EDUCATION,B,25000,10.62,0,0.16,N,8,2024-09-17
31,157000,MORTGAGE,5.0,EDUCATION,A,7200,7.49,0,0.05,N,7,2024-06-28
28,157000,OWN,12.0,VENTURE,C,12000,13.92,0,0.08,Y,9,2024-06-14
27,157500,OWN,6.0,MEDICAL,C,25000,12.87,0,0.16,Y,6,2024-04-15
27,157544,MORTGAGE,8.0,VENTURE,C,35000,12.99,0,0.22,N,8,2024-06-28
28,145656,MORTGAGE,2.0,DEBTCONSOLIDATION,B,10000,10.37,1,0.07,N,7,2024-09-05
28,158000,MORTGAGE,6.0,MEDICAL,A,15000,7.9,0,0.09,N,5,2024-08-09
30,158000,MORTGAGE,6.0,HOMEIMPROVEMENT,B,21000,12.42,0,0.13,N,8,2024-01-10
30,111000,RENT,3.0,VENTURE,C,15450,10.91,0,0.14,Y,7,2024-06-22
29,158000,OWN,13.0,EDUCATION,A,11000,8.49,0,0.07,N,6,2024-11-09
35,158000,OWN,14.0,EDUCATION,B,10000,9.63,0,0.06,N,10,2024-10-31
29,158000,OWN,1.0,MEDICAL,A,20000,6.54,0,0.13,N,5,2024-07-17
28,158367,MORTGAGE,5.0,MEDICAL,A,12000,6.62,0,0.08,N,8,2024-01-26
28,159000,MORTGAGE,3.0,PERSONAL,B,15000,11.86,0,0.09,N,8,2024-08-29
27,159600,MORTGAGE,1.0,HOMEIMPROVEMENT,B,25000,11.013786929274843,0,0.16,N,8,2024-09-27
29,159996,OWN,1.0,HOMEIMPROVEMENT,B,10000,11.86,0,0.06,N,7,2024-04-11
29,38000,RENT,3.0,PERSONAL,C,15500,12.41,1,0.41,N,6,2024-09-29
28,160000,MORTGAGE,4.0,DEBTCONSOLIDATION,B,34000,9.91,0,0.21,N,7,2024-03-17
27,148000,MORTGAGE,1.0,HOMEIMPROVEMENT,C,28000,12.99,1,0.19,Y,6,2024-06-30
34,160000,MORTGAGE,14.0,DEBTCONSOLIDATION,C,25000,13.49,0,0.16,N,5,2024-05-19
34,160000,MORTGAGE,1.0,HOMEIMPROVEMENT,A,23000,6.91,0,0.14,N,10,2024-07-01
30,160000,MORTGAGE,4.0,EDUCATION,C,7000,13.98,0,0.04,N,5,2024-09-21
35,68324,RENT,3.0,MEDICAL,C,15600,12.84,0,0.23,Y,8,2024-04-01
33,160000,MORTGAGE,3.0,PERSONAL,B,22000,10.75,0,0.14,N,8,2024-09-30
32,160000,MORTGAGE,9.0,DEBTCONSOLIDATION,A,12000,7.88,0,0.07,N,8,2024-04-06
27,90000,RENT,11.0,PERSONAL,B,15600,12.69,0,0.17,N,9,2024-10-24
27,160000,MORTGAGE,4.0,HOMEIMPROVEMENT,B,25000,10.99,0,0.16,N,10,2024-09-10
27,100000,RENT,7.0,PERSONAL,E,15600,17.88,0,0.16,Y,6,2024-03-30
35,160000,OWN,10.0,VENTURE,B,24000,11.83,0,0.15,N,9,2024-04-01
28,160000,OWN,12.0,PERSONAL,B,23000,11.83,0,0.14,N,8,2024-03-02
34,160000,MORTGAGE,9.0,DEBTCONSOLIDATION,B,7500,11.013786929274843,0,0.05,N,10,2024-10-16
29,162480,MORTGAGE,2.0,PERSONAL,B,25000,12.42,0,0.15,N,10,2024-02-21
30,55000,RENT,14.0,DEBTCONSOLIDATION,C,15800,14.72,0,0.29,N,9,2024-01-10
27,151000,MORTGAGE,11.0,DEBTCONSOLIDATION,D,20000,14.74,1,0.13,Y,9,2024-05-18
27,163232,MORTGAGE,5.0,VENTURE,B,4800,11.71,0,0.03,N,8,2024-03-22
27,165000,MORTGAGE,6.0,MEDICAL,B,35000,12.42,0,0.21,N,10,2024-12-24
29,165000,MORTGAGE,13.0,VENTURE,A,10000,6.03,0,0.06,N,10,2024-08-27
29,72000,RENT,13.0,MEDICAL,C,15900,13.04,0,0.22,N,9,2024-06-26
35,165000,MORTGAGE,3.0,DEBTCONSOLIDATION,B,8000,11.49,0,0.05,N,8,2024-12-04
33,153000,MORTGAGE,1.0,HOMEIMPROVEMENT,D,23100,14.74,1,0.15,Y,9,2024-05-07
28,165000,MORTGAGE,5.0,DEBTCONSOLIDATION,B,12400,11.26,0,0.08,N,8,2024-03-24
27,166000,MORTGAGE,11.0,HOMEIMPROVEMENT,E,30000,11.013786929274843,0,0.18,N,9,2024-12-09
27,80000,RENT,5.0,HOMEIMPROVEMENT,A,16000,7.49,0,0.2,N,8,2024-12-24
31,168000,MORTGAGE,6.0,VENTURE,C,25000,13.06,0,0.15,N,5,2024-01-05
31,168000,MORTGAGE,2.0,VENTURE,B,15500,9.25,0,0.09,N,7,2024-01-16
28,168000,OWN,12.0,MEDICAL,A,6800,11.013786929274843,0,0.04,N,7,2024-02-17
29,74000,RENT,3.0,HOMEIMPROVEMENT,C,16000,13.11,1,0.22,Y,5,2024-01-19
32,170000,MORTGAGE,16.0,VENTURE,A,6000,7.9,0,0.04,N,8,2024-12-30
29,170000,MORTGAGE,13.0,DEBTCONSOLIDATION,B,18000,12.42,0,0.11,N,6,2024-10-28
32,62900,RENT,6.0,MEDICAL,D,16000,14.96,1,0.22,N,5,2024-07-24
28,170000,MORTGAGE,8.0,PERSONAL,F,20000,18.99,0,0.12,Y,7,2024-04-27
33,158000,MORTGAGE,11.0,PERSONAL,E,15000,16.32,1,0.09,Y,5,2024-06-14
28,170000,MORTGAGE,4.0,EDUCATION,D,20000,11.013786929274843,0,0.12,Y,10,2024-02-09
28,170000,MORTGAGE,3.0,MEDICAL,B,4000,11.013786929274843,0,0.02,N,10,2024-08-13
30,170000,MORTGAGE,2.0,VENTURE,B,14000,10.62,0,0.08,N,6,2024-12-31
33,170000,OWN,15.0,HOMEIMPROVEMENT,C,21000,14.26,0,0.12,N,5,2024-01-14
30,172000,MORTGAGE,13.0,VENTURE,B,20000,11.013786929274843,0,0.12,N,8,2024-03-09
33,172000,MORTGAGE,4.0,EDUCATION,B,16000,9.63,0,0.09,N,8,2024-10-11
31,85000,RENT,5.0,EDUCATION,C,16000,11.34,0,0.19,Y,8,2024-07-20
29,173088,MORTGAGE,13.0,VENTURE,C,8000,13.79,0,0.05,Y,10,2024-10-23
30,163000,MORTGAGE,15.0,PERSONAL,B,3500,10.65,1,0.02,N,8,2024-02-29
27,175000,MORTGAGE,7.0,MEDICAL,A,15000,7.49,0,0.09,N,8,2024-09-04
27,175000,MORTGAGE,11.0,VENTURE,B,21000,11.013786929274843,0,0.12,N,6,2024-12-06
27,90000,RENT,1.0,EDUCATION,B,16000,12.42,0,0.18,N,9,2024-08-24
32,175000,MORTGAGE,17.0,HOMEIMPROVEMENT,B,24000,11.013786929274843,0,0.14,N,7,2024-01-31
28,90000,RENT,7.0,VENTURE,C,16000,12.68,0,0.18,N,10,2024-06-18
27,90000,RENT,11.0,HOMEIMPROVEMENT,B,16000,8.88,0,0.18,N,9,2024-05-07
27,175000,MORTGAGE,11.0,HOMEIMPROVEMENT,A,11500,7.51,0,0.07,N,7,2024-11-01
33,175000,MORTGAGE,4.0,DEBTCONSOLIDATION,B,25000,10.75,0,0.14,N,9,2024-07-15
29,175000,MORTGAGE,8.0,VENTURE,A,2500,7.14,0,0.01,N,6,2024-10-24
29,175000,MORTGAGE,2.0,HOMEIMPROVEMENT,A,10000,11.013786929274843,0,0.06,N,9,2024-08-02
30,175000,MORTGAGE,15.0,VENTURE,D,25000,11.013786929274843,0,0.14,Y,10,2024-09-01
33,163400,MORTGAGE,17.0,EDUCATION,E,10000,18.39,1,0.06,N,5,2024-10-02
28,176000,MORTGAGE,12.0,HOMEIMPROVEMENT,B,25000,10.25,0,0.14,N,6,2024-04-12
32,164000,MORTGAGE,15.0,DEBTCONSOLIDATION,D,2400,14.42,1,0.01,N,10,2024-10-12
31,176600,MORTGAGE,15.0,DEBTCONSOLIDATION,C,3500,11.013786929274843,0,0.02,Y,7,2024-08-17
28,176608,MORTGAGE,1.0,VENTURE,C,21125,13.16,0,0.12,Y,5,2024-08-17
31,70550,RENT,2.0,MEDICAL,D,16000,17.49,1,0.19,N,8,2024-05-22
33,178650,MORTGAGE,5.0,HOMEIMPROVEMENT,A,20000,6.99,0,0.11,N,6,2024-03-15
31,179000,MORTGAGE,13.0,MEDICAL,C,11200,14.27,0,0.06,N,5,2024-11-04
30,180000,MORTGAGE,5.0,MEDICAL,A,14000,6.03,0,0.08,N,9,2024-08-17
30,180000,MORTGAGE,13.0,PERSONAL,B,28000,10.65,0,0.16,N,6,2024-06-17
27,180000,MORTGAGE,7.0,HOMEIMPROVEMENT,A,16000,11.013786929274843,0,0.09,N,8,2024-10-20
29,180000,MORTGAGE,2.0,MEDICAL,A,20000,11.013786929274843,0,0.11,N,10,2024-06-11
29,180000,MORTGAGE,13.0,DEBTCONSOLIDATION,C,12000,12.99,0,0.07,Y,5,2024-05-19
27,180000,MORTGAGE,2.0,MEDICAL,C,8000,13.23,0,0.04,Y,7,2024-08-08
27,100000,RENT,12.0,VENTURE,B,16000,11.11,0,0.16,N,5,2024-01-07
32,180000,MORTGAGE,2.0,PERSONAL,C,15600,11.013786929274843,0,0.09,Y,10,2024-02-07
30,182004,MORTGAGE,2.0,PERSONAL,A,7200,6.62,0,0.04,N,5,2024-04-03
27,170496,MORTGAGE,3.0,DEBTCONSOLIDATION,B,15000,11.83,1,0.09,N,10,2024-01-06
34,182500,MORTGAGE,6.0,HOMEIMPROVEMENT,C,15000,12.84,0,0.08,Y,9,2024-07-13
27,105000,RENT,1.0,HOMEIMPROVEMENT,B,16000,11.013786929274843,0,0.15,N,8,2024-07-14
28,107000,RENT,4.0,HOMEIMPROVEMENT,C,16000,13.49,0,0.15,N,6,2024-10-07
27,189000,MORTGAGE,2.0,VENTURE,D,5125,14.84,0,0.03,Y,6,2024-05-31
30,189000,MORTGAGE,5.0,HOMEIMPROVEMENT,E,16000,16.35,0,0.08,N,8,2024-01-06
27,110000,RENT,6.0,EDUCATION,C,16000,15.27,0,0.15,N,8,2024-07-22
29,193086,MORTGAGE,3.0,DEBTCONSOLIDATION,B,11125,10.59,0,0.06,N,6,2024-05-22
34,195000,MORTGAGE,14.0,VENTURE,C,6000,14.27,0,0.03,N,8,2024-03-13
30,110000,RENT,9.0,HOMEIMPROVEMENT,C,16000,11.013786929274843,0,0.15,Y,6,2024-01-05
30,198171,MORTGAGE,4.0,DEBTCONSOLIDATION,A,5000,5.79,0,0.03,N,6,2024-06-28
28,199000,MORTGAGE,12.0,HOMEIMPROVEMENT,A,10000,9.32,0,0.05,N,10,2024-10-27
27,200000,MORTGAGE,9.0,PERSONAL,A,7000,6.03,0,0.04,N,10,2024-05-04
31,200000,MORTGAGE,1.0,MEDICAL,B,7800,9.63,0,0.04,N,8,2024-08-03
35,200000,MORTGAGE,3.0,EDUCATION,C,25000,11.013786929274843,0,0.13,Y,7,2024-09-27
29,108000,RENT,11.0,EDUCATION,B,16000,11.013786929274843,1,0.15,N,7,2024-11-28
30,200000,MORTGAGE,14.0,DEBTCONSOLIDATION,C,21600,13.11,0,0.11,N,8,2024-02-16
29,200000,MORTGAGE,4.0,MEDICAL,A,12000,7.88,0,0.06,N,7,2024-03-31
31,200000,OWN,4.0,HOMEIMPROVEMENT,B,23500,10.99,0,0.12,N,5,2024-04-23
30,200000,OWN,14.0,VENTURE,A,16000,11.013786929274843,0,0.08,N,5,2024-04-16
29,200000,OWN,13.0,EDUCATION,B,23000,12.18,0,0.12,N,9,2024-01-15
33,200000,MORTGAGE,5.0,HOMEIMPROVEMENT,B,25000,9.76,0,0.13,N,9,2024-04-04
29,200000,MORTGAGE,9.0,MEDICAL,B,6000,11.013786929274843,0,0.03,N,8,2024-08-27
33,201000,MORTGAGE,3.0,DEBTCONSOLIDATION,C,20000,14.27,0,0.1,Y,7,2024-11-08
28,201000,OWN,4.0,VENTURE,A,12000,11.013786929274843,0,0.06,N,8,2024-06-29
31,201000,MORTGAGE,3.0,HOMEIMPROVEMENT,B,15000,11.12,0,0.07,N,9,2024-03-05
27,192000,MORTGAGE,11.0,DEBTCONSOLIDATION,D,15000,17.58,1,0.08,N,8,2024-04-30
32,204000,OWN,16.0,EDUCATION,B,25000,11.12,0,0.12,N,5,2024-08-26
29,195000,MORTGAGE,5.0,VENTURE,C,3600,14.26,1,0.02,N,7,2024-08-09
33,210000,MORTGAGE,17.0,DEBTCONSOLIDATION,B,20000,9.91,0,0.1,N,7,2024-04-23
29,210000,MORTGAGE,2.0,MEDICAL,B,14000,12.42,0,0.07,N,6,2024-09-18
29,200000,RENT,14.0,EDUCATION,B,16000,12.69,0,0.08,N,7,2024-11-29
31,215000,MORTGAGE,2.0,MEDICAL,B,15000,10.99,0,0.07,N,10,2024-09-11
29,300000,RENT,1.0,HOMEIMPROVEMENT,B,16000,11.58,0,0.05,N,8,2024-12-06
32,220000,MORTGAGE,13.0,HOMEIMPROVEMENT,E,33000,20.3,0,0.15,N,9,2024-02-23
34,220000,MORTGAGE,6.0,DEBTCONSOLIDATION,B,7350,11.99,0,0.03,N,6,2024-03-30
34,220000,MORTGAGE,13.0,DEBTCONSOLIDATION,C,11275,12.99,0,0.05,N,8,2024-10-27
29,220000,MORTGAGE,13.0,DEBTCONSOLIDATION,B,8500,10.37,0,0.04,N,5,2024-12-12
35,225000,MORTGAGE,17.0,VENTURE,A,5000,7.49,0,0.02,N,9,2024-03-09
32,572400,RENT,16.0,MEDICAL,B,16000,9.76,0,0.03,N,5,2024-03-04
27,213000,MORTGAGE,11.0,DEBTCONSOLIDATION,E,35000,16.77,1,0.16,Y,5,2024-07-27
34,225000,MORTGAGE,4.0,MEDICAL,C,3000,13.35,0,0.01,N,10,2024-08-17
28,225000,MORTGAGE,12.0,PERSONAL,A,20000,7.88,0,0.09,N,9,2024-10-01
30,35576,RENT,14.0,EDUCATION,C,19000,13.72,1,0.53,N,7,2024-04-01
28,225000,MORTGAGE,12.0,DEBTCONSOLIDATION,B,6000,11.12,0,0.03,N,7,2024-08-20
30,228000,MORTGAGE,9.0,VENTURE,D,12800,15.33,0,0.06,N,8,2024-09-22
27,228000,MORTGAGE,12.0,HOMEIMPROVEMENT,A,6000,7.14,0,0.03,N,6,2024-06-04
27,185300,MORTGAGE,11.0,MEDICAL,D,35000,11.013786929274843,1,0.16,Y,5,2024-09-02
30,230000,MORTGAGE,14.0,DEBTCONSOLIDATION,C,12000,13.98,0,0.05,Y,10,2024-11-05
29,218000,MORTGAGE,1.0,DEBTCONSOLIDATION,F,25000,19.04,1,0.11,Y,9,2024-08-20
28,230000,MORTGAGE,12.0,DEBTCONSOLIDATION,B,10000,10.95,0,0.04,N,6,2024-06-01
35,234600,MORTGAGE,1.0,HOMEIMPROVEMENT,D,7500,15.05,0,0.03,Y,6,2024-08-28
27,235000,MORTGAGE,5.0,VENTURE,C,28000,15.96,0,0.12,N,5,2024-08-25
33,235000,MORTGAGE,3.0,EDUCATION,B,25000,10.62,0,0.11,N,6,2024-03-06
28,60000,RENT,3.0,DEBTCONSOLIDATION,A,19200,7.88,1,0.32,N,8,2024-10-20
31,235000,OWN,5.0,MEDICAL,D,11200,15.65,0,0.05,N,5,2024-04-27
30,223800,MORTGAGE,15.0,HOMEIMPROVEMENT,B,25000,11.83,1,0.11,N,9,2024-10-01
28,191250,MORTGAGE,11.0,MEDICAL,E,9000,16.95,1,0.04,N,6,2024-11-29
32,237000,MORTGAGE,14.0,HOMEIMPROVEMENT,B,21000,9.2,0,0.09,N,9,2024-03-01
29,240000,MORTGAGE,13.0,DEBTCONSOLIDATION,A,12000,6.03,0,0.05,N,9,2024-11-04
33,240000,OWN,15.0,PERSONAL,C,15000,13.16,0,0.06,Y,10,2024-11-06
29,242400,OWN,12.0,MEDICAL,B,35000,10.37,0,0.14,N,8,2024-05-04
27,79636,RENT,11.0,PERSONAL,D,19200,13.87,0,0.24,Y,9,2024-02-10
32,249996,MORTGAGE,4.0,PERSONAL,C,14000,12.99,0,0.06,N,8,2024-09-21
29,249999,MORTGAGE,2.0,EDUCATION,A,25000,6.62,0,0.1,N,9,2024-09-16
29,250000,MORTGAGE,5.0,PERSONAL,A,10000,7.49,0,0.04,N,10,2024-10-31
30,250000,OWN,8.0,MEDICAL,D,15000,15.99,0,0.06,Y,8,2024-11-10
31,250000,MORTGAGE,14.0,PERSONAL,D,12000,14.09,0,0.05,Y,6,2024-08-18
32,250000,MORTGAGE,7.0,EDUCATION,B,20000,11.48,0,0.08,N,10,2024-01-21
29,250000,MORTGAGE,13.0,EDUCATION,C,20000,13.79,0,0.08,N,8,2024-02-09
30,250000,MORTGAGE,1.0,DEBTCONSOLIDATION,B,5000,9.01,0,0.02,N,8,2024-10-21
32,262000,MORTGAGE,12.0,MEDICAL,B,12800,9.91,0,0.05,N,8,2024-08-15
30,253000,MORTGAGE,3.0,DEBTCONSOLIDATION,D,24000,14.96,1,0.09,N,7,2024-11-23
29,265000,MORTGAGE,2.0,PERSONAL,B,25000,11.26,0,0.09,N,10,2024-04-30
28,266000,MORTGAGE,12.0,PERSONAL,A,9000,5.42,0,0.03,N,10,2024-11-02
30,275000,MORTGAGE,14.0,EDUCATION,B,7000,11.71,0,0.03,N,10,2024-05-12
31,275000,MORTGAGE,4.0,PERSONAL,B,30000,10.59,0,0.11,N,8,2024-03-13
27,90000,RENT,4.0,HOMEIMPROVEMENT,A,19200,6.99,0,0.21,N,8,2024-02-05
27,275000,MORTGAGE,11.0,VENTURE,B,35000,11.013786929274843,0,0.13,N,6,2024-05-11
34,275004,MORTGAGE,2.0,VENTURE,D,25000,16.32,0,0.09,Y,9,2024-06-09
32,95000,RENT,1.0,DEBTCONSOLIDATION,B,19200,11.89,0,0.2,N,9,2024-01-01
29,290000,MORTGAGE,13.0,PERSONAL,B,13175,10.99,0,0.05,N,7,2024-01-10
31,294000,MORTGAGE,7.0,VENTURE,A,12000,8.94,0,0.04,N,6,2024-01-28
30,300000,OWN,14.0,HOMEIMPROVEMENT,B,35000,10.59,0,0.12,N,10,2024-10-29
28,300000,MORTGAGE,1.0,PERSONAL,C,9600,15.23,0,0.03,Y,10,2024-12-03
28,300000,MORTGAGE,12.0,EDUCATION,C,10125,15.23,0,0.03,N,6,2024-11-23
28,288000,MORTGAGE,12.0,VENTURE,G,18000,22.48,1,0.06,Y,9,2024-08-19
31,300000,MORTGAGE,1.0,VENTURE,C,35000,15.23,0,0.12,N,6,2024-06-01
27,300000,MORTGAGE,11.0,DEBTCONSOLIDATION,A,35000,11.013786929274843,0,0.12,N,8,2024-01-24
28,300000,MORTGAGE,11.0,DEBTCONSOLIDATION,A,10800,6.92,0,0.04,N,5,2024-10-10
32,300000,MORTGAGE,2.0,MEDICAL,C,24000,12.87,0,0.08,N,10,2024-01-09
30,300000,MORTGAGE,3.0,VENTURE,A,6000,9.63,0,0.02,N,10,2024-03-07
30,300000,MORTGAGE,14.0,MEDICAL,B,20000,11.58,0,0.07,N,9,2024-03-02
33,300000,OWN,8.0,MEDICAL,D,25000,14.42,0,0.08,Y,7,2024-12-15
30,310000,MORTGAGE,13.0,DEBTCONSOLIDATION,B,14000,11.013786929274843,0,0.05,N,10,2024-12-03
27,320000,MORTGAGE,11.0,DEBTCONSOLIDATION,A,28000,7.9,0,0.09,N,9,2024-03-25
33,320000,MORTGAGE,2.0,VENTURE,A,14000,7.91,0,0.04,N,5,2024-06-13
31,325000,MORTGAGE,4.0,MEDICAL,A,10000,5.99,0,0.03,N,7,2024-12-30
28,270300,MORTGAGE,3.0,MEDICAL,E,25000,17.88,1,0.08,N,6,2024-01-04
35,273700,MORTGAGE,8.0,MEDICAL,D,25000,14.59,1,0.08,N,6,2024-03-01
29,350000,MORTGAGE,13.0,DEBTCONSOLIDATION,A,12000,7.51,0,0.03,N,7,2024-02-18
34,357000,MORTGAGE,3.0,HOMEIMPROVEMENT,E,14000,18.64,0,0.04,Y,9,2024-03-15
32,385000,MORTGAGE,3.0,VENTURE,A,19925,7.9,0,0.05,N,9,2024-08-11
33,410000,MORTGAGE,3.0,HOMEIMPROVEMENT,B,35000,10.37,0,0.09,N,5,2024-02-11
35,415000,MORTGAGE,2.0,HOMEIMPROVEMENT,E,15500,16.45,0,0.04,Y,10,2024-12-24
29,420000,MORTGAGE,5.0,DEBTCONSOLIDATION,C,8000,12.73,0,0.02,N,5,2024-04-18
29,445000,MORTGAGE,3.0,PERSONAL,B,25000,9.62,0,0.06,N,5,2024-07-04
29,450000,MORTGAGE,4.0,EDUCATION,D,25000,15.37,0,0.06,N,7,2024-04-15
29,480000,MORTGAGE,6.0,MEDICAL,A,6500,5.42,0,0.01,N,6,2024-10-15
34,397800,MORTGAGE,5.0,MEDICAL,D,14000,14.61,1,0.03,Y,5,2024-01-17
30,522000,MORTGAGE,11.0,HOMEIMPROVEMENT,A,2500,7.43,0,0.0,N,9,2024-10-24
33,10080,OWN,11.0,VENTURE,A,7200,6.03,1,0.71,N,8,2024-09-21
33,71000,RENT,17.0,HOMEIMPROVEMENT,D,19600,16.07,1,0.28,Y,6,2024-10-20
28,604000,MORTGAGE,12.0,PERSONAL,B,25000,9.01,1,0.04,N,9,2024-01-30
31,741600,MORTGAGE,3.0,MEDICAL,B,12000,10.25,0,0.02,N,6,2024-05-14
32,750000,MORTGAGE,2.0,DEBTCONSOLIDATION,B,30000,9.91,0,0.04,N,8,2024-10-30
35,762000,OWN,8.0,MEDICAL,A,10000,8.94,0,0.01,N,10,2024-09-16
29,9600,RENT,1.0,DEBTCONSOLIDATION,B,2600,12.69,1,0.27,N,7,2024-09-16
30,9600,RENT,1.0,DEBTCONSOLIDATION,C,1500,12.73,1,0.16,Y,8,2024-08-23
29,8500,RENT,7.0,VENTURE,A,4500,8.63,1,0.53,N,10,2024-03-26
29,8472,RENT,2.0,PERSONAL,A,3000,7.49,1,0.35,N,7,2024-08-06
28,8000,RENT,1.0,HOMEIMPROVEMENT,B,4750,11.12,1,0.59,N,5,2024-03-28
30,64000,MORTGAGE,3.0,EDUCATION,A,10200,6.62,0,0.16,N,5,2024-02-05
27,150000,MORTGAGE,2.0,HOMEIMPROVEMENT,A,18000,11.013786929274843,0,0.12,N,7,2024-10-08
27,42504,RENT,2.0,PERSONAL,B,7200,10.59,0,0.17,N,9,2024-09-05
31,41004,RENT,5.0,PERSONAL,D,5000,15.28,0,0.12,N,5,2024-02-18
28,60000,MORTGAGE,4.0,DEBTCONSOLIDATION,B,4800,11.013786929274843,0,0.08,N,5,2024-05-11
29,46000,MORTGAGE,3.0,PERSONAL,B,6000,11.49,0,0.13,N,8,2024-11-10
30,155000,RENT,9.0,MEDICAL,A,6000,7.14,0,0.04,N,8,2024-04-29
27,100000,MORTGAGE,11.0,PERSONAL,A,14400,11.013786929274843,0,0.14,N,8,2024-05-20
32,45996,RENT,2.0,EDUCATION,B,1800,11.58,0,0.04,N,8,2024-11-14
29,35000,RENT,12.0,DEBTCONSOLIDATION,A,1800,5.42,0,0.05,N,5,2024-12-22
28,40000,MORTGAGE,9.0,DEBTCONSOLIDATION,B,19200,9.91,0,0.48,N,6,2024-03-17
31,50402,MORTGAGE,4.0,VENTURE,C,3000,13.22,0,0.06,Y,10,2024-07-25
29,50000,OWN,3.0,MEDICAL,B,4200,9.91,0,0.08,N,6,2024-01-12
32,32004,RENT,16.0,MEDICAL,B,4000,11.49,0,0.12,N,10,2024-01-12
30,97750,MORTGAGE,3.0,MEDICAL,D,20000,14.59,1,0.17,Y,8,2024-03-09
34,23000,OWN,2.0,VENTURE,A,2500,11.013786929274843,0,0.11,N,9,2024-10-06
29,68000,RENT,1.0,EDUCATION,B,10000,10.65,0,0.15,N,5,2024-05-16
28,50000,MORTGAGE,3.0,VENTURE,A,5000,7.74,0,0.1,N,9,2024-05-10
30,21600,RENT,1.0,DEBTCONSOLIDATION,B,1500,11.71,1,0.07,N,8,2024-11-21
31,50000,MORTGAGE,5.0,VENTURE,A,2000,6.39,0,0.04,N,5,2024-10-06
30,65000,RENT,11.0,PERSONAL,D,12800,15.2,0,0.2,N,6,2024-04-20
27,28800,RENT,6.0,MEDICAL,D,5000,14.96,0,0.17,Y,5,2024-08-29
28,72000,MORTGAGE,9.0,HOMEIMPROVEMENT,B,18000,11.89,0,0.25,N,8,2024-08-07
32,45000,MORTGAGE,2.0,PERSONAL,C,8000,14.65,0,0.18,N,8,2024-11-20
27,39000,MORTGAGE,11.0,HOMEIMPROVEMENT,E,5000,18.79,1,0.13,Y,10,2024-08-12
27,58000,RENT,11.0,VENTURE,A,7000,11.013786929274843,0,0.12,N,9,2024-11-05
31,56000,RENT,15.0,DEBTCONSOLIDATION,C,3000,14.27,0,0.05,N,6,2024-01-22
32,75000,RENT,3.0,HOMEIMPROVEMENT,A,10000,7.29,0,0.13,N,7,2024-04-12
31,60682,RENT,3.0,VENTURE,A,8650,8.49,0,0.14,N,8,2024-01-03
29,45600,MORTGAGE,9.0,MEDICAL,A,2000,7.88,0,0.04,N,8,2024-10-27
30,56628,MORTGAGE,2.0,MEDICAL,A,12000,8.94,0,0.21,N,9,2024-03-02
27,69000,RENT,11.0,DEBTCONSOLIDATION,D,6000,15.21,1,0.09,N,8,2024-06-17
27,51000,RENT,9.0,PERSONAL,B,1600,10.59,0,0.03,N,8,2024-01-10
33,50000,RENT,6.0,PERSONAL,D,6000,14.96,0,0.12,Y,5,2024-02-26
34,44000,OWN,2.0,EDUCATION,C,10000,13.43,0,0.23,Y,9,2024-08-04
27,30000,RENT,8.0,PERSONAL,B,11000,9.91,1,0.37,N,6,2024-03-29
27,80000,MORTGAGE,4.0,EDUCATION,A,15000,6.54,0,0.19,N,6,2024-11-30
30,110000,OWN,14.0,PERSONAL,C,12000,13.57,0,0.11,Y,10,2024-10-10
32,82000,MORTGAGE,13.0,PERSONAL,B,10000,10.36,0,0.12,N,6,2024-06-19
32,50004,RENT,5.0,EDUCATION,D,2200,15.65,0,0.04,Y,9,2024-08-10
29,67000,MORTGAGE,13.0,VENTURE,A,10000,7.14,0,0.15,N,8,2024-12-24
28,45000,RENT,1.0,MEDICAL,B,10000,9.91,0,0.22,N,5,2024-02-05
27,46800,MORTGAGE,5.0,EDUCATION,B,6000,9.99,0,0.13,N,6,2024-01-18
27,231252,MORTGAGE,1.0,PERSONAL,B,2000,9.91,0,0.01,N,10,2024-11-11
28,38196,MORTGAGE,5.0,PERSONAL,B,10750,10.75,0,0.28,N,8,2024-02-26
28,32568,RENT,3.0,EDUCATION,D,15000,11.013786929274843,1,0.46,N,10,2024-02-11
29,120000,MORTGAGE,10.0,HOMEIMPROVEMENT,A,4700,7.14,0,0.04,N,9,2024-12-14
33,66000,OWN,16.0,HOMEIMPROVEMENT,A,3500,11.013786929274843,0,0.05,N,5,2024-06-13
29,77800,RENT,2.0,VENTURE,B,9000,12.42,0,0.12,N,6,2024-03-22
31,68000,RENT,1.0,PERSONAL,A,6000,7.49,0,0.09,N,6,2024-10-10
29,52000,MORTGAGE,6.0,HOMEIMPROVEMENT,D,12000,15.65,0,0.23,Y,9,2024-06-03
30,55000,MORTGAGE,3.0,DEBTCONSOLIDATION,B,12000,10.38,0,0.22,N,10,2024-08-14
29,75000,MORTGAGE,9.0,PERSONAL,B,8000,11.99,0,0.11,N,8,2024-09-12
35,62475,MORTGAGE,5.0,MEDICAL,D,9600,14.61,1,0.13,Y,6,2024-07-16
29,240000,MORTGAGE,11.0,PERSONAL,D,35000,14.91,0,0.15,N,6,2024-09-29
35,40000,OWN,5.0,VENTURE,A,8000,7.66,0,0.2,N,7,2024-11-21
27,47000,RENT,1.0,MEDICAL,B,13000,10.99,0,0.28,N,6,2024-07-14
27,116000,MORTGAGE,4.0,PERSONAL,D,25000,13.36,1,0.22,N,6,2024-01-24
32,61000,MORTGAGE,3.0,DEBTCONSOLIDATION,A,2000,7.9,0,0.03,N,8,2024-03-24
30,58000,MORTGAGE,2.0,HOMEIMPROVEMENT,A,13200,11.013786929274843,0,0.23,N,5,2024-09-11
33,35600,RENT,1.0,MEDICAL,C,6000,13.49,1,0.17,Y,6,2024-10-09
29,34000,RENT,13.0,VENTURE,C,2000,14.72,0,0.06,N,5,2024-03-04
31,34000,RENT,3.0,EDUCATION,A,5000,5.42,0,0.15,N,7,2024-07-10
28,95000,MORTGAGE,5.0,PERSONAL,A,5000,7.88,0,0.05,N,7,2024-12-14
29,117000,RENT,6.0,EDUCATION,B,21000,10.65,0,0.18,N,5,2024-01-24
27,61000,MORTGAGE,11.0,EDUCATION,B,1200,10.37,0,0.02,N,9,2024-09-17
30,60000,MORTGAGE,8.0,MEDICAL,C,7400,13.11,0,0.12,N,8,2024-06-29
30,95000,MORTGAGE,6.0,DEBTCONSOLIDATION,A,12000,8.94,0,0.13,N,6,2024-12-31
33,60000,MORTGAGE,1.0,HOMEIMPROVEMENT,D,17000,16.07,0,0.28,N,9,2024-08-19
29,55000,MORTGAGE,9.0,HOMEIMPROVEMENT,A,5000,11.013786929274843,0,0.09,N,10,2024-08-20
30,72000,MORTGAGE,7.0,HOMEIMPROVEMENT,C,9600,14.17,0,0.13,N,9,2024-04-15
27,156000,MORTGAGE,11.0,DEBTCONSOLIDATION,A,5000,6.54,0,0.03,N,5,2024-11-11
29,280000,MORTGAGE,6.0,MEDICAL,C,15000,12.99,0,0.05,Y,6,2024-03-17
31,60000,RENT,2.0,PERSONAL,A,4750,5.99,0,0.08,N,8,2024-01-18
27,33996,RENT,8.0,EDUCATION,D,6000,15.31,0,0.18,N,10,2024-05-24
35,52000,RENT,2.0,MEDICAL,B,3000,11.48,0,0.06,N,7,2024-03-25
31,30000,RENT,2.0,MEDICAL,B,3000,10.95,0,0.1,N,8,2024-03-26
31,201000,MORTGAGE,3.0,PERSONAL,B,15000,11.12,0,0.07,N,5,2024-06-24
31,59000,RENT,2.0,DEBTCONSOLIDATION,C,8750,12.68,0,0.15,N,7,2024-04-04
29,84000,MORTGAGE,1.0,HOMEIMPROVEMENT,B,20000,11.83,0,0.24,N,6,2024-06-05
32,54000,MORTGAGE,9.0,VENTURE,C,13000,12.53,0,0.24,Y,10,2024-07-17
29,100000,OWN,13.0,PERSONAL,A,10000,6.92,0,0.1,N,8,2024-04-15
28,64900,MORTGAGE,12.0,DEBTCONSOLIDATION,D,25000,15.37,1,0.39,N,6,2024-05-09
27,85500,RENT,1.0,HOMEIMPROVEMENT,D,11000,15.99,1,0.13,Y,5,2024-04-23
31,120000,MORTGAGE,6.0,DEBTCONSOLIDATION,A,28000,8.9,0,0.23,N,6,2024-02-09
28,60000,RENT,4.0,HOMEIMPROVEMENT,A,10000,6.54,0,0.17,N,9,2024-10-26
27,31500,RENT,10.0,DEBTCONSOLIDATION,C,6000,12.84,1,0.19,N,8,2024-08-16
31,260000,MORTGAGE,6.0,MEDICAL,C,25000,13.57,0,0.1,Y,6,2024-11-23
32,40000,OWN,2.0,VENTURE,C,7000,12.68,0,0.17,N,5,2024-07-27
27,50000,RENT,4.0,PERSONAL,C,6400,13.23,0,0.13,Y,5,2024-10-04
33,74400,RENT,15.0,VENTURE,C,3600,15.27,0,0.05,N,9,2024-09-26
30,139008,MORTGAGE,2.0,VENTURE,C,15000,13.47,0,0.11,N,9,2024-06-26
28,40000,RENT,1.0,PERSONAL,C,1700,11.013786929274843,0,0.04,Y,9,2024-09-05
29,52000,MORTGAGE,6.0,HOMEIMPROVEMENT,B,7800,10.36,0,0.15,N,9,2024-06-02
27,56525,MORTGAGE,4.0,MEDICAL,D,12000,15.95,1,0.18,N,10,2024-11-19
33,101000,MORTGAGE,8.0,DEBTCONSOLIDATION,A,5000,7.49,0,0.05,N,5,2024-10-09
27,43218,RENT,11.0,PERSONAL,C,5300,14.65,0,0.12,Y,7,2024-12-13
30,75000,RENT,2.0,DEBTCONSOLIDATION,C,6000,12.68,0,0.08,Y,5,2024-04-17
32,122004,MORTGAGE,13.0,MEDICAL,A,10000,8.59,0,0.08,N,10,2024-05-30
27,82000,MORTGAGE,11.0,VENTURE,A,10000,7.51,0,0.12,N,6,2024-05-16
28,33000,RENT,12.0,PERSONAL,C,8000,14.65,1,0.24,N,9,2024-06-12
33,30000,RENT,3.0,EDUCATION,B,11975,9.99,1,0.4,N,5,2024-09-02
34,148750,RENT,3.0,MEDICAL,A,12000,7.9,1,0.07,N,8,2024-09-08
27,104000,MORTGAGE,11.0,MEDICAL,B,10000,10.65,0,0.1,N,7,2024-06-11
27,39996,OWN,1.0,HOMEIMPROVEMENT,B,8000,12.53,0,0.2,N,5,2024-07-05
28,50000,RENT,2.0,EDUCATION,D,2000,16.89,1,0.04,N,5,2024-03-05
28,40000,RENT,12.0,DEBTCONSOLIDATION,B,12000,11.11,0,0.3,N,7,2024-01-16
32,80000,RENT,1.0,PERSONAL,B,6400,10.99,0,0.08,N,8,2024-02-06
29,48000,RENT,6.0,EDUCATION,B,6025,10.65,0,0.13,N,6,2024-02-28
29,65000,RENT,4.0,PERSONAL,D,12000,16.49,0,0.18,N,7,2024-07-03
28,70000,MORTGAGE,13.0,MEDICAL,A,5000,6.99,0,0.07,N,9,2024-03-26
29,42996,RENT,5.0,VENTURE,C,6000,15.96,1,0.14,N,9,2024-06-22
29,60000,MORTGAGE,2.0,MEDICAL,A,1500,6.03,0,0.03,N,5,2024-06-28
27,99000,MORTGAGE,4.0,MEDICAL,A,9000,7.14,0,0.09,N,5,2024-05-11
27,207182,MORTGAGE,11.0,PERSONAL,B,22000,10.62,0,0.11,N,7,2024-08-28
27,78500,RENT,6.0,EDUCATION,A,8000,8.59,0,0.1,N,8,2024-06-18
31,65000,MORTGAGE,3.0,DEBTCONSOLIDATION,C,10000,13.61,0,0.15,N,6,2024-12-01
33,71000,MORTGAGE,4.0,DEBTCONSOLIDATION,B,5300,11.49,0,0.07,N,9,2024-11-11
29,99000,MORTGAGE,1.0,PERSONAL,B,6000,10.25,0,0.06,N,6,2024-06-24
27,225000,MORTGAGE,1.0,DEBTCONSOLIDATION,B,14000,11.013786929274843,0,0.06,N,6,2024-04-08
30,56400,RENT,1.0,DEBTCONSOLIDATION,B,7000,11.49,1,0.12,N,10,2024-07-23
33,140000,MORTGAGE,6.0,HOMEIMPROVEMENT,A,13000,7.51,0,0.09,N,9,2024-08-14
33,90000,MORTGAGE,5.0,EDUCATION,A,4200,8.94,0,0.05,N,6,2024-01-16
30,60000,RENT,8.0,MEDICAL,A,5000,11.013786929274843,0,0.08,N,8,2024-07-12
29,99000,RENT,3.0,PERSONAL,C,8000,12.99,0,0.08,Y,8,2024-05-03
27,50000,MORTGAGE,3.0,HOMEIMPROVEMENT,B,15000,9.88,0,0.3,N,5,2024-04-21
35,85000,RENT,1.0,VENTURE,A,3600,7.51,0,0.04,N,7,2024-08-11
35,15000,OWN,3.0,MEDICAL,A,3700,9.32,1,0.25,N,5,2024-12-30
33,66500,MORTGAGE,1.0,EDUCATION,A,9200,11.013786929274843,0,0.14,N,6,2024-04-21
28,42000,RENT,3.0,EDUCATION,D,9600,14.61,0,0.23,N,9,2024-06-11
31,64900,RENT,2.0,VENTURE,A,10000,7.66,0,0.15,N,9,2024-01-17
27,47380,MORTGAGE,11.0,EDUCATION,C,15000,13.79,0,0.32,N,6,2024-04-20
29,44000,RENT,2.0,VENTURE,D,5400,16.0,1,0.12,Y,9,2024-01-08
27,83300,RENT,11.0,MEDICAL,D,20000,16.0,1,0.2,Y,5,2024-01-01
34,50725,RENT,1.0,VENTURE,C,5400,13.16,0,0.11,Y,6,2024-11-08
35,37440,RENT,2.0,MEDICAL,B,8000,10.99,0,0.21,N,7,2024-12-11
31,43288,RENT,7.0,EDUCATION,B,10000,10.74,0,0.23,N,5,2024-04-27
32,120000,RENT,11.0,EDUCATION,A,12000,7.51,0,0.1,N,9,2024-09-02
28,77250,RENT,1.0,HOMEIMPROVEMENT,B,10000,9.2,0,0.13,N,8,2024-04-11
30,71000,RENT,2.0,PERSONAL,A,12000,8.9,0,0.17,N,9,2024-01-12
29,73000,RENT,7.0,DEBTCONSOLIDATION,C,2500,14.35,0,0.03,Y,8,2024-10-09
31,168000,MORTGAGE,2.0,EDUCATION,B,15500,9.25,0,0.09,N,9,2024-10-19
32,101000,RENT,3.0,MEDICAL,B,20000,10.75,0,0.2,N,8,2024-12-27
29,12000,RENT,1.0,EDUCATION,D,4500,15.05,1,0.38,N,9,2024-01-01
31,50000,RENT,4.0,PERSONAL,D,6000,15.62,0,0.12,Y,6,2024-09-12
27,110000,MORTGAGE,4.0,HOMEIMPROVEMENT,A,2500,8.07,0,0.02,N,10,2024-01-14
30,151800,MORTGAGE,14.0,EDUCATION,C,17525,12.72,0,0.12,Y,7,2024-02-09
27,67000,RENT,5.0,DEBTCONSOLIDATION,C,12000,13.23,0,0.18,Y,9,2024-09-07
33,21600,RENT,2.0,DEBTCONSOLIDATION,C,6500,11.013786929274843,0,0.3,Y,5,2024-11-27
27,49200,MORTGAGE,4.0,HOMEIMPROVEMENT,A,2500,5.42,0,0.05,N,10,2024-02-23
29,80400,MORTGAGE,13.0,MEDICAL,A,8000,7.14,0,0.1,N,7,2024-03-08
30,101500,RENT,2.0,HOMEIMPROVEMENT,B,18000,12.18,0,0.18,N,10,2024-12-18
27,51996,OWN,8.0,EDUCATION,D,9600,14.09,0,0.18,N,10,2024-04-06
32,49000,RENT,16.0,VENTURE,B,6300,9.91,0,0.13,N,6,2024-01-09
28,64000,MORTGAGE,3.0,MEDICAL,C,5000,13.23,0,0.08,N,6,2024-03-27
29,63000,RENT,5.0,PERSONAL,D,10000,15.33,0,0.16,Y,7,2024-02-18
31,64000,RENT,9.0,PERSONAL,C,8000,14.22,0,0.13,Y,5,2024-09-14
27,84000,RENT,8.0,VENTURE,C,7200,11.013786929274843,0,0.09,N,10,2024-05-21
35,30720,MORTGAGE,4.0,HOMEIMPROVEMENT,A,6000,7.49,0,0.2,N,6,2024-12-05
27,45000,OWN,9.0,PERSONAL,A,12000,6.03,0,0.27,N,5,2024-12-14
35,94000,MORTGAGE,9.0,DEBTCONSOLIDATION,B,15000,9.88,0,0.16,N,9,2024-04-12
30,110000,MORTGAGE,12.0,HOMEIMPROVEMENT,B,5000,11.013786929274843,0,0.05,N,7,2024-11-14
29,30000,MORTGAGE,3.0,MEDICAL,B,4000,11.013786929274843,0,0.13,N,7,2024-10-22
28,140000,RENT,3.0,EDUCATION,B,12000,9.91,0,0.09,N,10,2024-10-14
31,275000,MORTGAGE,9.0,VENTURE,C,25000,13.85,0,0.09,N,7,2024-11-04
34,28000,OWN,1.0,HOMEIMPROVEMENT,B,3000,9.99,0,0.11,N,5,2024-05-11
28,25200,RENT,5.0,PERSONAL,D,11500,14.46,1,0.46,N,10,2024-09-23
32,59363,RENT,2.0,MEDICAL,C,6000,13.22,0,0.1,Y,6,2024-11-10
29,32000,RENT,5.0,PERSONAL,D,9000,16.77,0,0.28,N,8,2024-08-03
27,49600,RENT,2.0,VENTURE,D,8400,11.013786929274843,1,0.17,Y,5,2024-01-19
27,92300,MORTGAGE,6.0,HOMEIMPROVEMENT,E,17500,17.93,0,0.19,N,5,2024-08-02
35,160000,OWN,10.0,VENTURE,B,24000,11.83,0,0.15,N,9,2024-09-21
27,98000,MORTGAGE,11.0,VENTURE,B,17000,8.88,0,0.17,N,9,2024-12-06
30,32004,OWN,4.0,VENTURE,A,5500,8.0,0,0.17,N,8,2024-12-17
30,40000,RENT,5.0,MEDICAL,A,3000,7.14,0,0.07,N,5,2024-03-10
32,85000,MORTGAGE,1.0,EDUCATION,C,7500,10.78,0,0.09,Y,10,2024-06-02
29,75000,RENT,6.0,HOMEIMPROVEMENT,B,6500,10.74,0,0.09,N,5,2024-06-11
29,55000,MORTGAGE,5.0,DEBTCONSOLIDATION,A,12000,7.49,0,0.22,N,8,2024-12-19
28,71400,RENT,5.0,MEDICAL,B,5000,11.12,1,0.06,N,8,2024-06-30
35,82863,RENT,14.0,EDUCATION,A,11000,11.013786929274843,0,0.13,N,9,2024-04-07
29,61000,RENT,2.0,VENTURE,D,15000,14.96,1,0.25,N,10,2024-04-03
27,190000,RENT,5.0,VENTURE,A,22000,6.91,0,0.12,N,8,2024-11-09
27,102000,MORTGAGE,1.0,VENTURE,C,15000,12.84,0,0.15,N,8,2024-01-20
34,84000,RENT,3.0,EDUCATION,A,9000,5.79,0,0.11,N,10,2024-10-22
28,82500,MORTGAGE,12.0,DEBTCONSOLIDATION,A,11000,7.49,0,0.13,N,7,2024-11-11
29,18000,RENT,2.0,VENTURE,B,3000,12.69,1,0.17,N,5,2024-09-23
30,130500,MORTGAGE,1.0,DEBTCONSOLIDATION,D,25000,15.33,1,0.19,N,6,2024-09-25
30,105000,RENT,4.0,HOMEIMPROVEMENT,D,24250,15.65,0,0.23,N,7,2024-03-26
28,55000,RENT,3.0,VENTURE,C,5000,12.53,0,0.09,Y,5,2024-11-02
29,19200,RENT,4.0,DEBTCONSOLIDATION,B,4000,10.37,1,0.21,N,6,2024-11-24
28,65007,MORTGAGE,4.0,DEBTCONSOLIDATION,F,25000,18.62,1,0.38,Y,9,2024-02-01
35,21600,RENT,1.0,PERSONAL,C,2500,14.35,0,0.12,Y,5,2024-12-10
32,65000,MORTGAGE,6.0,PERSONAL,B,5600,11.58,0,0.09,N,5,2024-11-14
35,101400,MORTGAGE,11.0,PERSONAL,A,4500,9.32,0,0.04,N,8,2024-01-03
31,55000,MORTGAGE,9.0,HOMEIMPROVEMENT,A,8000,7.49,0,0.15,N,9,2024-06-24
31,10800,RENT,4.0,MEDICAL,C,2000,14.72,1,0.19,Y,6,2024-09-03
27,48000,RENT,4.0,VENTURE,A,2800,7.49,0,0.06,N,10,2024-08-20
27,44630,OWN,10.0,VENTURE,B,10825,10.99,0,0.24,N,6,2024-11-16
30,71000,RENT,8.0,VENTURE,B,8000,11.12,0,0.11,N,8,2024-09-30
27,106000,MORTGAGE,11.0,EDUCATION,B,4000,11.71,0,0.04,N,8,2024-01-31
34,130000,MORTGAGE,5.0,PERSONAL,E,5000,17.56,0,0.04,Y,8,2024-05-22
31,72500,MORTGAGE,12.0,VENTURE,B,8875,11.99,0,0.12,N,8,2024-12-19
30,125000,MORTGAGE,14.0,VENTURE,A,5750,7.43,0,0.05,N,10,2024-04-12
35,165000,MORTGAGE,3.0,VENTURE,B,8000,11.49,0,0.05,N,8,2024-12-27
33,125004,RENT,3.0,EDUCATION,E,12000,15.68,0,0.1,N,8,2024-04-15
27,103000,MORTGAGE,8.0,PERSONAL,A,8800,7.29,0,0.09,N,8,2024-07-09
28,43500,MORTGAGE,12.0,PERSONAL,B,4000,12.69,0,0.09,N,5,2024-06-22
27,30000,RENT,5.0,PERSONAL,B,4975,10.37,0,0.17,N,9,2024-06-06
31,66000,RENT,9.0,EDUCATION,B,2550,11.36,0,0.04,N,9,2024-07-13
28,225000,MORTGAGE,11.0,EDUCATION,E,9000,16.95,1,0.04,Y,8,2024-07-09
33,54000,MORTGAGE,7.0,MEDICAL,C,32000,15.23,1,0.59,Y,7,2024-08-10
33,42996,RENT,2.0,VENTURE,A,8200,7.88,0,0.19,N,9,2024-11-25
32,50000,MORTGAGE,5.0,MEDICAL,A,9600,6.76,0,0.19,N,10,2024-06-02
29,55000,MORTGAGE,11.0,PERSONAL,B,4000,10.99,0,0.07,N,8,2024-11-02
31,43000,RENT,15.0,MEDICAL,B,13350,12.42,1,0.31,N,9,2024-01-11
28,11029,MORTGAGE,12.0,DEBTCONSOLIDATION,C,2150,10.78,1,0.19,Y,6,2024-06-15
27,100000,RENT,11.0,VENTURE,B,5000,12.42,0,0.05,N,8,2024-07-12
32,40000,RENT,2.0,PERSONAL,B,4000,9.99,0,0.1,N,8,2024-10-02
32,98056,MORTGAGE,10.0,VENTURE,B,6000,8.88,0,0.06,N,9,2024-09-17
29,54000,MORTGAGE,8.0,MEDICAL,A,7500,7.49,1,0.14,N,7,2024-08-26
31,140000,MORTGAGE,15.0,VENTURE,A,12000,7.88,0,0.09,N,7,2024-03-19
33,42000,RENT,3.0,MEDICAL,C,12000,13.57,0,0.29,Y,6,2024-07-03
28,80004,MORTGAGE,5.0,MEDICAL,A,12000,6.91,0,0.15,N,6,2024-05-22
28,44500,MORTGAGE,5.0,DEBTCONSOLIDATION,B,20000,9.45,0,0.45,N,8,2024-12-23
31,116400,RENT,3.0,PERSONAL,B,8900,10.0,0,0.08,N,5,2024-07-29
29,40000,MORTGAGE,13.0,HOMEIMPROVEMENT,B,25000,11.86,0,0.63,N,6,2024-05-01
29,59000,RENT,3.0,EDUCATION,A,6000,7.88,0,0.1,N,8,2024-09-12
29,71000,MORTGAGE,4.0,VENTURE,A,4000,7.14,0,0.06,N,5,2024-03-07
29,75000,OWN,3.0,HOMEIMPROVEMENT,A,12000,7.51,0,0.16,N,8,2024-10-04
27,104000,RENT,8.0,HOMEIMPROVEMENT,A,12800,7.29,0,0.12,N,5,2024-08-31
28,20000,RENT,5.0,EDUCATION,B,4000,10.99,0,0.2,N,10,2024-06-10
35,48000,MORTGAGE,8.0,MEDICAL,C,2000,11.97,0,0.04,N,10,2024-10-07
29,32000,RENT,6.0,MEDICAL,C,10800,13.57,1,0.34,N,5,2024-12-11
34,54000,MORTGAGE,5.0,VENTURE,A,10000,7.29,0,0.19,N,7,2024-01-12
27,95000,MORTGAGE,11.0,VENTURE,C,18000,13.48,0,0.19,N,5,2024-09-07
29,70000,MORTGAGE,13.0,MEDICAL,A,10000,6.99,0,0.14,N,10,2024-09-21
27,40000,OWN,11.0,PERSONAL,A,6400,9.32,0,0.16,N,9,2024-10-07
33,57500,RENT,2.0,MEDICAL,B,2000,11.013786929274843,0,0.03,N,5,2024-05-11
31,37000,MORTGAGE,12.0,VENTURE,C,22000,12.73,0,0.59,Y,6,2024-12-31
33,55000,MORTGAGE,7.0,VENTURE,B,3500,10.65,0,0.06,N,10,2024-01-23
33,40000,RENT,15.0,EDUCATION,B,15000,9.88,1,0.38,N,9,2024-12-22
31,36000,RENT,4.0,MEDICAL,D,10000,14.42,0,0.28,Y,9,2024-03-01
31,72000,MORTGAGE,6.0,MEDICAL,A,9800,6.62,0,0.14,N,7,2024-12-24
35,26000,RENT,3.0,PERSONAL,A,8000,7.9,1,0.31,N,6,2024-07-07
27,75000,MORTGAGE,4.0,VENTURE,B,6625,11.013786929274843,0,0.09,N,9,2024-04-10
31,65200,MORTGAGE,7.0,DEBTCONSOLIDATION,A,7000,8.0,0,0.11,N,7,2024-03-09
34,47300,MORTGAGE,3.0,HOMEIMPROVEMENT,A,12000,7.88,0,0.25,N,10,2024-03-17
28,86000,MORTGAGE,12.0,VENTURE,A,15600,5.99,0,0.18,N,7,2024-05-11
28,51000,OWN,2.0,MEDICAL,E,20400,17.74,1,0.4,Y,6,2024-06-22
29,56700,MORTGAGE,9.0,EDUCATION,C,10000,11.013786929274843,0,0.18,Y,5,2024-04-24
32,44500,OWN,3.0,HOMEIMPROVEMENT,A,15000,7.51,0,0.34,N,5,2024-06-05
33,62000,MORTGAGE,3.0,HOMEIMPROVEMENT,A,3700,6.39,0,0.06,N,6,2024-02-29
29,66000,MORTGAGE,10.0,DEBTCONSOLIDATION,B,7000,9.91,0,0.11,N,6,2024-05-14
32,114000,RENT,17.0,MEDICAL,B,6000,10.37,0,0.05,N,9,2024-01-30
30,81120,OWN,3.0,PERSONAL,B,18000,10.75,0,0.22,N,5,2024-11-21
30,66000,MORTGAGE,14.0,DEBTCONSOLIDATION,C,11200,13.49,1,0.17,N,6,2024-12-05
29,92000,RENT,2.0,PERSONAL,C,20000,13.72,0,0.22,Y,8,2024-03-01
33,72000,MORTGAGE,6.0,VENTURE,A,4250,5.42,0,0.06,N,5,2024-06-10
28,160000,OWN,12.0,VENTURE,B,23000,11.83,0,0.14,N,5,2024-02-26
35,76000,RENT,2.0,PERSONAL,C,1000,13.49,0,0.01,N,8,2024-07-04
27,85000,MORTGAGE,12.0,MEDICAL,A,3800,6.03,0,0.04,N,8,2024-03-07
31,100000,RENT,6.0,VENTURE,B,20000,12.42,0,0.2,N,9,2024-01-28
30,70000,MORTGAGE,9.0,PERSONAL,A,7000,8.9,0,0.1,N,8,2024-04-14
31,78996,RENT,5.0,HOMEIMPROVEMENT,A,6000,7.51,1,0.08,N,8,2024-10-29
32,46000,RENT,4.0,MEDICAL,A,9000,7.51,0,0.2,N,5,2024-02-18
29,64000,RENT,3.0,DEBTCONSOLIDATION,C,15000,15.27,1,0.23,N,10,2024-07-28
27,157544,MORTGAGE,8.0,DEBTCONSOLIDATION,C,35000,12.99,0,0.22,Y,10,2024-05-01
27,34000,OWN,1.0,EDUCATION,B,16750,10.59,0,0.49,N,6,2024-05-16
29,71000,RENT,1.0,HOMEIMPROVEMENT,C,12000,13.16,0,0.17,Y,5,2024-03-14
30,36000,MORTGAGE,7.0,DEBTCONSOLIDATION,B,15000,11.83,0,0.42,N,10,2024-12-06
27,84906,MORTGAGE,11.0,DEBTCONSOLIDATION,A,4500,7.51,0,0.05,N,10,2024-03-29
28,50000,RENT,7.0,VENTURE,F,14000,19.04,0,0.28,Y,5,2024-09-04
30,150000,RENT,2.0,VENTURE,B,21000,12.62,0,0.14,N,9,2024-10-06
34,55000,MORTGAGE,6.0,PERSONAL,C,2500,13.49,0,0.05,N,5,2024-02-29
28,110000,MORTGAGE,3.0,VENTURE,A,11000,5.79,0,0.1,N,5,2024-11-07
30,31000,MORTGAGE,3.0,VENTURE,D,12000,14.42,1,0.39,N,9,2024-04-12
30,114132,MORTGAGE,1.0,DEBTCONSOLIDATION,D,14400,14.54,1,0.13,N,10,2024-01-09
32,56000,MORTGAGE,5.0,VENTURE,A,10000,7.14,0,0.18,N,6,2024-03-02
32,90000,RENT,11.0,HOMEIMPROVEMENT,C,20000,13.22,0,0.22,Y,10,2024-04-18
27,38500,RENT,1.0,DEBTCONSOLIDATION,B,3000,11.48,0,0.08,N,8,2024-06-25
27,60000,RENT,8.0,MEDICAL,A,7000,6.99,0,0.12,N,8,2024-12-21
33,68736,RENT,8.0,HOMEIMPROVEMENT,D,1200,16.29,0,0.02,N,9,2024-05-13
31,68000,MORTGAGE,15.0,MEDICAL,A,13600,7.88,0,0.2,N,5,2024-09-06
27,100970,MORTGAGE,5.0,VENTURE,B,20000,11.99,0,0.2,N,9,2024-05-20
28,103992,MORTGAGE,3.0,HOMEIMPROVEMENT,B,18000,10.99,0,0.17,N,10,2024-08-18
29,120000,MORTGAGE,2.0,DEBTCONSOLIDATION,A,35000,8.9,0,0.29,N,6,2024-05-15
28,41000,RENT,11.0,VENTURE,E,4000,18.64,1,0.1,Y,5,2024-06-12
28,73992,RENT,2.0,HOMEIMPROVEMENT,B,20000,9.96,0,0.27,N,9,2024-08-17
27,20400,RENT,3.0,VENTURE,A,5500,6.91,0,0.27,N,8,2024-04-10
29,35000,OWN,11.0,MEDICAL,C,4200,12.99,0,0.12,N,8,2024-11-09
31,73000,MORTGAGE,3.0,DEBTCONSOLIDATION,B,15000,11.013786929274843,0,0.21,N,9,2024-01-07
27,15600,RENT,11.0,MEDICAL,B,2800,10.65,1,0.18,N,7,2024-06-20
32,27000,RENT,5.0,VENTURE,C,4500,13.11,0,0.17,Y,5,2024-07-18
29,70000,MORTGAGE,7.0,MEDICAL,B,4000,11.86,0,0.06,N,6,2024-06-28
33,35000,MORTGAGE,3.0,EDUCATION,B,10000,10.99,0,0.29,N,9,2024-08-20
27,170000,RENT,3.0,HOMEIMPROVEMENT,B,12075,12.42,0,0.07,N,10,2024-09-07
30,34000,RENT,1.0,HOMEIMPROVEMENT,C,7500,11.013786929274843,1,0.22,Y,8,2024-05-13
30,51000,RENT,14.0,PERSONAL,B,4800,12.69,0,0.09,N,10,2024-11-24
34,263004,MORTGAGE,2.0,DEBTCONSOLIDATION,D,25000,16.32,1,0.1,Y,9,2024-07-30
31,17676,OWN,1.0,VENTURE,D,2500,14.74,0,0.14,Y,7,2024-11-30
28,209000,OWN,4.0,HOMEIMPROVEMENT,D,15000,14.84,0,0.07,N,8,2024-06-06
35,102000,RENT,3.0,DEBTCONSOLIDATION,C,20000,13.85,0,0.2,N,5,2024-12-31
33,80000,MORTGAGE,9.0,VENTURE,B,6000,11.11,0,0.07,N,8,2024-05-03
27,80000,RENT,3.0,EDUCATION,A,20000,7.49,0,0.25,N,9,2024-07-23
34,68000,MORTGAGE,1.0,EDUCATION,C,15000,11.78,0,0.22,Y,7,2024-05-03
33,44400,MORTGAGE,3.0,VENTURE,C,2000,14.22,1,0.05,Y,9,2024-09-12
32,20000,RENT,3.0,VENTURE,B,4750,10.37,0,0.24,N,7,2024-03-30
30,102540,MORTGAGE,6.0,MEDICAL,A,1500,7.9,0,0.01,N,10,2024-03-26
27,42000,RENT,1.0,PERSONAL,B,3000,11.83,0,0.07,N,9,2024-11-08
29,175000,MORTGAGE,2.0,MEDICAL,A,10000,11.013786929274843,0,0.06,N,7,2024-01-01
30,53000,RENT,4.0,DEBTCONSOLIDATION,A,12000,6.03,0,0.23,N,5,2024-02-19
35,762000,OWN,8.0,MEDICAL,A,10000,8.94,0,0.01,N,8,2024-07-19
28,112000,RENT,1.0,MEDICAL,B,6000,12.69,0,0.05,N,8,2024-07-30
27,91800,MORTGAGE,5.0,MEDICAL,D,25000,15.95,1,0.23,N,9,2024-03-11
29,60000,MORTGAGE,13.0,DEBTCONSOLIDATION,G,25000,20.16,1,0.42,Y,9,2024-01-27
28,108000,RENT,2.0,DEBTCONSOLIDATION,D,20000,15.31,1,0.19,Y,8,2024-05-08
30,130000,MORTGAGE,14.0,VENTURE,B,7000,9.91,0,0.05,N,9,2024-07-02
28,30000,MORTGAGE,4.0,HOMEIMPROVEMENT,A,3000,6.76,0,0.1,N,9,2024-04-02
33,50800,RENT,16.0,VENTURE,E,10000,16.4,0,0.2,Y,10,2024-09-15
32,25000,RENT,1.0,MEDICAL,A,10000,8.49,1,0.4,N,10,2024-12-09
27,30996,RENT,4.0,DEBTCONSOLIDATION,D,5775,14.91,1,0.19,N,10,2024-07-16
32,19000,RENT,1.0,VENTURE,A,8325,6.62,1,0.44,N,10,2024-09-02
29,50000,OWN,8.0,VENTURE,B,9725,12.12,0,0.19,N,7,2024-06-19
27,75400,MORTGAGE,3.0,PERSONAL,A,6000,7.74,0,0.08,N,7,2024-09-20
31,56400,RENT,1.0,VENTURE,B,7500,11.48,0,0.13,N,6,2024-11-11
34,92500,RENT,4.0,DEBTCONSOLIDATION,A,13050,7.66,0,0.14,N,6,2024-02-20
27,124100,RENT,3.0,MEDICAL,C,10175,12.99,1,0.07,N,6,2024-10-25
34,48000,MORTGAGE,7.0,EDUCATION,B,8400,11.71,0,0.17,N,10,2024-10-16
28,108000,MORTGAGE,6.0,PERSONAL,B,27400,10.99,0,0.25,N,8,2024-02-26
27,91800,MORTGAGE,11.0,MEDICAL,E,20000,11.013786929274843,1,0.19,Y,9,2024-01-05
32,45000,MORTGAGE,7.0,EDUCATION,A,4000,7.49,0,0.09,N,5,2024-11-19
30,45000,RENT,11.0,MEDICAL,C,5000,12.73,1,0.11,Y,8,2024-05-28
34,35000,RENT,2.0,VENTURE,B,15000,10.99,1,0.43,N,5,2024-08-12
30,40000,RENT,1.0,DEBTCONSOLIDATION,A,5500,7.74,0,0.14,N,10,2024-09-15
28,70000,RENT,1.0,EDUCATION,A,7800,7.9,0,0.11,N,8,2024-09-29
30,37600,RENT,2.0,EDUCATION,C,15000,13.06,1,0.4,Y,10,2024-03-05
28,48000,RENT,5.0,DEBTCONSOLIDATION,B,15000,11.99,1,0.31,N,10,2024-02-16
28,46097,MORTGAGE,12.0,DEBTCONSOLIDATION,B,6000,10.75,0,0.13,N,8,2024-01-27
28,44500,MORTGAGE,2.0,DEBTCONSOLIDATION,A,10000,8.59,0,0.22,N,10,2024-07-23
28,112200,RENT,11.0,DEBTCONSOLIDATION,C,7000,11.66,0,0.06,Y,7,2024-09-19
29,32000,RENT,1.0,PERSONAL,D,6525,16.07,1,0.2,Y,9,2024-10-31
28,50000,RENT,4.0,PERSONAL,B,7200,11.013786929274843,0,0.14,N,9,2024-02-24
28,82000,RENT,12.0,VENTURE,G,16750,20.11,1,0.2,N,6,2024-05-24
28,59160,MORTGAGE,2.0,PERSONAL,B,23500,11.013786929274843,0,0.4,N,6,2024-11-29
34,64000,MORTGAGE,2.0,MEDICAL,A,8000,6.91,0,0.13,N,5,2024-07-17
30,83000,MORTGAGE,4.0,DEBTCONSOLIDATION,B,20000,11.11,0,0.24,N,9,2024-12-04
28,61000,MORTGAGE,12.0,PERSONAL,B,12000,9.99,0,0.2,N,6,2024-08-16
32,105000,RENT,15.0,EDUCATION,B,3000,11.013786929274843,0,0.03,N,7,2024-11-19
35,100000,MORTGAGE,14.0,PERSONAL,A,10000,6.62,0,0.1,N,8,2024-11-10
32,176000,MORTGAGE,15.0,PERSONAL,D,2400,14.42,0,0.01,Y,10,2024-08-21
28,55000,MORTGAGE,4.0,VENTURE,A,20000,6.62,0,0.36,N,6,2024-12-05
27,53000,MORTGAGE,6.0,PERSONAL,A,5000,11.013786929274843,0,0.09,N,5,2024-09-21
27,65000,MORTGAGE,11.0,PERSONAL,A,18000,7.51,0,0.28,N,5,2024-08-18
32,36000,MORTGAGE,7.0,PERSONAL,A,2600,7.49,0,0.07,N,10,2024-05-29
29,127000,MORTGAGE,1.0,MEDICAL,B,24250,11.36,0,0.19,N,10,2024-03-21
29,60000,RENT,2.0,HOMEIMPROVEMENT,A,14000,7.51,0,0.23,N,5,2024-11-13
34,24000,OWN,4.0,VENTURE,C,2400,13.98,0,0.1,Y,6,2024-01-24
32,71000,MORTGAGE,10.0,MEDICAL,A,14000,6.99,0,0.2,N,5,2024-08-11
30,219300,MORTGAGE,7.0,MEDICAL,E,35000,19.69,1,0.14,N,9,2024-12-23
29,74360,OWN,7.0,EDUCATION,A,8725,5.99,0,0.12,N,5,2024-07-04
28,40000,RENT,2.0,MEDICAL,B,14000,11.89,1,0.35,N,8,2024-06-26
33,50000,MORTGAGE,7.0,HOMEIMPROVEMENT,B,10000,9.99,0,0.2,N,7,2024-11-19
30,96000,MORTGAGE,14.0,HOMEIMPROVEMENT,A,6000,5.42,0,0.06,N,6,2024-08-19
33,87000,MORTGAGE,17.0,VENTURE,E,9000,17.93,0,0.1,Y,7,2024-06-11
34,70000,MORTGAGE,13.0,DEBTCONSOLIDATION,A,20000,6.54,0,0.29,N,6,2024-12-27
28,50000,RENT,4.0,PERSONAL,A,15000,7.49,0,0.3,N,8,2024-05-12
29,62400,RENT,3.0,HOMEIMPROVEMENT,A,8000,6.62,0,0.13,N,9,2024-05-22
31,83000,MORTGAGE,11.0,MEDICAL,A,7500,11.013786929274843,0,0.09,N,10,2024-09-27
28,59004,MORTGAGE,1.0,DEBTCONSOLIDATION,A,8000,7.37,1,0.14,N,10,2024-03-19
30,60000,OWN,7.0,DEBTCONSOLIDATION,D,6000,14.84,0,0.1,Y,5,2024-11-14
28,42000,RENT,5.0,PERSONAL,B,4800,12.42,0,0.11,N,9,2024-03-03
30,40000,RENT,9.0,MEDICAL,D,9000,16.77,0,0.23,Y,9,2024-08-29
32,47900,RENT,2.0,EDUCATION,A,11000,7.51,0,0.23,N,7,2024-07-07
27,60000,MORTGAGE,2.0,DEBTCONSOLIDATION,B,15000,11.86,0,0.25,N,8,2024-11-06
31,40000,MORTGAGE,5.0,PERSONAL,A,14000,6.03,0,0.35,N,10,2024-07-02
35,45000,MORTGAGE,16.0,EDUCATION,C,6500,13.98,0,0.14,Y,10,2024-05-19
30,85000,RENT,5.0,PERSONAL,A,4200,5.99,0,0.05,N,10,2024-03-01
28,55000,MORTGAGE,7.0,PERSONAL,A,8000,11.013786929274843,0,0.15,N,9,2024-09-01
27,32000,RENT,1.0,PERSONAL,A,5800,7.49,0,0.18,N,7,2024-08-01
34,41600,MORTGAGE,16.0,DEBTCONSOLIDATION,A,17500,6.17,0,0.42,N,8,2024-01-21
29,95000,MORTGAGE,4.0,HOMEIMPROVEMENT,C,2400,13.72,0,0.03,N,8,2024-06-17
27,80000,MORTGAGE,5.0,VENTURE,C,35000,11.013786929274843,0,0.44,N,8,2024-10-21
29,36000,RENT,1.0,VENTURE,B,12000,12.21,1,0.33,N,10,2024-11-26
28,39000,RENT,3.0,PERSONAL,B,5000,10.25,0,0.13,N,7,2024-09-21
35,20000,RENT,1.0,MEDICAL,B,5500,12.69,0,0.28,N,9,2024-10-27
33,35000,MORTGAGE,2.0,EDUCATION,A,6000,5.42,0,0.17,N,10,2024-05-24
30,105000,OWN,14.0,HOMEIMPROVEMENT,B,15400,11.36,0,0.15,N,8,2024-01-05
30,49000,OWN,7.0,HOMEIMPROVEMENT,B,8500,12.18,0,0.17,N,10,2024-10-08
27,60000,RENT,11.0,PERSONAL,B,25000,11.013786929274843,1,0.42,N,9,2024-09-24
33,62000,RENT,4.0,EDUCATION,B,8000,11.48,0,0.13,N,5,2024-10-30
33,30000,RENT,2.0,MEDICAL,E,6000,19.42,1,0.2,Y,9,2024-03-16
29,32000,MORTGAGE,13.0,PERSONAL,A,8000,5.99,0,0.25,N,6,2024-07-01
27,90000,RENT,11.0,PERSONAL,B,16000,8.88,0,0.18,N,9,2024-12-29
29,200000,RENT,14.0,PERSONAL,B,16000,12.69,0,0.08,N,7,2024-03-10
32,95200,MORTGAGE,15.0,EDUCATION,A,15000,5.99,0,0.16,N,7,2024-07-11
31,101000,RENT,3.0,DEBTCONSOLIDATION,A,20000,7.9,0,0.2,N,5,2024-12-19
31,80000,RENT,6.0,VENTURE,A,10000,11.013786929274843,0,0.13,N,9,2024-05-04
27,19498,RENT,3.0,HOMEIMPROVEMENT,A,9575,6.62,1,0.49,N,5,2024-01-26
32,31000,RENT,2.0,EDUCATION,D,7400,16.77,1,0.24,N,6,2024-11-12
28,68000,MORTGAGE,7.0,HOMEIMPROVEMENT,B,2500,11.71,0,0.04,N,8,2024-01-12
29,37500,RENT,7.0,PERSONAL,B,3300,10.37,0,0.09,N,5,2024-06-18
29,52000,RENT,9.0,VENTURE,A,10000,8.0,0,0.19,N,6,2024-10-20
27,90000,MORTGAGE,4.0,DEBTCONSOLIDATION,A,15000,11.013786929274843,0,0.17,N,6,2024-04-05
32,84996,MORTGAGE,4.0,PERSONAL,A,9000,9.32,0,0.11,N,10,2024-05-24
34,90000,MORTGAGE,5.0,HOMEIMPROVEMENT,B,24250,10.62,0,0.27,N,6,2024-09-29
32,32004,RENT,1.0,DEBTCONSOLIDATION,D,3400,11.013786929274843,1,0.11,N,7,2024-11-06
33,36500,MORTGAGE,1.0,VENTURE,B,10000,9.33,0,0.27,N,6,2024-12-02
32,48000,MORTGAGE,8.0,DEBTCONSOLIDATION,A,5200,5.42,0,0.11,N,5,2024-01-11
27,40000,RENT,11.0,MEDICAL,A,20000,6.91,1,0.5,N,5,2024-07-13
31,65000,RENT,8.0,EDUCATION,B,7500,10.95,0,0.12,N,6,2024-08-02
30,84000,MORTGAGE,13.0,PERSONAL,B,12000,11.11,0,0.14,N,7,2024-09-27
27,53004,MORTGAGE,10.0,DEBTCONSOLIDATION,B,5600,11.86,0,0.11,N,6,2024-12-21
27,66300,MORTGAGE,11.0,MEDICAL,D,21000,15.62,1,0.27,Y,10,2024-07-11
28,64049,MORTGAGE,7.0,PERSONAL,B,20000,12.69,0,0.31,N,8,2024-12-01
27,35000,RENT,5.0,VENTURE,C,10000,13.48,0,0.29,Y,8,2024-03-15
27,235000,MORTGAGE,5.0,PERSONAL,C,28000,15.96,0,0.12,N,9,2024-05-23
28,33600,MORTGAGE,12.0,MEDICAL,A,3000,5.42,0,0.09,N,5,2024-08-16
28,145000,MORTGAGE,9.0,MEDICAL,B,25000,11.013786929274843,0,0.17,N,7,2024-07-17
28,50400,RENT,8.0,EDUCATION,D,18500,16.02,1,0.37,N,5,2024-09-13
27,40000,RENT,1.0,MEDICAL,C,7200,13.22,0,0.18,N,6,2024-08-02
31,75000,RENT,1.0,PERSONAL,C,10000,13.47,0,0.13,N,5,2024-02-27
30,42564,RENT,3.0,MEDICAL,B,15000,10.75,1,0.35,N,6,2024-07-27
27,40000,MORTGAGE,4.0,HOMEIMPROVEMENT,C,8000,14.72,0,0.2,N,7,2024-10-19
27,80000,MORTGAGE,1.0,EDUCATION,B,20000,11.36,0,0.25,N,8,2024-09-21
27,45150,RENT,1.0,VENTURE,C,18000,13.16,1,0.4,N,7,2024-06-09
27,35000,RENT,1.0,VENTURE,B,8000,12.21,0,0.23,N,8,2024-03-15
27,112548,MORTGAGE,11.0,VENTURE,A,24000,11.013786929274843,0,0.21,N,5,2024-12-01
29,144000,MORTGAGE,13.0,VENTURE,A,16000,6.62,0,0.11,N,6,2024-12-17
27,63000,OWN,2.0,EDUCATION,A,9500,8.07,0,0.15,N,8,2024-12-26
29,50004,MORTGAGE,1.0,MEDICAL,C,1500,13.11,0,0.03,N,8,2024-04-06
28,50500,RENT,3.0,HOMEIMPROVEMENT,C,5200,12.53,0,0.1,N,8,2024-10-27
33,21600,RENT,3.0,PERSONAL,B,10000,12.53,1,0.46,N,7,2024-10-26
27,120000,MORTGAGE,2.0,EDUCATION,A,7000,7.14,0,0.06,N,7,2024-08-27
28,110000,MORTGAGE,12.0,MEDICAL,B,15000,10.0,0,0.14,N,6,2024-10-10
27,100000,MORTGAGE,1.0,HOMEIMPROVEMENT,A,12000,6.03,0,0.12,N,7,2024-10-22
32,56784,OWN,3.0,MEDICAL,D,12000,14.96,0,0.21,Y,5,2024-02-05
27,48000,RENT,2.0,HOMEIMPROVEMENT,A,4000,6.03,1,0.08,N,6,2024-11-11
34,97356,RENT,12.0,HOMEIMPROVEMENT,C,20000,13.22,0,0.21,Y,7,2024-05-26
33,53000,RENT,1.0,MEDICAL,C,12000,12.84,0,0.23,Y,5,2024-09-18
35,64000,MORTGAGE,11.0,MEDICAL,A,14500,7.66,0,0.23,N,8,2024-12-05
31,89000,RENT,1.0,MEDICAL,B,10000,10.99,0,0.11,N,5,2024-12-02
31,106000,MORTGAGE,15.0,DEBTCONSOLIDATION,B,2400,9.63,0,0.02,N,5,2024-12-27
27,120000,MORTGAGE,3.0,PERSONAL,B,14000,11.99,0,0.12,N,7,2024-02-04
29,60000,MORTGAGE,13.0,MEDICAL,A,13500,7.51,0,0.23,N,5,2024-06-21
28,110000,MORTGAGE,1.0,MEDICAL,A,12000,8.94,0,0.11,N,7,2024-08-17
28,85000,RENT,8.0,EDUCATION,B,8000,11.71,0,0.09,N,6,2024-09-06
30,265000,MORTGAGE,3.0,HOMEIMPROVEMENT,D,24000,14.96,0,0.09,Y,7,2024-12-21
34,126000,MORTGAGE,2.0,HOMEIMPROVEMENT,B,9600,11.49,0,0.08,N,10,2024-09-19
33,86000,MORTGAGE,5.0,PERSONAL,D,15000,16.49,0,0.17,N,9,2024-10-08
31,49000,RENT,6.0,PERSONAL,A,5600,6.03,0,0.11,N,6,2024-09-16
28,136092,MORTGAGE,2.0,VENTURE,C,8000,13.61,0,0.06,N,5,2024-11-02
28,66725,RENT,3.0,MEDICAL,D,9000,16.29,1,0.11,N,8,2024-06-15
28,33400,MORTGAGE,12.0,PERSONAL,A,16700,7.66,0,0.5,N,5,2024-08-25
30,70000,RENT,3.0,HOMEIMPROVEMENT,C,7200,11.013786929274843,0,0.1,Y,5,2024-10-15
33,100000,MORTGAGE,1.0,EDUCATION,B,25000,10.39,0,0.25,N,9,2024-07-31
32,32000,RENT,1.0,DEBTCONSOLIDATION,E,2600,11.013786929274843,1,0.08,Y,9,2024-01-11
29,38004,RENT,2.0,EDUCATION,C,1500,12.53,1,0.04,N,8,2024-02-27
31,60000,MORTGAGE,9.0,MEDICAL,E,22000,16.63,1,0.37,N,6,2024-05-04
31,135000,MORTGAGE,12.0,EDUCATION,C,15000,13.85,0,0.11,Y,9,2024-02-06
35,37000,RENT,2.0,VENTURE,B,2000,11.26,0,0.05,N,8,2024-04-01
34,160000,MORTGAGE,14.0,HOMEIMPROVEMENT,C,25000,13.49,0,0.16,Y,5,2024-08-03
30,130000,MORTGAGE,14.0,DEBTCONSOLIDATION,B,4000,11.013786929274843,0,0.03,N,8,2024-07-10
31,238000,MORTGAGE,14.0,DEBTCONSOLIDATION,D,12000,14.09,1,0.05,Y,10,2024-06-02
28,42240,OWN,2.0,PERSONAL,B,12000,11.86,0,0.28,N,6,2024-08-28
28,90000,MORTGAGE,7.0,PERSONAL,A,12000,8.32,0,0.13,N,9,2024-05-19
29,74000,MORTGAGE,8.0,EDUCATION,B,25000,11.49,0,0.34,N,6,2024-07-07
29,120000,RENT,1.0,MEDICAL,C,17500,12.87,0,0.15,N,5,2024-01-21
28,30000,MORTGAGE,4.0,PERSONAL,C,7500,11.78,0,0.25,N,9,2024-12-21
30,57000,MORTGAGE,6.0,HOMEIMPROVEMENT,A,4000,8.0,0,0.07,N,8,2024-05-20
32,227500,RENT,3.0,HOMEIMPROVEMENT,C,25000,12.53,0,0.11,N,10,2024-04-28
32,78500,RENT,4.0,EDUCATION,B,15000,11.013786929274843,1,0.19,N,7,2024-11-03
34,77000,RENT,3.0,DEBTCONSOLIDATION,D,35000,18.25,1,0.45,Y,10,2024-05-15
34,84000,MORTGAGE,15.0,MEDICAL,B,9250,11.36,0,0.11,N,7,2024-08-13
28,66920,RENT,12.0,MEDICAL,C,5000,14.26,0,0.07,N,6,2024-04-13
31,60000,RENT,11.0,EDUCATION,B,15000,11.71,0,0.25,N,7,2024-08-17
29,50000,RENT,4.0,VENTURE,C,5050,12.73,0,0.1,Y,7,2024-04-10
29,27000,RENT,8.0,MEDICAL,A,5000,6.76,0,0.19,N,8,2024-09-23
31,78504,RENT,2.0,EDUCATION,C,10000,11.41,0,0.13,N,7,2024-07-09
27,24000,RENT,2.0,MEDICAL,A,1450,11.013786929274843,0,0.06,N,9,2024-01-01
33,32004,RENT,3.0,PERSONAL,A,4000,8.32,0,0.12,N,9,2024-03-03
27,20000,RENT,4.0,PERSONAL,C,3250,11.013786929274843,1,0.16,N,5,2024-06-04
27,120000,MORTGAGE,4.0,DEBTCONSOLIDATION,A,8400,7.14,0,0.07,N,6,2024-04-16
30,30000,MORTGAGE,3.0,DEBTCONSOLIDATION,A,5100,7.9,0,0.17,N,5,2024-11-07
28,45000,RENT,4.0,MEDICAL,C,9000,14.65,0,0.2,N,6,2024-04-30
27,67000,MORTGAGE,1.0,VENTURE,A,4200,11.013786929274843,0,0.06,N,7,2024-11-16
33,160000,MORTGAGE,3.0,DEBTCONSOLIDATION,B,22000,10.75,0,0.14,N,9,2024-10-24
29,76596,MORTGAGE,14.0,MEDICAL,C,17600,13.16,0,0.23,N,10,2024-10-20
30,50000,MORTGAGE,11.0,DEBTCONSOLIDATION,B,10000,11.013786929274843,0,0.2,N,8,2024-09-03
27,78000,OWN,4.0,MEDICAL,B,6000,12.18,0,0.08,N,5,2024-11-03
28,126000,MORTGAGE,2.0,HOMEIMPROVEMENT,B,12000,11.71,0,0.1,N,8,2024-05-10
27,45727,MORTGAGE,5.0,VENTURE,D,1000,16.29,0,0.02,N,5,2024-12-24
27,120000,RENT,2.0,EDUCATION,B,11050,12.69,0,0.09,N,6,2024-07-24
28,44000,MORTGAGE,12.0,EDUCATION,B,8000,10.59,0,0.18,N,6,2024-04-04
27,69790,RENT,6.0,EDUCATION,B,18000,10.25,0,0.26,N,6,2024-02-14
29,60000,MORTGAGE,7.0,MEDICAL,A,8500,6.92,0,0.14,N,7,2024-11-24
29,50000,MORTGAGE,4.0,PERSONAL,B,21850,12.42,0,0.44,N,9,2024-04-09
33,49548,RENT,6.0,PERSONAL,C,2800,12.84,0,0.06,N,8,2024-04-12
29,56500,RENT,3.0,EDUCATION,B,7000,11.013786929274843,1,0.12,N,9,2024-01-20
30,148000,RENT,8.0,VENTURE,D,10000,13.55,0,0.07,N,9,2024-08-25
28,60000,MORTGAGE,5.0,PERSONAL,B,6000,10.99,0,0.1,N,9,2024-12-16
29,85500,MORTGAGE,3.0,HOMEIMPROVEMENT,A,9500,11.013786929274843,0,0.11,N,9,2024-08-21
27,54000,MORTGAGE,1.0,HOMEIMPROVEMENT,B,27575,11.013786929274843,0,0.51,N,5,2024-08-10
28,59600,RENT,2.0,DEBTCONSOLIDATION,A,5000,5.79,0,0.08,N,10,2024-09-03
33,60000,RENT,3.0,DEBTCONSOLIDATION,A,9000,8.49,0,0.15,N,8,2024-02-24
27,31200,MORTGAGE,1.0,DEBTCONSOLIDATION,A,7500,7.74,0,0.24,N,5,2024-01-07
27,258000,RENT,11.0,EDUCATION,E,35000,18.64,1,0.14,N,10,2024-03-19
29,55000,RENT,3.0,DEBTCONSOLIDATION,B,1200,9.99,0,0.02,N,9,2024-08-01
32,53408,MORTGAGE,8.0,VENTURE,B,1400,10.99,0,0.03,N,10,2024-05-03
28,57360,MORTGAGE,3.0,PERSONAL,B,23000,11.013786929274843,0,0.4,N,8,2024-02-25
28,59000,MORTGAGE,12.0,VENTURE,A,5000,7.14,0,0.08,N,8,2024-01-16
30,33000,RENT,4.0,DEBTCONSOLIDATION,C,1000,14.79,0,0.03,Y,9,2024-08-30
35,27996,RENT,14.0,MEDICAL,B,8500,11.58,0,0.3,N,8,2024-07-12
31,73000,MORTGAGE,4.0,DEBTCONSOLIDATION,F,16000,19.41,1,0.22,N,7,2024-11-10
31,72000,RENT,6.0,PERSONAL,B,21000,11.99,1,0.29,N,6,2024-01-14
30,66888,MORTGAGE,6.0,HOMEIMPROVEMENT,C,15000,12.23,0,0.22,Y,9,2024-07-27
35,85000,MORTGAGE,2.0,VENTURE,B,8400,11.99,0,0.1,N,8,2024-04-08
27,146000,MORTGAGE,5.0,VENTURE,A,2500,8.49,0,0.02,N,9,2024-07-11
29,97000,RENT,4.0,VENTURE,B,25000,10.37,0,0.26,N,10,2024-03-25
29,63000,RENT,13.0,MEDICAL,A,10000,7.49,0,0.16,N,5,2024-02-23
28,50176,RENT,3.0,VENTURE,B,5000,10.59,0,0.1,N,7,2024-03-12
34,80300,MORTGAGE,3.0,HOMEIMPROVEMENT,C,15000,12.73,0,0.19,Y,10,2024-10-28
27,90000,OWN,1.0,VENTURE,A,7500,7.51,0,0.08,N,10,2024-02-04
27,75000,RENT,2.0,EDUCATION,A,14000,9.63,0,0.19,N,5,2024-04-30
28,206000,RENT,2.0,HOMEIMPROVEMENT,C,24000,11.013786929274843,0,0.12,N,10,2024-08-24
30,55000,MORTGAGE,1.0,HOMEIMPROVEMENT,B,6500,10.99,0,0.12,N,7,2024-02-17
30,120000,MORTGAGE,14.0,VENTURE,D,7500,15.65,0,0.06,N,8,2024-04-28
31,68000,MORTGAGE,2.0,DEBTCONSOLIDATION,B,18000,10.0,0,0.26,N,7,2024-11-20
29,50000,RENT,6.0,EDUCATION,A,3000,7.29,0,0.06,N,10,2024-09-19
28,78000,MORTGAGE,12.0,MEDICAL,B,13000,11.013786929274843,0,0.17,N,9,2024-07-31
29,33000,RENT,2.0,EDUCATION,C,1700,15.23,0,0.05,Y,5,2024-03-10
33,76248,MORTGAGE,17.0,EDUCATION,A,10400,7.66,0,0.14,N,5,2024-04-04
30,42000,RENT,4.0,MEDICAL,B,14750,11.013786929274843,1,0.35,N,8,2024-05-16
29,85000,MORTGAGE,2.0,PERSONAL,A,10000,7.88,0,0.12,N,5,2024-05-27
28,73200,RENT,2.0,VENTURE,A,12000,8.9,0,0.16,N,5,2024-02-02
30,60600,MORTGAGE,1.0,MEDICAL,A,3000,7.12,0,0.05,N,5,2024-07-21
27,90000,RENT,4.0,VENTURE,A,10000,7.49,0,0.11,N,9,2024-08-14
27,40000,RENT,8.0,PERSONAL,B,12000,10.37,0,0.3,N,9,2024-09-23
27,30000,RENT,3.0,DEBTCONSOLIDATION,A,13000,7.88,1,0.43,N,8,2024-04-25
32,348000,MORTGAGE,16.0,PERSONAL,B,25000,11.83,0,0.07,N,10,2024-02-06
29,81000,MORTGAGE,5.0,DEBTCONSOLIDATION,E,12000,11.013786929274843,1,0.15,N,6,2024-02-01
27,70000,RENT,11.0,VENTURE,B,10000,10.65,0,0.14,N,5,2024-12-18
32,75000,RENT,3.0,VENTURE,D,12800,14.74,0,0.17,Y,6,2024-10-18
34,36000,RENT,1.0,MEDICAL,C,4000,13.61,0,0.11,Y,7,2024-04-04
29,62532,RENT,6.0,PERSONAL,C,9000,13.49,0,0.14,N,9,2024-09-20
28,82300,RENT,3.0,VENTURE,A,3600,9.63,0,0.04,N,6,2024-03-03
27,80000,MORTGAGE,11.0,VENTURE,A,5000,8.0,0,0.06,N,10,2024-07-02
29,44991,MORTGAGE,13.0,MEDICAL,C,5000,14.72,0,0.11,Y,5,2024-06-05
28,92000,MORTGAGE,12.0,VENTURE,F,24500,18.3,0,0.27,N,7,2024-10-13
31,151000,MORTGAGE,1.0,HOMEIMPROVEMENT,C,21000,11.97,0,0.14,N,8,2024-12-05
30,144000,MORTGAGE,7.0,PERSONAL,A,6000,8.49,0,0.04,N,7,2024-01-03
29,73000,MORTGAGE,7.0,EDUCATION,A,12000,7.29,0,0.16,N,8,2024-10-27
32,70000,RENT,2.0,EDUCATION,A,9850,7.75,0,0.14,N,5,2024-07-21
31,35352,MORTGAGE,15.0,DEBTCONSOLIDATION,A,9000,6.03,0,0.25,N,5,2024-02-16
28,77385,RENT,3.0,DEBTCONSOLIDATION,A,6000,7.66,0,0.08,N,9,2024-10-11
27,80000,MORTGAGE,7.0,MEDICAL,B,7400,12.69,0,0.09,N,10,2024-09-11
28,33000,OWN,1.0,PERSONAL,D,7500,15.31,0,0.23,N,10,2024-11-11
32,27000,RENT,2.0,EDUCATION,C,6000,12.73,0,0.22,Y,5,2024-12-01
32,34000,MORTGAGE,5.0,PERSONAL,A,4000,7.49,0,0.12,N,6,2024-01-03
29,70000,RENT,2.0,EDUCATION,A,4350,11.013786929274843,0,0.06,N,10,2024-01-19
34,180000,MORTGAGE,9.0,PERSONAL,C,12900,12.99,0,0.07,Y,8,2024-10-23
29,19200,OWN,7.0,PERSONAL,A,6000,11.013786929274843,1,0.31,N,5,2024-05-13
32,65000,OWN,3.0,EDUCATION,C,12000,13.35,0,0.18,N,10,2024-09-17
32,74000,MORTGAGE,5.0,VENTURE,B,15000,11.11,0,0.2,N,9,2024-06-26
28,73000,RENT,3.0,DEBTCONSOLIDATION,C,1000,11.013786929274843,0,0.01,N,7,2024-05-02
30,73000,RENT,15.0,PERSONAL,B,5500,9.99,0,0.08,N,5,2024-02-27
35,115000,RENT,2.0,MEDICAL,A,14000,11.013786929274843,0,0.12,N,5,2024-08-18
29,75000,MORTGAGE,3.0,MEDICAL,B,4000,10.75,0,0.05,N,9,2024-09-25
27,62000,RENT,7.0,HOMEIMPROVEMENT,A,5000,11.013786929274843,0,0.08,N,5,2024-09-27
27,55200,OWN,4.0,PERSONAL,B,4000,11.013786929274843,0,0.07,N,10,2024-04-18
31,82000,MORTGAGE,15.0,DEBTCONSOLIDATION,A,9000,5.42,0,0.11,N,10,2024-03-20
28,33288,RENT,2.0,DEBTCONSOLIDATION,C,10800,12.09,1,0.32,N,5,2024-04-15
29,74872,RENT,4.0,PERSONAL,A,15000,7.88,0,0.2,N,5,2024-03-26
27,62400,MORTGAGE,12.0,MEDICAL,A,12000,5.42,0,0.19,N,6,2024-03-09
29,40000,RENT,3.0,MEDICAL,B,14150,12.69,1,0.35,N,5,2024-06-06
29,60000,MORTGAGE,1.0,VENTURE,B,5600,12.42,0,0.09,N,10,2024-02-01
27,60000,MORTGAGE,3.0,PERSONAL,B,6000,11.48,0,0.1,N,10,2024-10-08
27,29120,RENT,2.0,MEDICAL,B,4000,10.75,0,0.14,N,8,2024-08-12
28,30000,RENT,4.0,DEBTCONSOLIDATION,A,8000,11.013786929274843,0,0.27,N,8,2024-05-31
28,51043,MORTGAGE,12.0,VENTURE,C,2100,12.29,1,0.04,N,5,2024-08-29
29,40000,MORTGAGE,9.0,PERSONAL,A,5000,6.99,0,0.13,N,7,2024-07-03
27,70176,RENT,3.0,MEDICAL,A,9000,7.88,0,0.13,N,5,2024-02-03
28,56000,MORTGAGE,5.0,MEDICAL,C,5050,12.29,1,0.09,Y,8,2024-07-07
29,105000,MORTGAGE,13.0,MEDICAL,A,12000,7.88,0,0.11,N,10,2024-06-18
30,52800,RENT,4.0,PERSONAL,B,2400,9.62,0,0.05,N,7,2024-05-19
29,16800,RENT,4.0,PERSONAL,A,5000,6.92,1,0.3,N,7,2024-05-05
27,38000,MORTGAGE,11.0,DEBTCONSOLIDATION,B,5000,9.76,0,0.13,N,6,2024-07-31
27,66240,RENT,7.0,MEDICAL,A,5000,5.79,0,0.08,N,9,2024-08-27
30,66000,MORTGAGE,15.0,DEBTCONSOLIDATION,B,15000,11.14,0,0.23,N,5,2024-10-26
32,38000,RENT,2.0,DEBTCONSOLIDATION,B,12000,12.42,1,0.32,N,9,2024-04-28
27,45600,MORTGAGE,3.0,DEBTCONSOLIDATION,A,1450,8.49,0,0.03,N,9,2024-12-16
28,107364,MORTGAGE,12.0,DEBTCONSOLIDATION,A,8000,6.76,0,0.07,N,9,2024-01-16
28,100000,MORTGAGE,13.0,PERSONAL,A,13000,8.59,0,0.13,N,9,2024-06-27
29,62500,MORTGAGE,13.0,MEDICAL,B,5000,11.36,0,0.08,N,5,2024-10-05
30,49110,RENT,2.0,PERSONAL,B,19775,12.42,1,0.4,N,9,2024-01-24
28,28800,MORTGAGE,2.0,EDUCATION,B,2000,10.59,0,0.07,N,8,2024-11-30
27,65000,MORTGAGE,11.0,HOMEIMPROVEMENT,A,8000,7.49,0,0.12,N,9,2024-06-10
34,30000,MORTGAGE,4.0,PERSONAL,A,4300,7.9,0,0.14,N,9,2024-07-17
32,140000,MORTGAGE,3.0,HOMEIMPROVEMENT,B,5000,10.38,0,0.04,N,10,2024-09-18
32,84456,RENT,5.0,HOMEIMPROVEMENT,B,10000,9.88,0,0.12,N,7,2024-09-16
27,39480,MORTGAGE,2.0,EDUCATION,C,7200,13.79,0,0.18,N,7,2024-04-22
29,62000,MORTGAGE,6.0,VENTURE,A,12000,7.51,0,0.19,N,8,2024-04-19
28,29000,RENT,4.0,DEBTCONSOLIDATION,D,10000,16.77,1,0.34,N,10,2024-12-14
28,28320,RENT,4.0,VENTURE,D,8700,14.61,1,0.31,N,8,2024-09-06
29,118400,MORTGAGE,11.0,EDUCATION,A,35000,7.9,0,0.3,N,7,2024-07-21
28,25000,RENT,1.0,VENTURE,A,5000,7.51,0,0.2,N,9,2024-01-26
28,47004,MORTGAGE,12.0,MEDICAL,C,10000,13.61,1,0.21,N,10,2024-04-09
31,85000,RENT,5.0,VENTURE,C,16000,11.34,0,0.19,N,6,2024-01-23
31,80000,MORTGAGE,5.0,PERSONAL,A,6000,7.4,0,0.07,N,9,2024-09-14
31,90000,MORTGAGE,11.0,MEDICAL,A,12000,6.92,0,0.13,N,6,2024-01-18
33,143004,MORTGAGE,17.0,HOMEIMPROVEMENT,A,10000,6.99,0,0.07,N,7,2024-11-29
27,50000,MORTGAGE,2.0,VENTURE,C,10750,13.48,0,0.21,N,7,2024-09-10
27,65000,RENT,12.0,MEDICAL,C,5000,13.99,0,0.08,Y,7,2024-05-24
27,51298,RENT,11.0,VENTURE,B,1000,10.37,0,0.02,N,9,2024-10-20
35,36000,RENT,5.0,MEDICAL,A,7000,6.91,0,0.19,N,8,2024-07-10
31,54050,RENT,8.0,EDUCATION,B,12000,10.99,0,0.22,N,9,2024-09-10
32,50000,OWN,16.0,MEDICAL,A,8000,7.49,0,0.16,N,10,2024-08-21
34,60000,MORTGAGE,6.0,PERSONAL,E,10500,15.68,0,0.17,Y,9,2024-08-28
27,20000,RENT,1.0,EDUCATION,C,6000,13.11,0,0.3,Y,5,2024-01-01
35,32000,RENT,4.0,DEBTCONSOLIDATION,A,14500,6.17,1,0.45,N,5,2024-08-16
33,612000,RENT,3.0,MEDICAL,C,5950,12.73,0,0.01,Y,10,2024-03-14
33,110000,RENT,3.0,VENTURE,C,10000,13.57,0,0.09,Y,9,2024-03-18
31,50000,RENT,1.0,VENTURE,B,10000,10.71,0,0.2,N,6,2024-03-26
28,81000,MORTGAGE,11.0,PERSONAL,A,6000,6.17,0,0.07,N,8,2024-11-25
34,47700,RENT,2.0,DEBTCONSOLIDATION,A,9000,7.14,0,0.19,N,10,2024-11-08
33,96000,MORTGAGE,5.0,VENTURE,A,9000,7.49,0,0.09,N,7,2024-11-24
31,45000,RENT,5.0,PERSONAL,A,14000,7.91,1,0.31,N,8,2024-03-29
30,28000,OWN,5.0,HOMEIMPROVEMENT,B,6300,11.99,0,0.23,N,8,2024-04-14
28,115000,MORTGAGE,11.0,HOMEIMPROVEMENT,A,5000,7.51,0,0.04,N,7,2024-12-09
33,30000,RENT,14.0,MEDICAL,B,7500,11.86,1,0.25,N,8,2024-09-05
35,72000,MORTGAGE,3.0,MEDICAL,A,12800,6.62,0,0.18,N,10,2024-07-10
29,153000,RENT,1.0,DEBTCONSOLIDATION,B,17600,8.7,0,0.12,N,7,2024-10-14
30,57996,RENT,2.0,HOMEIMPROVEMENT,C,8400,12.98,0,0.14,N,7,2024-07-13
32,250000,MORTGAGE,9.0,VENTURE,D,25000,14.59,0,0.1,N,7,2024-07-14
34,40000,RENT,3.0,EDUCATION,B,25000,10.25,1,0.63,N,5,2024-02-28
27,65000,RENT,4.0,PERSONAL,A,28000,7.9,1,0.43,N,10,2024-05-22
35,54000,RENT,1.0,EDUCATION,D,9000,14.46,1,0.17,N,8,2024-07-17
31,47700,RENT,2.0,MEDICAL,B,12000,11.99,0,0.25,N,6,2024-11-30
35,130000,RENT,6.0,MEDICAL,B,4375,11.013786929274843,0,0.03,N,8,2024-01-19
31,351699,RENT,7.0,HOMEIMPROVEMENT,D,10500,15.7,0,0.03,N,9,2024-10-17
34,103363,MORTGAGE,4.0,VENTURE,B,15000,11.013786929274843,0,0.15,N,5,2024-04-14
31,95000,MORTGAGE,5.0,DEBTCONSOLIDATION,B,15000,11.14,0,0.16,N,9,2024-05-28
31,96000,OWN,3.0,VENTURE,B,10000,9.99,0,0.1,N,5,2024-04-12
29,39000,MORTGAGE,12.0,EDUCATION,A,16000,5.99,0,0.41,N,8,2024-04-04
28,75000,RENT,5.0,VENTURE,A,5000,7.88,0,0.07,N,6,2024-05-04
33,37000,MORTGAGE,2.0,MEDICAL,B,13000,10.36,0,0.35,N,9,2024-12-06
28,30000,RENT,7.0,VENTURE,B,10000,10.38,1,0.33,N,5,2024-12-05
27,38400,RENT,6.0,MEDICAL,B,5000,9.88,0,0.13,N,10,2024-03-17
31,77940,MORTGAGE,3.0,VENTURE,B,16250,10.99,0,0.21,N,9,2024-06-07
31,47500,RENT,2.0,VENTURE,C,10000,15.96,0,0.21,N,6,2024-07-10
32,45000,MORTGAGE,6.0,MEDICAL,A,6400,7.49,0,0.14,N,9,2024-06-11
27,50000,RENT,5.0,HOMEIMPROVEMENT,B,12000,10.37,0,0.24,N,6,2024-07-18
32,38000,RENT,3.0,DEBTCONSOLIDATION,A,6350,5.79,0,0.17,N,8,2024-02-29
32,200000,RENT,14.0,VENTURE,B,25000,10.62,0,0.13,N,9,2024-10-02
27,120000,MORTGAGE,11.0,PERSONAL,A,7000,6.76,0,0.06,N,7,2024-01-01
27,56000,RENT,2.0,PERSONAL,B,14000,10.65,0,0.25,N,10,2024-09-21
28,44000,RENT,5.0,PERSONAL,C,16000,13.48,1,0.36,N,5,2024-10-10
33,92000,MORTGAGE,8.0,PERSONAL,C,20000,13.06,0,0.22,N,9,2024-09-13
32,107800,OWN,3.0,PERSONAL,C,5200,14.65,0,0.05,N,9,2024-06-20
35,250000,OWN,8.0,VENTURE,B,15000,9.88,0,0.06,N,9,2024-04-22
28,90080,MORTGAGE,9.0,HOMEIMPROVEMENT,A,5500,7.49,0,0.06,N,6,2024-02-03
32,120000,MORTGAGE,16.0,VENTURE,B,5600,10.75,0,0.05,N,8,2024-03-23
27,120000,MORTGAGE,4.0,HOMEIMPROVEMENT,D,25000,16.07,0,0.21,Y,10,2024-07-04
28,68004,RENT,1.0,PERSONAL,C,15000,13.16,0,0.22,Y,7,2024-10-03
34,56000,RENT,16.0,DEBTCONSOLIDATION,A,5000,8.9,0,0.09,N,5,2024-11-18
32,35000,MORTGAGE,11.0,DEBTCONSOLIDATION,C,4000,13.61,0,0.11,N,6,2024-02-10
31,95000,RENT,2.0,EDUCATION,C,2500,13.72,0,0.03,Y,10,2024-01-22
27,25000,RENT,4.0,DEBTCONSOLIDATION,D,8000,14.84,1,0.32,N,5,2024-02-24
28,110004,MORTGAGE,2.0,EDUCATION,B,15000,11.013786929274843,0,0.14,N,5,2024-01-07
28,30000,RENT,4.0,EDUCATION,B,3900,11.99,0,0.13,N,9,2024-03-04
35,17280,RENT,6.0,EDUCATION,D,7200,12.36,1,0.42,N,5,2024-08-18
29,33000,RENT,6.0,VENTURE,A,5000,8.9,0,0.15,N,8,2024-04-27
27,42000,RENT,6.0,VENTURE,C,3000,11.013786929274843,0,0.07,N,8,2024-02-25
32,83196,RENT,1.0,EDUCATION,B,9350,11.013786929274843,0,0.11,N,6,2024-06-24
27,70000,RENT,4.0,PERSONAL,B,20000,11.48,0,0.29,N,8,2024-06-24
27,31200,MORTGAGE,1.0,HOMEIMPROVEMENT,B,12300,12.53,0,0.39,N,8,2024-07-09
28,24000,MORTGAGE,2.0,PERSONAL,A,1500,7.14,0,0.06,N,6,2024-07-04
33,36500,MORTGAGE,4.0,PERSONAL,A,8500,11.013786929274843,0,0.23,N,8,2024-01-17
27,30996,RENT,1.0,MEDICAL,D,2600,14.74,1,0.08,N,5,2024-09-08
28,30000,RENT,2.0,DEBTCONSOLIDATION,A,12000,5.42,1,0.4,N,6,2024-05-04
35,31000,MORTGAGE,9.0,VENTURE,C,15000,13.16,0,0.48,Y,9,2024-11-09
27,110000,RENT,5.0,MEDICAL,B,18000,9.91,0,0.16,N,5,2024-04-26
28,30000,RENT,13.0,MEDICAL,B,14800,11.14,1,0.49,N,7,2024-02-08
27,88000,RENT,11.0,VENTURE,A,9000,6.91,0,0.1,N,8,2024-01-28
34,33666,RENT,4.0,DEBTCONSOLIDATION,D,8000,17.49,1,0.24,Y,5,2024-09-07
32,35000,RENT,2.0,PERSONAL,B,5500,11.49,0,0.16,N,5,2024-03-07
28,40000,RENT,6.0,EDUCATION,C,10500,14.27,0,0.26,N,6,2024-03-31
31,20500,MORTGAGE,4.0,DEBTCONSOLIDATION,A,1000,6.76,0,0.05,N,5,2024-06-28
34,35000,RENT,9.0,EDUCATION,A,8000,11.013786929274843,0,0.23,N,10,2024-03-11
28,25000,RENT,1.0,EDUCATION,B,12000,9.83,1,0.48,N,6,2024-02-17
27,51000,OWN,11.0,VENTURE,A,18000,7.49,0,0.35,N,6,2024-12-23
29,54000,MORTGAGE,8.0,VENTURE,D,14800,15.31,1,0.27,Y,5,2024-05-26
27,43200,RENT,4.0,MEDICAL,A,10000,7.49,0,0.23,N,6,2024-02-09
31,62000,MORTGAGE,4.0,MEDICAL,A,6550,5.79,0,0.11,N,10,2024-09-21
30,54000,MORTGAGE,3.0,DEBTCONSOLIDATION,C,5000,12.61,1,0.09,N,9,2024-11-06
28,56000,RENT,7.0,DEBTCONSOLIDATION,F,20000,18.25,1,0.36,Y,10,2024-07-15
28,39000,RENT,6.0,MEDICAL,D,3600,16.29,1,0.09,N,8,2024-07-03
31,30372,RENT,2.0,PERSONAL,D,20200,14.74,1,0.67,N,8,2024-02-09
27,44000,MORTGAGE,3.0,EDUCATION,C,6400,13.85,0,0.15,N,10,2024-10-09
33,59450,MORTGAGE,1.0,PERSONAL,B,3000,10.38,0,0.05,N,5,2024-08-08
30,138000,MORTGAGE,3.0,EDUCATION,E,23975,17.93,1,0.17,Y,6,2024-05-17
33,40000,RENT,17.0,EDUCATION,D,11175,14.96,0,0.28,Y,5,2024-09-29
28,100000,MORTGAGE,3.0,EDUCATION,C,8000,13.98,0,0.08,Y,6,2024-12-19
29,120000,OWN,11.0,PERSONAL,D,5000,14.09,0,0.04,Y,5,2024-07-28
32,120000,MORTGAGE,13.0,EDUCATION,B,2000,11.013786929274843,0,0.02,N,10,2024-03-26
33,125000,MORTGAGE,2.0,DEBTCONSOLIDATION,A,20000,7.88,0,0.16,N,7,2024-02-05
30,135000,RENT,4.0,VENTURE,D,25000,15.21,0,0.19,N,9,2024-09-13
33,400000,MORTGAGE,9.0,MEDICAL,A,15000,6.03,0,0.04,N,6,2024-08-30
29,24960,RENT,13.0,DEBTCONSOLIDATION,A,4000,5.42,0,0.16,N,10,2024-03-28
27,136000,MORTGAGE,3.0,PERSONAL,A,5000,6.17,0,0.04,N,6,2024-06-01
29,98850,RENT,6.0,DEBTCONSOLIDATION,A,12500,11.013786929274843,0,0.13,N,10,2024-07-13
29,48000,MORTGAGE,8.0,MEDICAL,A,4500,5.42,0,0.09,N,7,2024-06-07
27,60000,RENT,1.0,VENTURE,C,10000,13.22,0,0.17,N,7,2024-01-15
33,63996,MORTGAGE,15.0,EDUCATION,A,3200,5.42,0,0.05,N,8,2024-08-14
33,75000,MORTGAGE,17.0,EDUCATION,C,12000,11.013786929274843,0,0.16,Y,10,2024-05-08
33,170000,OWN,15.0,MEDICAL,C,21000,14.26,0,0.12,N,9,2024-01-12
28,69000,MORTGAGE,5.0,DEBTCONSOLIDATION,D,20000,14.91,1,0.29,Y,5,2024-09-13
31,85000,RENT,1.0,MEDICAL,A,18500,7.51,1,0.18,N,7,2024-04-04
33,123000,RENT,5.0,EDUCATION,B,12000,11.83,0,0.1,N,10,2024-02-13
28,24000,RENT,8.0,EDUCATION,B,8875,10.65,1,0.37,N,7,2024-05-20
27,19200,MORTGAGE,3.0,DEBTCONSOLIDATION,D,1400,16.77,1,0.07,Y,6,2024-11-06
28,52000,MORTGAGE,10.0,DEBTCONSOLIDATION,A,13600,7.88,0,0.26,N,5,2024-03-26
27,49000,RENT,11.0,VENTURE,B,4000,10.59,0,0.08,N,5,2024-12-26
29,55400,RENT,2.0,HOMEIMPROVEMENT,C,7000,10.28,0,0.13,Y,6,2024-03-26
27,44004,MORTGAGE,2.0,MEDICAL,A,10000,6.92,0,0.23,N,6,2024-03-19
28,50000,MORTGAGE,1.0,PERSONAL,A,8000,5.99,0,0.16,N,6,2024-01-18
29,61455,MORTGAGE,1.0,MEDICAL,F,10000,18.09,1,0.14,N,9,2024-01-09
29,40000,MORTGAGE,8.0,DEBTCONSOLIDATION,A,8000,8.59,0,0.2,N,9,2024-12-04
30,54000,RENT,2.0,HOMEIMPROVEMENT,E,5000,15.13,1,0.09,N,7,2024-11-18
29,48000,RENT,13.0,VENTURE,A,10000,7.51,0,0.21,N,10,2024-06-03
35,90000,RENT,3.0,DEBTCONSOLIDATION,B,11000,11.99,0,0.12,N,10,2024-08-09
28,38000,RENT,12.0,PERSONAL,A,3200,9.63,0,0.08,N,9,2024-04-29
29,32400,MORTGAGE,2.0,DEBTCONSOLIDATION,B,10625,11.013786929274843,0,0.33,N,8,2024-05-29
27,98004,RENT,8.0,VENTURE,A,10000,6.54,0,0.1,N,7,2024-09-04
30,9600,RENT,1.0,DEBTCONSOLIDATION,C,1500,12.73,1,0.16,Y,9,2024-10-18
31,60000,RENT,4.0,EDUCATION,A,25000,8.9,1,0.42,N,7,2024-09-03
30,50000,RENT,2.0,DEBTCONSOLIDATION,C,2000,14.79,0,0.04,Y,6,2024-03-27
28,604000,MORTGAGE,12.0,PERSONAL,B,25000,9.01,1,0.04,N,9,2024-01-30
29,72000,RENT,13.0,DEBTCONSOLIDATION,C,15900,13.04,0,0.22,N,10,2024-02-15
27,60000,RENT,11.0,EDUCATION,B,1800,11.46,0,0.03,N,8,2024-01-26
30,120000,MORTGAGE,15.0,EDUCATION,A,11000,6.03,0,0.09,N,9,2024-08-24
29,92004,MORTGAGE,12.0,MEDICAL,B,10000,9.63,0,0.11,N,9,2024-07-10
31,24000,RENT,3.0,EDUCATION,A,6000,8.49,0,0.25,N,5,2024-10-28
31,78000,RENT,1.0,EDUCATION,A,14000,9.63,0,0.18,N,5,2024-02-23
33,50000,RENT,1.0,HOMEIMPROVEMENT,A,9000,7.51,0,0.18,N,9,2024-11-04
30,78000,MORTGAGE,1.0,MEDICAL,C,26000,15.96,0,0.33,Y,5,2024-10-14
31,50000,RENT,9.0,DEBTCONSOLIDATION,A,12000,6.03,0,0.24,N,6,2024-02-21
28,55000,OWN,13.0,MEDICAL,A,18000,7.9,0,0.33,N,10,2024-03-04
29,92000,MORTGAGE,8.0,EDUCATION,B,10000,11.26,0,0.11,N,8,2024-02-21
27,35000,RENT,3.0,EDUCATION,B,10000,9.88,0,0.29,N,9,2024-09-17
29,89849,MORTGAGE,13.0,PERSONAL,C,6000,13.98,0,0.07,Y,10,2024-12-24
30,300000,OWN,14.0,VENTURE,B,35000,10.59,0,0.12,N,5,2024-12-19
31,56000,MORTGAGE,4.0,MEDICAL,A,8000,8.59,0,0.14,N,6,2024-08-29
34,30144,MORTGAGE,3.0,DEBTCONSOLIDATION,C,18000,12.84,0,0.6,Y,5,2024-03-21
32,48000,RENT,15.0,VENTURE,A,3600,6.92,0,0.07,N,6,2024-11-15
28,48000,MORTGAGE,13.0,MEDICAL,C,5000,15.27,1,0.1,Y,8,2024-04-23
34,48989,OWN,10.0,HOMEIMPROVEMENT,A,2400,7.14,0,0.05,N,7,2024-08-06
27,57240,OWN,4.0,MEDICAL,B,15000,11.99,0,0.26,N,10,2024-01-01
28,60000,MORTGAGE,6.0,EDUCATION,B,15000,11.99,0,0.25,N,5,2024-01-20
35,24960,RENT,6.0,VENTURE,A,1400,8.49,0,0.06,N,7,2024-05-31
29,47133,RENT,5.0,MEDICAL,B,5100,11.86,0,0.11,N,7,2024-06-19
33,39504,MORTGAGE,17.0,PERSONAL,A,3000,7.37,0,0.08,N,9,2024-02-26
34,480000,MORTGAGE,5.0,PERSONAL,D,14000,14.61,0,0.03,N,9,2024-01-16
28,60000,RENT,12.0,DEBTCONSOLIDATION,A,4600,7.88,0,0.08,N,8,2024-04-30
27,34152,RENT,5.0,EDUCATION,C,5000,13.79,0,0.15,Y,9,2024-01-26
29,30000,MORTGAGE,3.0,HOMEIMPROVEMENT,A,6000,5.79,0,0.2,N,6,2024-08-11
28,48000,RENT,7.0,PERSONAL,C,4000,14.35,0,0.08,N,10,2024-05-19
29,74000,RENT,3.0,EDUCATION,C,16000,13.11,1,0.22,Y,6,2024-05-04
29,89520,OWN,13.0,EDUCATION,C,8000,13.23,0,0.09,Y,5,2024-01-10
28,64600,MORTGAGE,12.0,MEDICAL,A,5000,8.94,1,0.07,N,9,2024-03-21
32,75000,MORTGAGE,2.0,VENTURE,D,2000,15.65,0,0.03,Y,10,2024-01-26
32,240000,MORTGAGE,5.0,MEDICAL,A,8400,7.51,0,0.04,N,6,2024-02-14
29,48712,MORTGAGE,13.0,VENTURE,A,11050,5.42,0,0.23,N,6,2024-12-17
31,124992,MORTGAGE,15.0,VENTURE,A,24000,8.49,0,0.19,N,7,2024-07-13
27,44000,RENT,5.0,EDUCATION,B,13650,10.65,1,0.31,N,7,2024-10-08
31,54000,MORTGAGE,12.0,HOMEIMPROVEMENT,A,15000,8.49,1,0.28,N,5,2024-10-25
27,132000,RENT,6.0,DEBTCONSOLIDATION,C,20000,12.73,0,0.15,N,10,2024-01-29
33,24000,RENT,6.0,MEDICAL,A,10000,8.9,1,0.42,N,10,2024-01-16
27,49000,MORTGAGE,11.0,MEDICAL,B,8500,10.59,0,0.17,N,10,2024-03-20
33,120999,MORTGAGE,7.0,DEBTCONSOLIDATION,C,15200,13.61,0,0.13,Y,7,2024-04-14
34,60000,RENT,14.0,MEDICAL,C,10000,13.57,0,0.17,N,6,2024-07-29
28,56100,RENT,12.0,MEDICAL,A,8400,7.51,1,0.13,N,10,2024-10-24
29,180000,MORTGAGE,2.0,VENTURE,A,20000,11.013786929274843,0,0.11,N,6,2024-03-19
27,84000,RENT,7.0,MEDICAL,C,12000,13.16,0,0.14,N,5,2024-08-18
31,69000,RENT,12.0,HOMEIMPROVEMENT,A,16000,5.99,0,0.23,N,9,2024-12-20
29,44000,RENT,14.0,EDUCATION,B,16000,11.013786929274843,1,0.36,N,8,2024-07-07
31,50000,MORTGAGE,7.0,DEBTCONSOLIDATION,A,4800,6.03,0,0.1,N,7,2024-07-10
31,20000,OWN,3.0,PERSONAL,B,5000,11.83,0,0.25,N,7,2024-11-30
27,64000,RENT,2.0,DEBTCONSOLIDATION,C,5000,12.99,0,0.08,N,8,2024-05-04
30,96000,MORTGAGE,8.0,HOMEIMPROVEMENT,B,17000,10.62,0,0.18,N,10,2024-01-16
31,190000,MORTGAGE,15.0,DEBTCONSOLIDATION,C,24000,11.013786929274843,0,0.13,N,6,2024-01-02
29,118374,MORTGAGE,13.0,HOMEIMPROVEMENT,C,3500,13.49,0,0.03,N,5,2024-07-20
32,100000,RENT,7.0,DEBTCONSOLIDATION,C,14400,13.35,0,0.14,N,5,2024-02-22
28,115000,MORTGAGE,3.0,EDUCATION,A,18500,11.013786929274843,0,0.16,N,9,2024-03-16
30,49000,RENT,2.0,PERSONAL,D,5000,15.31,1,0.1,N,7,2024-09-06
27,78200,OWN,4.0,MEDICAL,E,35000,17.99,1,0.38,Y,7,2024-05-06
31,96000,MORTGAGE,4.0,MEDICAL,A,9600,5.99,0,0.1,N,5,2024-10-09
31,58000,MORTGAGE,15.0,HOMEIMPROVEMENT,A,8875,11.013786929274843,0,0.15,N,5,2024-01-06
29,97000,OWN,3.0,MEDICAL,B,12000,11.83,0,0.12,N,7,2024-04-09
27,69000,MORTGAGE,3.0,EDUCATION,B,4000,11.49,1,0.06,N,8,2024-05-20
34,73000,MORTGAGE,7.0,PERSONAL,A,20675,11.013786929274843,0,0.28,N,9,2024-06-18
27,42000,RENT,1.0,EDUCATION,A,10000,11.013786929274843,0,0.24,N,8,2024-06-12
28,21000,RENT,6.0,DEBTCONSOLIDATION,A,6250,7.9,0,0.3,N,8,2024-04-11
29,69000,OWN,11.0,MEDICAL,B,6000,11.12,0,0.09,N,8,2024-12-30
33,37440,RENT,5.0,PERSONAL,B,4400,11.71,0,0.12,N,8,2024-02-10
30,60000,OWN,11.0,EDUCATION,A,20000,6.17,0,0.33,N,9,2024-08-09
27,61200,MORTGAGE,11.0,MEDICAL,B,5000,11.86,1,0.07,N,5,2024-05-14
33,81000,MORTGAGE,2.0,VENTURE,B,7500,10.08,0,0.09,N,9,2024-09-10
34,30000,RENT,5.0,MEDICAL,A,4200,5.79,0,0.14,N,8,2024-02-15
30,50000,OWN,3.0,HOMEIMPROVEMENT,A,5000,5.99,0,0.1,N,10,2024-12-01
33,54000,RENT,15.0,PERSONAL,B,10000,10.99,0,0.19,N,6,2024-10-02
33,87000,MORTGAGE,1.0,PERSONAL,D,5000,14.96,0,0.06,N,6,2024-12-28
27,82500,MORTGAGE,3.0,DEBTCONSOLIDATION,A,11100,8.94,0,0.13,N,7,2024-03-29
33,44000,RENT,3.0,MEDICAL,B,2725,12.18,1,0.06,N,6,2024-12-13
35,28080,RENT,3.0,DEBTCONSOLIDATION,C,9600,13.57,1,0.34,N,6,2024-09-10
34,60353,RENT,13.0,PERSONAL,B,8500,10.65,0,0.14,N,8,2024-11-10
28,66000,MORTGAGE,2.0,VENTURE,A,6500,5.79,0,0.1,N,9,2024-09-15
32,29100,MORTGAGE,3.0,MEDICAL,D,10000,15.95,1,0.34,Y,9,2024-03-12
34,40000,RENT,2.0,EDUCATION,B,5000,12.53,0,0.13,N,5,2024-08-18
28,62352,MORTGAGE,3.0,EDUCATION,A,3800,6.62,0,0.06,N,6,2024-06-04
34,30636,RENT,4.0,DEBTCONSOLIDATION,B,10000,10.37,1,0.33,N,10,2024-04-11
32,29500,MORTGAGE,4.0,EDUCATION,B,7000,10.0,1,0.24,N,7,2024-07-26
31,77000,MORTGAGE,4.0,HOMEIMPROVEMENT,C,10000,14.65,0,0.13,N,6,2024-07-07
28,48715,RENT,2.0,DEBTCONSOLIDATION,C,12000,12.87,0,0.25,Y,5,2024-03-04
28,79536,MORTGAGE,12.0,PERSONAL,A,16425,7.9,0,0.21,N,10,2024-01-15
28,80000,MORTGAGE,13.0,EDUCATION,B,21000,11.36,0,0.26,N,10,2024-12-17
28,75000,MORTGAGE,12.0,DEBTCONSOLIDATION,C,15250,11.34,0,0.2,Y,7,2024-08-08
30,30809,RENT,1.0,MEDICAL,B,11200,11.99,1,0.36,N,8,2024-01-06
35,53500,MORTGAGE,3.0,HOMEIMPROVEMENT,B,10000,9.91,0,0.19,N,9,2024-01-01
30,55536,MORTGAGE,14.0,MEDICAL,C,1000,11.013786929274843,0,0.02,N,7,2024-12-19
28,48000,RENT,4.0,VENTURE,D,2000,14.96,0,0.04,N,5,2024-06-02
35,48000,RENT,6.0,EDUCATION,A,17000,7.88,1,0.35,N,8,2024-07-19
33,53000,RENT,6.0,DEBTCONSOLIDATION,B,2500,9.99,0,0.05,N,7,2024-08-26
35,32900,RENT,4.0,HOMEIMPROVEMENT,C,4800,13.23,1,0.15,Y,8,2024-04-28
34,135000,RENT,6.0,VENTURE,E,20000,17.74,0,0.15,Y,5,2024-06-23
33,115000,MORTGAGE,10.0,PERSONAL,B,25000,11.86,0,0.22,N,10,2024-12-14
29,68004,RENT,3.0,MEDICAL,B,18000,10.0,0,0.26,N,10,2024-09-11
27,38000,MORTGAGE,3.0,VENTURE,B,4500,9.99,0,0.12,N,7,2024-08-17
28,82500,RENT,4.0,VENTURE,E,11000,16.35,0,0.13,N,8,2024-09-02
29,48000,RENT,4.0,VENTURE,B,10000,10.62,0,0.21,N,10,2024-09-19
31,24000,RENT,2.0,PERSONAL,A,3000,7.49,0,0.13,N,8,2024-09-16
35,200000,RENT,7.0,MEDICAL,B,5000,11.013786929274843,0,0.03,N,10,2024-11-02
30,39000,RENT,1.0,MEDICAL,A,2300,8.59,0,0.06,N,6,2024-07-05
32,106000,MORTGAGE,3.0,VENTURE,A,10000,11.013786929274843,0,0.09,N,9,2024-08-28
29,92000,MORTGAGE,8.0,HOMEIMPROVEMENT,A,12000,6.62,0,0.13,N,8,2024-04-03
30,46044,RENT,4.0,VENTURE,B,5000,11.013786929274843,0,0.11,N,7,2024-03-08
35,123000,RENT,2.0,HOMEIMPROVEMENT,E,25000,17.19,1,0.2,N,6,2024-06-11
28,53544,RENT,12.0,MEDICAL,C,1800,11.013786929274843,0,0.03,Y,8,2024-07-09
35,66000,MORTGAGE,4.0,EDUCATION,A,3000,6.03,0,0.05,N,10,2024-01-08
28,64000,RENT,1.0,PERSONAL,C,10000,11.66,0,0.16,N,5,2024-06-05
29,42000,RENT,6.0,VENTURE,C,18000,14.65,1,0.43,Y,8,2024-06-15
33,140000,MORTGAGE,14.0,DEBTCONSOLIDATION,A,9600,6.91,0,0.07,N,5,2024-06-20
32,43625,RENT,2.0,PERSONAL,B,1500,11.013786929274843,0,0.03,N,10,2024-12-29
34,35100,MORTGAGE,16.0,EDUCATION,C,9000,13.47,0,0.26,N,8,2024-06-10
34,50000,MORTGAGE,11.0,DEBTCONSOLIDATION,A,4000,8.9,0,0.08,N,7,2024-08-28
34,51621,MORTGAGE,5.0,HOMEIMPROVEMENT,B,3500,11.49,0,0.07,N,7,2024-07-28
28,61000,MORTGAGE,12.0,PERSONAL,A,12000,6.03,0,0.2,N,5,2024-04-21
32,50000,RENT,3.0,MEDICAL,C,2500,13.49,0,0.05,N,10,2024-03-16
28,48996,RENT,8.0,MEDICAL,D,15000,14.09,1,0.31,Y,5,2024-01-16
34,225000,MORTGAGE,4.0,DEBTCONSOLIDATION,C,3000,13.35,0,0.01,Y,7,2024-05-12
34,75000,MORTGAGE,3.0,VENTURE,A,3000,7.9,0,0.04,N,8,2024-06-16
31,51500,RENT,6.0,HOMEIMPROVEMENT,D,19000,14.83,1,0.37,N,10,2024-09-25
29,48000,MORTGAGE,3.0,VENTURE,C,17375,14.27,0,0.36,Y,10,2024-09-20
31,111000,MORTGAGE,3.0,PERSONAL,A,5150,6.62,0,0.05,N,7,2024-07-30
29,83000,MORTGAGE,13.0,DEBTCONSOLIDATION,A,7500,8.9,0,0.09,N,6,2024-06-23
27,69996,RENT,3.0,HOMEIMPROVEMENT,D,10800,14.91,0,0.15,N,6,2024-03-01
34,45000,MORTGAGE,1.0,DEBTCONSOLIDATION,B,12000,11.86,0,0.27,N,5,2024-08-16
34,30000,RENT,2.0,DEBTCONSOLIDATION,A,12000,8.9,1,0.4,N,7,2024-07-10
27,75288,MORTGAGE,12.0,MEDICAL,B,18050,10.0,0,0.24,N,7,2024-12-08
28,84800,RENT,4.0,VENTURE,B,9000,11.013786929274843,0,0.11,N,7,2024-01-18
29,40000,RENT,1.0,DEBTCONSOLIDATION,A,3600,8.59,0,0.09,N,5,2024-07-24
32,37000,RENT,4.0,MEDICAL,B,6000,10.36,0,0.16,N,8,2024-02-28
28,59000,MORTGAGE,2.0,VENTURE,B,14000,10.36,0,0.24,N,7,2024-05-29
32,40000,MORTGAGE,16.0,MEDICAL,A,16000,5.99,0,0.4,N,9,2024-10-29
31,79100,MORTGAGE,4.0,EDUCATION,A,19150,6.99,0,0.24,N,6,2024-09-24
32,99996,MORTGAGE,16.0,DEBTCONSOLIDATION,A,7000,7.14,0,0.07,N,10,2024-02-16
30,78000,RENT,10.0,DEBTCONSOLIDATION,D,15000,14.96,1,0.19,N,9,2024-12-23
31,99000,RENT,15.0,HOMEIMPROVEMENT,C,12000,14.26,0,0.12,N,10,2024-03-11
29,28800,RENT,1.0,PERSONAL,A,1400,7.9,0,0.05,N,8,2024-09-26
29,65000,MORTGAGE,7.0,MEDICAL,B,7000,11.013786929274843,0,0.11,N,5,2024-07-26
32,54000,MORTGAGE,2.0,HOMEIMPROVEMENT,B,7125,9.99,1,0.13,N,6,2024-10-15
33,90000,MORTGAGE,4.0,EDUCATION,C,12000,12.98,0,0.13,N,5,2024-02-22
29,150000,RENT,9.0,HOMEIMPROVEMENT,E,15000,16.32,0,0.1,Y,5,2024-02-22
29,28000,RENT,2.0,PERSONAL,D,5000,16.07,1,0.18,N,8,2024-10-30
30,44760,RENT,1.0,MEDICAL,B,3300,11.71,0,0.07,N,5,2024-10-15
27,62900,RENT,7.0,MEDICAL,D,24250,15.31,1,0.33,N,6,2024-01-11
28,65000,RENT,2.0,HOMEIMPROVEMENT,C,7200,13.98,0,0.11,Y,5,2024-02-19
28,20000,RENT,2.0,VENTURE,C,4000,13.11,1,0.2,N,5,2024-06-09
29,19200,RENT,1.0,DEBTCONSOLIDATION,A,2000,5.99,1,0.1,N,6,2024-01-19
28,30000,MORTGAGE,5.0,HOMEIMPROVEMENT,A,15000,11.013786929274843,0,0.5,N,8,2024-03-26
30,85000,RENT,4.0,MEDICAL,A,10000,6.62,0,0.12,N,6,2024-09-26
28,40000,OWN,2.0,MEDICAL,A,3600,6.99,0,0.09,N,10,2024-12-23
34,54072,MORTGAGE,12.0,MEDICAL,B,7000,11.89,0,0.13,N,9,2024-03-17
30,45000,RENT,2.0,EDUCATION,A,13250,7.9,0,0.29,N,9,2024-01-30
29,33000,MORTGAGE,5.0,VENTURE,B,4200,11.36,0,0.13,N,6,2024-11-27
28,108000,MORTGAGE,4.0,VENTURE,C,5000,12.87,0,0.05,N,8,2024-07-25
28,30000,MORTGAGE,8.0,DEBTCONSOLIDATION,A,3000,7.29,0,0.1,N,7,2024-01-29
29,72500,MORTGAGE,2.0,MEDICAL,C,7000,13.79,0,0.1,Y,8,2024-08-08
30,48996,RENT,1.0,HOMEIMPROVEMENT,E,10000,15.45,1,0.2,N,8,2024-07-01
28,37090,RENT,2.0,DEBTCONSOLIDATION,B,3000,11.12,0,0.08,N,5,2024-10-25
32,115000,RENT,2.0,PERSONAL,B,4000,12.69,0,0.03,N,8,2024-01-12
34,138000,MORTGAGE,14.0,MEDICAL,B,25000,11.12,0,0.18,N,6,2024-04-23
29,91560,MORTGAGE,8.0,PERSONAL,A,22000,6.91,0,0.24,N,5,2024-10-04
30,120000,RENT,3.0,PERSONAL,E,10000,17.04,0,0.08,N,10,2024-11-08
31,78000,MORTGAGE,1.0,HOMEIMPROVEMENT,C,20000,14.26,1,0.26,N,9,2024-05-01
28,55640,MORTGAGE,9.0,PERSONAL,C,5000,11.013786929274843,0,0.09,N,6,2024-12-11
29,158000,OWN,13.0,VENTURE,A,11000,8.49,0,0.07,N,7,2024-06-30
29,45000,OWN,8.0,PERSONAL,B,8000,12.21,0,0.18,N,5,2024-08-22
34,113000,RENT,6.0,DEBTCONSOLIDATION,C,9600,11.013786929274843,0,0.08,N,5,2024-04-06
34,27000,RENT,3.0,MEDICAL,B,2525,12.21,0,0.09,N,10,2024-08-01
27,48000,RENT,2.0,EDUCATION,C,25000,10.59,1,0.52,Y,5,2024-01-26
27,58000,RENT,5.0,HOMEIMPROVEMENT,A,5900,9.32,0,0.1,N,6,2024-05-25
29,18000,RENT,3.0,VENTURE,B,1700,11.12,0,0.09,N,8,2024-02-21
28,55704,MORTGAGE,12.0,EDUCATION,A,8400,7.51,0,0.15,N,6,2024-11-18
32,66300,MORTGAGE,5.0,MEDICAL,A,6075,6.03,0,0.09,N,6,2024-10-03
32,64000,RENT,1.0,HOMEIMPROVEMENT,B,10000,12.69,0,0.16,N,8,2024-12-28
33,45000,RENT,4.0,EDUCATION,A,12000,7.88,0,0.27,N,5,2024-09-06
27,113000,MORTGAGE,7.0,DEBTCONSOLIDATION,D,20000,11.013786929274843,1,0.18,N,8,2024-07-06
27,32220,RENT,11.0,MEDICAL,B,17725,11.49,1,0.55,N,7,2024-10-20
29,74100,RENT,3.0,VENTURE,C,4500,13.61,0,0.06,Y,8,2024-04-24
29,35000,RENT,1.0,PERSONAL,A,10625,7.9,0,0.3,N,6,2024-06-25
32,45000,RENT,3.0,EDUCATION,C,3000,12.61,0,0.07,Y,8,2024-04-10
27,62000,MORTGAGE,1.0,HOMEIMPROVEMENT,B,3275,9.33,0,0.05,N,8,2024-04-08
31,200000,MORTGAGE,1.0,MEDICAL,B,7800,9.63,0,0.04,N,5,2024-06-22
29,47000,RENT,2.0,MEDICAL,B,5000,10.62,0,0.11,N,9,2024-05-19
29,37920,RENT,2.0,MEDICAL,C,12000,13.48,1,0.32,N,8,2024-10-19
28,48000,OWN,1.0,EDUCATION,D,12000,14.54,0,0.25,N,7,2024-11-29
28,34000,RENT,7.0,MEDICAL,B,9600,10.99,0,0.28,N,7,2024-11-21
35,38000,RENT,3.0,VENTURE,B,8000,11.013786929274843,0,0.21,N,9,2024-07-26
33,75000,MORTGAGE,6.0,VENTURE,A,6000,7.51,0,0.08,N,5,2024-09-15
28,99996,MORTGAGE,6.0,VENTURE,A,10000,5.42,0,0.1,N,9,2024-03-18
32,65000,RENT,3.0,HOMEIMPROVEMENT,A,3625,6.03,0,0.06,N,8,2024-10-09
33,66000,RENT,2.0,VENTURE,D,6400,14.96,1,0.1,N,6,2024-06-04
28,73000,MORTGAGE,6.0,PERSONAL,B,15000,11.83,0,0.21,N,7,2024-01-06
34,135000,MORTGAGE,2.0,MEDICAL,A,15000,5.42,0,0.11,N,6,2024-11-19
31,160000,RENT,8.0,VENTURE,C,3600,15.23,0,0.02,Y,9,2024-05-31
29,62000,RENT,13.0,DEBTCONSOLIDATION,C,9000,11.013786929274843,0,0.15,N,7,2024-12-30
33,21000,OWN,1.0,HOMEIMPROVEMENT,B,7750,11.83,0,0.37,N,7,2024-05-08
32,40000,MORTGAGE,4.0,VENTURE,A,7500,5.99,0,0.19,N,8,2024-07-18
29,40000,RENT,2.0,VENTURE,D,7000,14.91,1,0.17,Y,8,2024-07-24
30,140000,MORTGAGE,2.0,HOMEIMPROVEMENT,E,15000,16.35,0,0.11,N,5,2024-11-04
32,60000,MORTGAGE,16.0,MEDICAL,A,6000,6.62,0,0.1,N,5,2024-06-02
33,68508,RENT,17.0,VENTURE,A,7000,8.0,0,0.1,N,10,2024-07-31
35,78000,MORTGAGE,9.0,PERSONAL,A,10000,6.54,0,0.13,N,5,2024-04-29
31,33600,MORTGAGE,1.0,MEDICAL,B,15250,12.53,0,0.45,N,8,2024-01-22
34,32000,MORTGAGE,12.0,HOMEIMPROVEMENT,A,2275,6.17,0,0.07,N,10,2024-02-16
30,28000,RENT,5.0,DEBTCONSOLIDATION,C,12000,14.22,1,0.43,N,8,2024-12-14
28,48000,MORTGAGE,4.0,VENTURE,B,3000,11.99,0,0.06,N,6,2024-12-26
28,78200,MORTGAGE,12.0,MEDICAL,D,20000,11.013786929274843,1,0.22,Y,5,2024-06-23
27,48996,RENT,3.0,EDUCATION,B,12000,12.53,0,0.24,N,8,2024-01-06
33,102996,MORTGAGE,4.0,DEBTCONSOLIDATION,A,6000,11.013786929274843,0,0.06,N,8,2024-08-12
29,90000,MORTGAGE,13.0,DEBTCONSOLIDATION,B,10000,12.21,0,0.11,N,7,2024-12-25
29,28550,RENT,6.0,EDUCATION,B,4000,10.59,0,0.14,N,8,2024-06-16
28,42000,MORTGAGE,4.0,HOMEIMPROVEMENT,B,10000,10.75,0,0.24,N,6,2024-01-10
30,94000,MORTGAGE,13.0,DEBTCONSOLIDATION,C,10000,14.27,0,0.11,Y,10,2024-07-23
27,180000,MORTGAGE,2.0,PERSONAL,C,8000,13.23,0,0.04,N,9,2024-03-02
27,45000,RENT,10.0,MEDICAL,D,7600,14.59,1,0.17,N,7,2024-03-11
33,58800,RENT,10.0,VENTURE,B,3000,11.49,0,0.05,N,5,2024-08-07
35,50000,RENT,4.0,PERSONAL,B,7000,11.49,0,0.14,N,9,2024-01-11
31,60000,MORTGAGE,5.0,VENTURE,F,19400,18.53,0,0.32,Y,10,2024-07-18
28,40000,RENT,2.0,MEDICAL,B,9000,12.53,0,0.23,N,8,2024-05-22
29,16800,RENT,9.0,HOMEIMPROVEMENT,D,2750,14.84,1,0.16,Y,6,2024-06-27
27,56253,RENT,11.0,HOMEIMPROVEMENT,B,10000,11.36,0,0.18,N,10,2024-05-03
34,38000,OWN,1.0,HOMEIMPROVEMENT,A,10000,8.94,0,0.26,N,9,2024-11-26
30,53004,RENT,3.0,DEBTCONSOLIDATION,D,14000,15.28,1,0.26,Y,10,2024-01-05
32,40100,RENT,3.0,MEDICAL,C,7175,12.99,0,0.18,Y,6,2024-08-21
29,480000,MORTGAGE,6.0,DEBTCONSOLIDATION,A,6500,5.42,0,0.01,N,9,2024-06-06
30,80000,MORTGAGE,2.0,EDUCATION,C,6000,14.17,0,0.07,Y,9,2024-02-19
32,91800,MORTGAGE,13.0,MEDICAL,D,8400,15.99,1,0.08,N,9,2024-06-15
35,86000,OWN,5.0,PERSONAL,B,18000,11.013786929274843,0,0.21,N,9,2024-12-15
30,96000,MORTGAGE,7.0,MEDICAL,A,8000,6.99,0,0.08,N,8,2024-07-23
28,54000,RENT,2.0,HOMEIMPROVEMENT,D,12000,15.31,1,0.22,N,6,2024-08-28
29,25000,OWN,5.0,VENTURE,C,10000,13.49,0,0.4,Y,6,2024-07-13
27,45600,MORTGAGE,6.0,DEBTCONSOLIDATION,A,3000,6.99,0,0.07,N,5,2024-07-30
27,40000,RENT,4.0,VENTURE,D,10000,11.013786929274843,0,0.25,Y,10,2024-04-28
33,75653,RENT,2.0,MEDICAL,F,20000,17.58,1,0.22,N,8,2024-08-19
27,63844,MORTGAGE,11.0,DEBTCONSOLIDATION,A,20000,6.54,0,0.31,N,5,2024-11-08
35,120000,RENT,4.0,VENTURE,B,12000,10.99,0,0.1,N,5,2024-02-26
28,50000,RENT,1.0,HOMEIMPROVEMENT,C,16200,13.99,1,0.32,Y,6,2024-08-01
27,84000,MORTGAGE,3.0,DEBTCONSOLIDATION,A,7000,7.29,0,0.08,N,10,2024-12-28
28,50000,RENT,2.0,EDUCATION,B,3000,10.37,0,0.06,N,9,2024-12-14
28,78000,RENT,5.0,PERSONAL,B,12000,10.62,0,0.15,N,6,2024-03-12
27,60132,RENT,11.0,VENTURE,B,10000,10.62,0,0.17,N,10,2024-09-05
35,80000,OWN,5.0,VENTURE,D,15000,15.99,0,0.19,Y,5,2024-05-04
28,215662,MORTGAGE,12.0,HOMEIMPROVEMENT,B,21000,11.99,0,0.1,N,6,2024-03-02
27,120000,MORTGAGE,2.0,VENTURE,B,16000,12.21,0,0.13,N,5,2024-08-21
28,120000,MORTGAGE,11.0,MEDICAL,B,14400,10.74,0,0.12,N,7,2024-09-16
27,127000,MORTGAGE,6.0,VENTURE,B,21000,10.99,0,0.17,N,5,2024-07-14
27,92000,MORTGAGE,11.0,EDUCATION,B,18000,11.48,0,0.2,N,8,2024-09-13
31,56839,RENT,15.0,MEDICAL,D,9000,15.33,1,0.16,N,6,2024-05-10
28,124886,MORTGAGE,12.0,PERSONAL,B,5000,11.99,1,0.04,N,5,2024-07-03
29,36100,MORTGAGE,2.0,PERSONAL,C,14000,14.27,0,0.39,N,10,2024-11-05
30,90000,MORTGAGE,14.0,PERSONAL,A,18000,8.49,0,0.2,N,7,2024-02-28
27,104371,RENT,4.0,EDUCATION,D,15000,16.77,0,0.14,Y,6,2024-06-26
33,98000,RENT,2.0,HOMEIMPROVEMENT,A,20000,6.91,0,0.2,N,7,2024-04-18
29,37100,MORTGAGE,9.0,PERSONAL,E,3000,16.82,0,0.08,N,7,2024-07-21
28,125000,MORTGAGE,8.0,MEDICAL,B,8000,11.14,0,0.06,N,6,2024-08-06
29,142000,OWN,14.0,PERSONAL,B,24250,11.48,0,0.17,N,8,2024-11-28
27,125000,MORTGAGE,2.0,DEBTCONSOLIDATION,A,8000,6.76,0,0.06,N,6,2024-10-19
34,38769,MORTGAGE,3.0,DEBTCONSOLIDATION,A,2400,8.9,0,0.06,N,6,2024-03-28
28,65000,MORTGAGE,3.0,HOMEIMPROVEMENT,A,10000,7.49,0,0.15,N,7,2024-08-20
34,55000,MORTGAGE,4.0,EDUCATION,C,7000,13.49,0,0.13,N,7,2024-03-19
34,70000,RENT,1.0,DEBTCONSOLIDATION,B,6000,11.89,0,0.09,N,7,2024-05-10
27,72000,MORTGAGE,6.0,EDUCATION,A,6000,5.42,0,0.08,N,6,2024-01-08
27,140987,MORTGAGE,5.0,VENTURE,A,6450,5.99,0,0.05,N,6,2024-06-22
28,56864,MORTGAGE,5.0,MEDICAL,A,12300,7.88,0,0.22,N,8,2024-11-04
34,42000,RENT,5.0,MEDICAL,A,18825,7.9,1,0.45,N,9,2024-05-04
31,75000,MORTGAGE,4.0,DEBTCONSOLIDATION,B,13800,11.013786929274843,0,0.18,N,9,2024-09-12
30,100000,RENT,1.0,PERSONAL,B,1000,11.71,0,0.01,N,6,2024-08-25
29,57600,RENT,1.0,EDUCATION,B,6000,9.91,0,0.1,N,5,2024-09-15
28,72000,MORTGAGE,12.0,VENTURE,E,16000,15.95,0,0.22,N,5,2024-02-22
31,39996,RENT,4.0,EDUCATION,B,2400,11.013786929274843,0,0.06,N,10,2024-05-10
27,110000,MORTGAGE,11.0,HOMEIMPROVEMENT,A,3600,6.03,0,0.03,N,5,2024-07-31
28,30000,MORTGAGE,2.0,VENTURE,A,10500,8.94,0,0.35,N,8,2024-10-20
30,51996,MORTGAGE,5.0,PERSONAL,A,3200,6.99,0,0.06,N,5,2024-09-24
29,120000,MORTGAGE,3.0,DEBTCONSOLIDATION,C,6250,12.53,0,0.05,N,9,2024-05-04
27,47900,OWN,1.0,VENTURE,C,7500,13.47,0,0.16,N,6,2024-01-04
30,90000,RENT,14.0,DEBTCONSOLIDATION,A,18000,8.94,0,0.2,N,7,2024-04-16
31,83300,MORTGAGE,9.0,MEDICAL,D,10000,11.013786929274843,1,0.1,Y,5,2024-02-24
31,77500,RENT,4.0,EDUCATION,D,10000,16.49,0,0.13,Y,7,2024-12-23
33,97000,RENT,4.0,EDUCATION,C,7000,12.98,0,0.07,Y,8,2024-11-10
27,56888,RENT,8.0,EDUCATION,D,8000,16.29,0,0.14,Y,5,2024-01-17
30,40000,RENT,8.0,VENTURE,A,2500,5.79,0,0.06,N,8,2024-01-02
31,29000,RENT,14.0,HOMEIMPROVEMENT,C,15075,11.013786929274843,1,0.52,N,7,2024-04-18
35,106369,MORTGAGE,2.0,VENTURE,A,8325,6.99,0,0.08,N,10,2024-01-08
27,67000,RENT,1.0,PERSONAL,C,2800,13.04,0,0.04,N,7,2024-04-02
31,101000,RENT,2.0,VENTURE,C,7500,13.22,0,0.07,N,9,2024-04-27
34,220000,MORTGAGE,13.0,DEBTCONSOLIDATION,C,11275,12.99,0,0.05,Y,8,2024-02-28
30,95000,MORTGAGE,6.0,PERSONAL,A,4000,5.99,0,0.04,N,7,2024-04-18
34,80000,RENT,4.0,EDUCATION,A,5000,6.17,0,0.06,N,8,2024-10-25
27,36400,RENT,5.0,EDUCATION,A,9000,7.49,0,0.25,N,6,2024-12-17
33,36000,MORTGAGE,10.0,VENTURE,A,5000,8.49,0,0.14,N,9,2024-04-21
30,65000,MORTGAGE,3.0,HOMEIMPROVEMENT,D,20000,16.77,0,0.31,Y,5,2024-06-07
33,45000,MORTGAGE,3.0,EDUCATION,D,8000,16.49,1,0.18,N,7,2024-12-15
27,129700,MORTGAGE,1.0,PERSONAL,A,10000,6.54,0,0.08,N,7,2024-04-16
27,78000,MORTGAGE,1.0,VENTURE,A,5125,8.59,0,0.07,N,8,2024-09-07
33,82000,MORTGAGE,2.0,VENTURE,A,6000,7.51,0,0.07,N,6,2024-04-07
28,43200,RENT,1.0,EDUCATION,A,3000,7.49,0,0.07,N,7,2024-09-04
28,31000,RENT,7.0,MEDICAL,D,3600,14.11,1,0.12,Y,8,2024-03-27
31,83000,MORTGAGE,9.0,VENTURE,F,18000,19.74,1,0.22,Y,8,2024-03-02
29,61656,RENT,4.0,PERSONAL,A,15000,6.91,0,0.24,N,9,2024-02-24
32,30000,RENT,1.0,EDUCATION,B,11450,9.99,1,0.38,N,6,2024-03-13
31,26010,MORTGAGE,2.0,PERSONAL,B,6500,9.99,0,0.25,N,9,2024-08-17
30,52000,MORTGAGE,4.0,HOMEIMPROVEMENT,B,14675,9.63,0,0.28,N,7,2024-05-31
36,1200000,OWN,16.0,MEDICAL,A,10000,6.54,0,0.01,N,11,2024-07-03
40,1200000,MORTGAGE,1.0,MEDICAL,A,10000,11.013786929274843,0,0.01,N,16,2024-10-24
36,900000,MORTGAGE,8.0,PERSONAL,B,6000,11.013786929274843,0,0.01,N,12,2024-08-20
45,80000,RENT,10.0,MEDICAL,A,35000,11.013786929274843,1,0.44,N,13,2024-12-18
39,708000,MORTGAGE,14.0,DEBTCONSOLIDATION,B,25000,12.18,0,0.04,N,12,2024-06-10
44,584800,MORTGAGE,4.0,MEDICAL,C,20000,11.013786929274843,1,0.03,Y,16,2024-11-07
36,700000,MORTGAGE,16.0,MEDICAL,C,25000,12.53,0,0.04,Y,13,2024-09-19
40,540600,MORTGAGE,8.0,MEDICAL,D,35000,15.99,1,0.06,Y,11,2024-12-28
37,85000,RENT,5.0,HOMEIMPROVEMENT,A,35000,8.9,1,0.41,N,17,2024-04-23
43,500000,MORTGAGE,5.0,VENTURE,C,25000,12.61,0,0.05,Y,14,2024-04-07
39,403750,MORTGAGE,10.0,MEDICAL,B,35000,11.013786929274843,1,0.07,N,11,2024-09-26
41,480000,MORTGAGE,3.0,DEBTCONSOLIDATION,A,16000,7.9,0,0.03,N,17,2024-11-19
40,133000,RENT,2.0,EDUCATION,D,35000,14.54,1,0.26,Y,17,2024-07-13
36,408000,MORTGAGE,12.0,HOMEIMPROVEMENT,A,35000,7.9,0,0.09,N,13,2024-10-08
37,408000,RENT,14.0,EDUCATION,C,6000,12.61,0,0.01,N,13,2024-05-08
43,400000,MORTGAGE,5.0,VENTURE,B,28000,9.91,0,0.07,N,11,2024-02-21
43,350000,MORTGAGE,3.0,MEDICAL,B,18000,11.49,0,0.05,N,16,2024-07-12
46,336000,OWN,11.0,VENTURE,B,9000,11.49,0,0.03,N,13,2024-12-01
44,67920,RENT,13.0,HOMEIMPROVEMENT,A,32400,11.013786929274843,1,0.48,N,13,2024-02-22
43,74000,RENT,2.0,DEBTCONSOLIDATION,E,30600,18.79,1,0.41,N,17,2024-04-22
38,306000,MORTGAGE,9.0,VENTURE,B,15000,10.62,0,0.05,N,17,2024-05-28
47,305000,MORTGAGE,6.0,HOMEIMPROVEMENT,C,10000,13.43,0,0.03,Y,12,2024-06-20
37,300000,MORTGAGE,7.0,EDUCATION,B,25000,11.49,0,0.08,N,14,2024-02-08
36,90000,RENT,7.0,PERSONAL,D,30000,15.99,1,0.33,Y,11,2024-05-16
36,280000,RENT,3.0,DEBTCONSOLIDATION,C,5000,14.26,0,0.02,N,16,2024-09-02
43,267000,MORTGAGE,14.0,DEBTCONSOLIDATION,B,21000,12.69,0,0.08,N,13,2024-08-06
37,260000,MORTGAGE,12.0,VENTURE,D,20000,14.96,0,0.08,N,12,2024-09-02
36,250000,MORTGAGE,14.0,PERSONAL,C,31400,14.27,0,0.13,Y,16,2024-11-14
44,12000,OWN,5.0,HOMEIMPROVEMENT,B,2000,9.88,1,0.17,N,11,2024-11-07
36,250000,RENT,2.0,DEBTCONSOLIDATION,A,20000,7.88,0,0.08,N,17,2024-12-09
41,250000,MORTGAGE,14.0,DEBTCONSOLIDATION,C,4200,13.11,0,0.02,N,14,2024-04-27
36,250000,MORTGAGE,2.0,VENTURE,A,4000,7.14,0,0.02,N,12,2024-08-30
40,233000,MORTGAGE,6.0,MEDICAL,B,15000,11.83,0,0.06,N,15,2024-07-01
42,47000,RENT,2.0,MEDICAL,B,25000,12.18,1,0.53,N,15,2024-08-26
45,225000,RENT,14.0,PERSONAL,B,22200,12.69,0,0.1,N,12,2024-07-11
41,225000,MORTGAGE,13.0,HOMEIMPROVEMENT,D,35000,15.62,0,0.16,N,14,2024-03-01
45,225000,MORTGAGE,9.0,PERSONAL,C,10000,11.013786929274843,0,0.04,Y,11,2024-01-08
40,176800,RENT,8.0,MEDICAL,B,25000,10.99,1,0.12,N,17,2024-01-04
40,210000,MORTGAGE,11.0,EDUCATION,A,20000,6.17,0,0.1,N,17,2024-09-08
42,210000,MORTGAGE,3.0,VENTURE,C,16000,13.47,0,0.08,N,11,2024-05-14
45,210000,MORTGAGE,14.0,DEBTCONSOLIDATION,A,12000,9.63,0,0.06,N,12,2024-05-31
41,49000,RENT,4.0,HOMEIMPROVEMENT,E,25000,17.04,1,0.51,N,13,2024-01-04
38,202000,MORTGAGE,2.0,VENTURE,C,15000,12.04,0,0.07,N,13,2024-07-05
40,201400,RENT,2.0,EDUCATION,C,12450,12.23,0,0.06,N,15,2024-12-10
45,60000,RENT,4.0,DEBTCONSOLIDATION,B,25000,9.99,1,0.42,N,16,2024-12-17
38,200000,MORTGAGE,2.0,PERSONAL,A,25000,7.9,0,0.13,N,13,2024-02-21
37,200000,MORTGAGE,2.0,DEBTCONSOLIDATION,A,6000,5.42,0,0.03,N,14,2024-04-22
39,200000,MORTGAGE,3.0,PERSONAL,A,4800,7.49,0,0.02,N,13,2024-01-16
36,200000,MORTGAGE,8.0,MEDICAL,A,14000,7.49,0,0.07,N,15,2024-04-21
37,200000,MORTGAGE,7.0,EDUCATION,D,25000,15.57,0,0.13,N,14,2024-01-22
36,200000,OWN,12.0,HOMEIMPROVEMENT,D,25000,15.2,0,0.13,Y,13,2024-09-04
41,200000,MORTGAGE,2.0,VENTURE,B,1000,10.38,0,0.01,N,13,2024-10-07
37,200000,MORTGAGE,3.0,HOMEIMPROVEMENT,B,25000,10.75,0,0.13,N,11,2024-06-29
41,66504,RENT,5.0,EDUCATION,E,25000,17.56,1,0.38,Y,15,2024-05-08
47,55250,RENT,9.0,MEDICAL,D,25000,11.013786929274843,1,0.38,Y,13,2024-11-19
44,72136,RENT,7.0,HOMEIMPROVEMENT,F,25000,19.41,1,0.35,N,17,2024-08-04
37,192000,MORTGAGE,14.0,DEBTCONSOLIDATION,A,25600,5.99,0,0.13,N,17,2024-12-31
46,192000,MORTGAGE,1.0,VENTURE,C,25000,14.79,0,0.13,Y,14,2024-10-02
36,192000,OTHER,11.0,VENTURE,B,20000,11.48,0,0.1,N,17,2024-03-26
44,189996,MORTGAGE,12.0,PERSONAL,C,8000,13.16,0,0.04,N,15,2024-05-12
36,14400,OWN,7.0,DEBTCONSOLIDATION,A,7000,5.42,1,0.49,N,16,2024-08-12
36,174462,RENT,9.0,VENTURE,E,20000,17.04,1,0.11,N,16,2024-01-08
37,186000,OWN,7.0,VENTURE,A,3000,6.39,0,0.02,N,17,2024-05-13
43,180000,MORTGAGE,5.0,HOMEIMPROVEMENT,C,6000,14.27,0,0.03,N,17,2024-05-08
42,14400,OWN,3.0,MEDICAL,A,3500,11.013786929274843,1,0.24,N,11,2024-07-16
36,84000,RENT,6.0,EDUCATION,C,25000,12.87,0,0.3,Y,11,2024-11-03
36,84996,RENT,2.0,EDUCATION,B,25000,11.86,0,0.29,N,11,2024-08-03
36,180000,RENT,5.0,EDUCATION,B,24000,9.99,0,0.13,N,15,2024-05-26
45,180000,MORTGAGE,8.0,MEDICAL,A,10000,5.99,0,0.06,N,11,2024-11-17
39,78000,RENT,3.0,HOMEIMPROVEMENT,D,25000,16.02,1,0.32,N,17,2024-03-18
45,82800,RENT,4.0,EDUCATION,C,25000,12.87,1,0.3,Y,14,2024-04-02
36,175000,MORTGAGE,2.0,MEDICAL,A,11800,7.51,0,0.07,N,11,2024-07-26
38,175000,MORTGAGE,10.0,EDUCATION,B,21000,9.99,0,0.12,N,14,2024-05-26
37,97000,RENT,8.0,HOMEIMPROVEMENT,F,25000,19.41,0,0.26,N,11,2024-11-01
37,88000,RENT,4.0,PERSONAL,G,25000,19.66,1,0.28,Y,12,2024-12-16
36,15000,OWN,2.0,PERSONAL,C,5000,13.92,1,0.33,Y,15,2024-09-02
47,90000,RENT,1.0,VENTURE,D,25000,15.65,1,0.28,Y,17,2024-05-03
37,175000,RENT,2.0,HOMEIMPROVEMENT,B,15000,9.76,0,0.09,N,17,2024-05-17
37,174996,MORTGAGE,11.0,MEDICAL,C,6500,13.35,0,0.04,Y,17,2024-05-03
41,171194,MORTGAGE,9.0,HOMEIMPROVEMENT,B,25000,11.12,0,0.15,N,14,2024-05-06
37,170004,MORTGAGE,1.0,HOMEIMPROVEMENT,E,25000,16.45,0,0.15,Y,13,2024-01-20
37,110000,RENT,12.0,EDUCATION,B,25000,10.99,0,0.23,N,12,2024-01-02
40,98004,RENT,4.0,DEBTCONSOLIDATION,F,25000,19.04,1,0.26,Y,16,2024-10-30
46,170000,MORTGAGE,13.0,HOMEIMPROVEMENT,B,7200,9.91,0,0.04,N,12,2024-02-24
39,170000,MORTGAGE,16.0,MEDICAL,A,32000,7.49,0,0.19,N,13,2024-05-14
39,170000,RENT,9.0,DEBTCONSOLIDATION,C,17000,12.99,0,0.1,N,14,2024-05-26
37,114000,RENT,10.0,VENTURE,F,25000,11.013786929274843,0,0.22,N,13,2024-12-13
36,103000,RENT,6.0,VENTURE,C,25000,12.53,1,0.24,Y,15,2024-01-01
38,124499,RENT,3.0,EDUCATION,C,25000,13.06,0,0.2,N,13,2024-12-12
39,100300,RENT,2.0,MEDICAL,D,25000,15.7,1,0.21,Y,16,2024-01-28
40,15600,OWN,2.0,EDUCATION,D,4000,15.7,1,0.26,Y,13,2024-04-26
47,165000,MORTGAGE,2.0,HOMEIMPROVEMENT,D,19800,15.65,0,0.12,N,16,2024-10-30
40,158000,RENT,2.0,HOMEIMPROVEMENT,E,25000,16.82,1,0.16,N,16,2024-05-18
38,16500,OWN,1.0,VENTURE,C,2000,13.23,0,0.12,N,11,2024-01-05
36,430000,RENT,2.0,VENTURE,C,25000,13.8,0,0.06,Y,16,2024-02-15
37,160000,MORTGAGE,3.0,PERSONAL,A,24000,6.54,0,0.15,N,15,2024-10-01
38,87000,RENT,3.0,HOMEIMPROVEMENT,B,24250,11.013786929274843,0,0.28,N,12,2024-12-21
37,76066,RENT,10.0,DEBTCONSOLIDATION,D,24250,15.65,1,0.32,Y,13,2024-04-21
42,68850,RENT,8.0,MEDICAL,D,24250,15.58,1,0.3,N,14,2024-01-21
36,148000,MORTGAGE,6.0,DEBTCONSOLIDATION,D,10000,14.11,1,0.07,N,13,2024-09-14
40,125000,RENT,1.0,DEBTCONSOLIDATION,B,24250,11.013786929274843,0,0.19,N,17,2024-03-18
40,45000,RENT,15.0,EDUCATION,B,24000,10.65,1,0.53,N,11,2024-02-13
38,17108,MORTGAGE,7.0,EDUCATION,A,4375,7.51,1,0.26,N,17,2024-02-06
39,55059,RENT,16.0,DEBTCONSOLIDATION,B,24000,12.53,1,0.44,N,15,2024-03-08
38,60000,RENT,2.0,PERSONAL,C,24000,13.85,1,0.4,N,16,2024-09-12
36,17640,OWN,4.0,HOMEIMPROVEMENT,A,5875,7.9,1,0.33,N,12,2024-02-23
36,72800,RENT,3.0,HOMEIMPROVEMENT,D,24000,14.09,1,0.33,N,12,2024-12-08
36,78708,RENT,7.0,MEDICAL,B,24000,11.12,0,0.3,N,12,2024-08-09
43,97500,RENT,6.0,VENTURE,B,24000,10.99,0,0.25,N,11,2024-02-21
36,100300,RENT,3.0,HOMEIMPROVEMENT,B,24000,11.99,0,0.24,N,11,2024-11-23
48,130000,RENT,2.0,EDUCATION,B,24000,9.91,0,0.18,N,15,2024-06-23
41,60000,RENT,7.0,HOMEIMPROVEMENT,A,23800,6.91,1,0.4,N,15,2024-04-13
37,38400,RENT,6.0,EDUCATION,D,23500,11.013786929274843,1,0.61,Y,16,2024-05-05
39,64000,RENT,4.0,EDUCATION,C,23500,14.26,1,0.37,N,13,2024-08-08
37,18000,OWN,4.0,PERSONAL,C,1500,13.47,0,0.08,N,13,2024-01-01
40,83000,RENT,3.0,HOMEIMPROVEMENT,D,23000,12.36,1,0.28,Y,11,2024-01-18
42,67147,RENT,6.0,MEDICAL,D,22400,14.11,1,0.28,Y,11,2024-07-10
38,83000,RENT,3.0,HOMEIMPROVEMENT,G,22250,23.22,1,0.27,Y,12,2024-08-23
47,38400,RENT,3.0,MEDICAL,F,22000,18.78,1,0.57,Y,17,2024-07-02
38,56524,RENT,16.0,HOMEIMPROVEMENT,B,22000,10.75,1,0.39,N,15,2024-07-24
43,72000,RENT,11.0,EDUCATION,B,22000,10.62,1,0.31,N,11,2024-03-05
42,82000,RENT,6.0,DEBTCONSOLIDATION,B,22000,10.99,0,0.27,N,12,2024-02-25
39,119000,RENT,3.0,DEBTCONSOLIDATION,B,22000,11.49,0,0.18,N,12,2024-11-15
40,167000,RENT,2.0,VENTURE,B,22000,10.99,0,0.13,N,13,2024-09-27
48,19200,OWN,1.0,EDUCATION,C,7000,11.013786929274843,1,0.36,Y,12,2024-07-08
37,40000,RENT,1.0,VENTURE,C,21250,12.99,1,0.53,N,16,2024-08-02
36,42000,RENT,1.0,EDUCATION,A,21000,7.49,1,0.5,N,11,2024-11-12
39,58000,RENT,5.0,EDUCATION,B,21000,10.83,1,0.36,N,16,2024-07-07
36,59000,RENT,2.0,MEDICAL,D,21000,14.11,1,0.36,Y,16,2024-04-23
39,110000,RENT,17.0,MEDICAL,B,21000,11.11,0,0.19,N,16,2024-11-05
38,200000,RENT,4.0,HOMEIMPROVEMENT,B,21000,10.37,0,0.1,N,11,2024-06-10
39,48000,RENT,4.0,MEDICAL,D,20500,14.59,1,0.43,N,16,2024-05-28
36,69996,RENT,6.0,VENTURE,B,20400,10.37,0,0.29,N,14,2024-04-15
37,69996,RENT,5.0,MEDICAL,C,20400,13.06,0,0.29,Y,11,2024-01-10
36,38000,RENT,15.0,VENTURE,C,20000,12.41,1,0.53,Y,16,2024-10-05
37,20000,OWN,2.0,VENTURE,B,3000,12.69,0,0.15,N,17,2024-08-03
48,39915,RENT,15.0,VENTURE,A,20000,7.49,1,0.5,N,12,2024-01-20
36,45000,RENT,4.0,MEDICAL,B,20000,11.36,1,0.44,N,14,2024-08-21
36,48000,RENT,2.0,MEDICAL,C,20000,13.61,1,0.42,N,14,2024-07-10
38,50000,RENT,8.0,MEDICAL,C,20000,13.85,1,0.4,N,14,2024-06-04
40,50004,RENT,3.0,DEBTCONSOLIDATION,B,20000,11.013786929274843,1,0.4,N,17,2024-06-03
37,45000,RENT,2.0,HOMEIMPROVEMENT,B,20000,12.53,1,0.44,N,14,2024-08-23
43,20000,OWN,15.0,EDUCATION,A,5000,7.14,0,0.25,N,15,2024-10-25
40,45996,RENT,4.0,DEBTCONSOLIDATION,D,20000,14.61,1,0.43,N,11,2024-02-19
39,62400,RENT,7.0,PERSONAL,C,20000,12.68,1,0.32,N,13,2024-11-10
38,64700,RENT,5.0,DEBTCONSOLIDATION,B,20000,11.11,1,0.31,N,13,2024-02-26
39,65000,RENT,12.0,VENTURE,B,20000,10.74,1,0.31,N,17,2024-06-01
37,65000,RENT,2.0,PERSONAL,B,20000,10.25,1,0.31,N,16,2024-05-13
37,65000,RENT,4.0,HOMEIMPROVEMENT,F,20000,16.71,1,0.31,N,17,2024-03-28
36,65004,RENT,3.0,EDUCATION,D,20000,15.33,1,0.31,N,15,2024-12-24
38,66690,RENT,12.0,EDUCATION,D,20000,14.59,0,0.3,N,14,2024-06-07
38,21000,MORTGAGE,5.0,HOMEIMPROVEMENT,C,3000,13.43,0,0.14,Y,17,2024-02-12
39,72000,RENT,5.0,MEDICAL,B,20000,12.69,0,0.28,N,14,2024-12-14
41,75000,RENT,1.0,PERSONAL,B,20000,11.14,0,0.27,N,11,2024-06-02
36,76464,RENT,8.0,MEDICAL,C,20000,13.22,0,0.26,Y,12,2024-12-18
38,21600,OWN,1.0,EDUCATION,C,4750,15.23,0,0.22,Y,16,2024-05-28
41,21600,OWN,1.0,HOMEIMPROVEMENT,C,3500,13.61,0,0.16,N,12,2024-07-28
38,110000,RENT,5.0,HOMEIMPROVEMENT,A,20000,6.91,0,0.18,N,13,2024-08-13
41,110496,RENT,3.0,HOMEIMPROVEMENT,A,20000,6.91,0,0.18,N,16,2024-05-31
37,120000,RENT,4.0,VENTURE,C,20000,13.47,0,0.17,Y,11,2024-10-17
36,130000,RENT,11.0,EDUCATION,E,20000,11.013786929274843,0,0.15,Y,14,2024-11-18
39,23000,OWN,6.0,MEDICAL,A,6400,8.9,0,0.28,N,14,2024-07-25
41,150000,RENT,13.0,PERSONAL,F,20000,19.47,0,0.13,N,15,2024-01-14
45,23000,OWN,2.0,PERSONAL,A,7000,7.29,0,0.3,N,15,2024-08-10
40,172800,RENT,9.0,DEBTCONSOLIDATION,B,20000,11.013786929274843,0,0.12,N,13,2024-09-02
42,889000,RENT,13.0,EDUCATION,A,20000,11.013786929274843,0,0.02,N,17,2024-07-24
40,23004,OWN,2.0,MEDICAL,A,7750,7.88,0,0.34,N,16,2024-05-18
41,23396,OWN,5.0,HOMEIMPROVEMENT,B,10000,10.38,0,0.43,N,16,2024-04-01
38,48384,RENT,4.0,MEDICAL,D,19000,14.96,1,0.39,Y,16,2024-07-05
37,103000,RENT,3.0,DEBTCONSOLIDATION,A,18550,7.88,0,0.18,N,12,2024-11-16
38,24000,MORTGAGE,6.0,DEBTCONSOLIDATION,A,1500,6.03,0,0.06,N,16,2024-02-21
38,40000,RENT,4.0,EDUCATION,B,18225,12.42,1,0.46,N,17,2024-02-02
42,45000,RENT,1.0,DEBTCONSOLIDATION,B,18200,10.83,1,0.4,N,14,2024-10-27
37,58000,RENT,9.0,MEDICAL,B,18200,10.99,1,0.31,N,11,2024-06-27
41,24000,MORTGAGE,5.0,MEDICAL,A,1500,11.013786929274843,0,0.06,N,15,2024-12-15
37,43200,RENT,5.0,VENTURE,B,18000,8.88,1,0.42,N,16,2024-02-18
43,50000,RENT,6.0,PERSONAL,C,18000,14.35,1,0.36,N,16,2024-01-18
45,48500,RENT,7.0,MEDICAL,C,18000,13.85,1,0.37,Y,15,2024-09-06
40,55000,RENT,14.0,HOMEIMPROVEMENT,A,18000,7.88,1,0.33,N,14,2024-06-21
39,70000,RENT,3.0,PERSONAL,B,18000,11.14,0,0.26,N,14,2024-02-16
39,73500,RENT,1.0,EDUCATION,C,18000,11.013786929274843,0,0.24,Y,15,2024-03-23
36,24000,OWN,5.0,VENTURE,C,4000,14.72,0,0.17,Y,15,2024-10-25
38,77000,RENT,9.0,VENTURE,B,18000,10.65,0,0.23,N,11,2024-08-23
38,81000,RENT,7.0,DEBTCONSOLIDATION,B,18000,10.59,0,0.22,N,16,2024-06-14
36,82000,RENT,12.0,HOMEIMPROVEMENT,C,18000,13.22,0,0.22,N,17,2024-03-19
48,82500,RENT,4.0,HOMEIMPROVEMENT,A,18000,7.51,0,0.22,N,16,2024-10-01
47,24000,MORTGAGE,4.0,HOMEIMPROVEMENT,D,5100,11.013786929274843,0,0.21,Y,16,2024-04-06
40,85000,RENT,5.0,HOMEIMPROVEMENT,B,18000,11.48,0,0.21,N,13,2024-07-02
43,90000,RENT,9.0,MEDICAL,C,18000,13.11,0,0.2,N,12,2024-06-29
44,24000,OWN,5.0,EDUCATION,D,5000,14.74,0,0.21,Y,15,2024-08-31
39,168000,RENT,2.0,HOMEIMPROVEMENT,E,18000,17.93,1,0.11,N,11,2024-01-05
36,24000,MORTGAGE,2.0,DEBTCONSOLIDATION,A,1500,9.63,0,0.06,N,16,2024-06-11
38,51000,RENT,3.0,HOMEIMPROVEMENT,B,17000,10.38,1,0.33,N,11,2024-11-03
46,72194,RENT,8.0,PERSONAL,B,17000,8.88,0,0.24,N,15,2024-11-11
42,75000,RENT,6.0,MEDICAL,A,17000,7.9,0,0.23,N,15,2024-12-16
37,25000,OWN,8.0,VENTURE,C,10625,13.06,0,0.42,Y,12,2024-03-01
36,25000,MORTGAGE,4.0,MEDICAL,A,11500,7.29,0,0.46,N,12,2024-07-17
38,47000,RENT,4.0,DEBTCONSOLIDATION,A,16500,7.9,1,0.35,N,16,2024-03-19
43,25000,MORTGAGE,10.0,EDUCATION,B,10000,9.62,0,0.4,N,17,2024-05-02
36,72000,RENT,5.0,VENTURE,C,16500,13.61,0,0.23,N,11,2024-04-23
48,92000,RENT,6.0,DEBTCONSOLIDATION,B,16500,12.69,0,0.18,N,15,2024-01-01
36,36000,RENT,7.0,PERSONAL,A,16000,8.9,1,0.44,N,17,2024-12-10
39,43680,RENT,9.0,MEDICAL,B,16000,11.013786929274843,1,0.37,N,16,2024-01-19
41,45000,RENT,2.0,MEDICAL,C,16000,12.99,1,0.36,N,14,2024-07-25
36,44000,RENT,4.0,DEBTCONSOLIDATION,C,16000,14.65,1,0.36,N,11,2024-02-22
42,54000,RENT,4.0,DEBTCONSOLIDATION,C,16000,12.87,1,0.3,Y,14,2024-02-29
37,25700,MORTGAGE,5.0,EDUCATION,D,1600,11.013786929274843,0,0.06,N,14,2024-11-10
39,65000,RENT,4.0,HOMEIMPROVEMENT,B,16000,11.83,0,0.25,N,16,2024-03-31
39,67000,RENT,6.0,VENTURE,B,16000,10.99,0,0.24,N,16,2024-12-25
39,70000,RENT,8.0,MEDICAL,A,16000,7.9,0,0.23,N,14,2024-10-24
40,70000,RENT,2.0,DEBTCONSOLIDATION,B,16000,11.99,0,0.23,N,12,2024-07-05
48,71004,RENT,5.0,PERSONAL,B,16000,9.25,0,0.23,N,17,2024-09-28
38,25000,RENT,1.0,EDUCATION,A,1000,8.0,0,0.04,N,16,2024-09-07
37,26000,OWN,2.0,MEDICAL,A,6000,8.59,0,0.23,N,12,2024-10-24
41,28800,RENT,2.0,EDUCATION,C,1000,11.013786929274843,0,0.03,N,13,2024-01-03
46,35000,RENT,1.0,VENTURE,A,1000,7.9,0,0.03,N,12,2024-05-06
41,26400,MORTGAGE,1.0,PERSONAL,D,10300,16.29,1,0.39,Y,14,2024-06-08
45,38400,RENT,4.0,DEBTCONSOLIDATION,C,1000,14.72,0,0.03,Y,12,2024-04-19
37,44000,RENT,14.0,EDUCATION,A,1000,5.42,0,0.02,N,13,2024-08-15
41,26400,MORTGAGE,4.0,DEBTCONSOLIDATION,B,6000,12.21,1,0.23,N,16,2024-11-07
44,26500,MORTGAGE,5.0,DEBTCONSOLIDATION,A,6200,6.03,0,0.23,N,16,2024-09-29
45,26748,OWN,8.0,MEDICAL,A,4000,7.88,0,0.15,N,12,2024-09-10
36,16800,RENT,2.0,PERSONAL,C,1200,13.06,0,0.07,N,15,2024-03-15
36,29000,RENT,9.0,MEDICAL,B,1200,12.42,0,0.04,N,15,2024-04-22
36,27000,OWN,4.0,HOMEIMPROVEMENT,A,6000,7.14,0,0.22,N,15,2024-10-31
41,57000,RENT,3.0,PERSONAL,D,1200,15.99,0,0.02,Y,12,2024-12-11
40,27040,MORTGAGE,7.0,EDUCATION,B,6925,9.99,0,0.26,N,15,2024-08-23
38,27500,MORTGAGE,5.0,MEDICAL,C,4700,13.92,0,0.17,N,13,2024-11-29
37,26400,RENT,5.0,EDUCATION,A,1500,6.91,0,0.06,N,17,2024-10-25
41,27340,RENT,7.0,DEBTCONSOLIDATION,C,1500,12.99,0,0.05,Y,15,2024-09-07
48,29004,RENT,6.0,MEDICAL,A,1500,7.51,0,0.05,N,15,2024-07-25
42,30132,RENT,4.0,VENTURE,C,1500,12.98,0,0.05,Y,14,2024-08-16
40,30996,RENT,2.0,MEDICAL,C,1500,13.72,1,0.05,Y,14,2024-05-03
42,35004,RENT,12.0,MEDICAL,A,1500,7.37,0,0.04,N,12,2024-10-20
41,35400,RENT,11.0,VENTURE,C,1500,12.87,0,0.04,Y,14,2024-03-30
43,28000,MORTGAGE,4.0,HOMEIMPROVEMENT,D,6250,11.013786929274843,1,0.22,Y,13,2024-07-26
41,32004,RENT,2.0,HOMEIMPROVEMENT,D,1500,14.74,1,0.05,N,17,2024-01-28
48,33500,RENT,1.0,HOMEIMPROVEMENT,D,1500,14.74,1,0.04,N,11,2024-09-07
36,28000,MORTGAGE,1.0,VENTURE,D,3075,15.62,1,0.11,Y,12,2024-12-11
39,39000,RENT,7.0,DEBTCONSOLIDATION,B,1500,10.36,1,0.04,N,16,2024-11-22
40,49788,RENT,1.0,DEBTCONSOLIDATION,A,1500,9.32,0,0.03,N,16,2024-01-03
48,28000,MORTGAGE,7.0,HOMEIMPROVEMENT,A,7500,7.74,0,0.27,N,16,2024-10-09
41,55000,RENT,3.0,VENTURE,A,1500,5.99,0,0.03,N,15,2024-04-14
41,63000,RENT,1.0,PERSONAL,A,1500,8.0,0,0.02,N,17,2024-10-17
45,74600,RENT,2.0,MEDICAL,C,1500,13.61,0,0.02,N,13,2024-04-07
36,89004,RENT,2.0,PERSONAL,B,1500,11.36,0,0.02,N,14,2024-04-13
40,90000,RENT,1.0,EDUCATION,C,1500,14.27,0,0.02,Y,14,2024-01-01
37,28500,MORTGAGE,6.0,EDUCATION,A,1800,6.76,0,0.06,N,12,2024-01-28
44,27000,RENT,5.0,EDUCATION,A,1700,6.99,0,0.06,N,15,2024-03-20
39,28650,MORTGAGE,1.0,MEDICAL,B,8000,10.37,0,0.28,N,14,2024-03-23
40,19200,RENT,2.0,VENTURE,B,1800,11.99,0,0.09,N,13,2024-07-07
36,45000,RENT,3.0,DEBTCONSOLIDATION,C,1800,14.27,0,0.04,Y,15,2024-03-04
39,44000,RENT,11.0,MEDICAL,D,1800,14.91,1,0.04,N,17,2024-08-17
37,28800,MORTGAGE,3.0,VENTURE,A,4000,6.54,0,0.14,N,17,2024-06-03
37,50400,RENT,9.0,VENTURE,A,1800,8.9,0,0.04,N,11,2024-12-12
37,51000,RENT,5.0,DEBTCONSOLIDATION,A,1800,7.51,0,0.04,N,14,2024-01-12
36,156326,RENT,10.0,HOMEIMPROVEMENT,A,1800,8.0,0,0.01,N,16,2024-01-09
43,11340,RENT,4.0,EDUCATION,C,1950,11.013786929274843,1,0.17,N,11,2024-11-22
42,40000,RENT,6.0,DEBTCONSOLIDATION,B,1950,11.86,0,0.05,N,17,2024-04-21
36,90000,RENT,6.0,DEBTCONSOLIDATION,B,1950,12.42,0,0.02,N,15,2024-05-18
37,29000,MORTGAGE,8.0,DEBTCONSOLIDATION,B,7750,11.013786929274843,0,0.27,N,16,2024-11-08
48,15000,RENT,4.0,DEBTCONSOLIDATION,C,2000,12.84,0,0.13,Y,14,2024-09-06
47,18000,RENT,4.0,EDUCATION,A,2000,7.29,0,0.11,N,11,2024-11-18
39,18996,RENT,5.0,EDUCATION,A,2000,7.88,0,0.11,N,12,2024-07-27
43,29004,OWN,3.0,MEDICAL,A,5000,7.88,0,0.17,N,11,2024-09-10
42,20400,RENT,4.0,PERSONAL,F,2000,20.99,0,0.1,Y,13,2024-09-23
46,29004,MORTGAGE,4.0,PERSONAL,B,10000,11.58,0,0.34,N,11,2024-07-30
36,29500,OWN,4.0,VENTURE,B,1250,11.83,0,0.04,N,15,2024-09-13
44,25209,RENT,6.0,MEDICAL,C,2000,11.013786929274843,0,0.08,Y,13,2024-11-16
37,26500,RENT,11.0,EDUCATION,C,2000,13.16,0,0.08,Y,16,2024-05-06
39,28500,RENT,1.0,VENTURE,B,2000,11.013786929274843,0,0.07,N,14,2024-09-24
44,102000,RENT,9.0,MEDICAL,A,15000,8.94,0,0.15,N,12,2024-10-22
44,108000,RENT,2.0,MEDICAL,C,15000,13.57,0,0.14,N,12,2024-01-03
37,30000,OWN,13.0,EDUCATION,D,4800,16.29,0,0.16,N,11,2024-10-11
36,120000,RENT,4.0,HOMEIMPROVEMENT,C,15000,12.99,0,0.13,Y,15,2024-06-13
36,122000,RENT,2.0,HOMEIMPROVEMENT,A,15000,11.013786929274843,0,0.12,N,17,2024-04-20
38,225000,RENT,16.0,EDUCATION,D,15000,15.62,0,0.07,N,17,2024-03-26
37,528000,RENT,4.0,VENTURE,D,15000,11.013786929274843,0,0.03,N,12,2024-12-07
37,63000,RENT,1.0,DEBTCONSOLIDATION,A,14900,9.63,0,0.24,N,13,2024-12-02
36,30123,RENT,5.0,MEDICAL,C,2000,14.26,0,0.07,Y,12,2024-07-25
41,32496,RENT,4.0,EDUCATION,B,2000,10.99,1,0.06,N,12,2024-04-08
38,33000,RENT,2.0,VENTURE,D,2000,16.89,1,0.06,N,14,2024-06-28
45,30000,MORTGAGE,5.0,MEDICAL,C,1000,15.23,0,0.03,Y,11,2024-08-13
43,60000,RENT,5.0,DEBTCONSOLIDATION,B,2000,12.53,0,0.03,N,17,2024-06-07
44,65000,RENT,16.0,MEDICAL,A,2000,7.9,0,0.03,N,14,2024-09-20
37,30000,MORTGAGE,15.0,HOMEIMPROVEMENT,A,8000,11.013786929274843,0,0.27,N,17,2024-05-12
43,85000,RENT,2.0,PERSONAL,A,2000,6.62,0,0.02,N,14,2024-10-10
36,372000,RENT,4.0,DEBTCONSOLIDATION,E,2000,11.013786929274843,1,0.01,Y,14,2024-05-06
40,30000,OWN,4.0,HOMEIMPROVEMENT,C,5000,13.43,0,0.17,Y,11,2024-05-08
38,34800,RENT,1.0,DEBTCONSOLIDATION,C,2100,14.72,0,0.06,N,13,2024-05-08
38,9732,RENT,9.0,EDUCATION,A,2200,9.63,1,0.23,N,17,2024-09-16
39,34000,RENT,1.0,HOMEIMPROVEMENT,D,14000,17.58,1,0.41,N,16,2024-10-21
38,30000,RENT,2.0,DEBTCONSOLIDATION,C,2200,11.013786929274843,0,0.07,Y,11,2024-05-14
36,54000,RENT,2.0,HOMEIMPROVEMENT,C,2225,10.59,1,0.04,N,14,2024-07-04
39,30000,RENT,3.0,DEBTCONSOLIDATION,C,2300,14.79,0,0.08,Y,15,2024-07-23
46,30000,MORTGAGE,13.0,VENTURE,A,3050,7.88,0,0.1,N,14,2024-07-05
38,22000,RENT,2.0,DEBTCONSOLIDATION,C,2350,14.17,0,0.11,Y,16,2024-08-06
37,40080,RENT,7.0,MEDICAL,A,2350,7.88,0,0.06,N,12,2024-09-04
36,13440,RENT,2.0,EDUCATION,D,2400,17.49,1,0.18,Y,11,2024-11-24
39,30000,MORTGAGE,14.0,MEDICAL,D,7200,14.96,1,0.24,Y,11,2024-11-23
36,21996,RENT,3.0,PERSONAL,D,2400,14.11,0,0.11,N,11,2024-11-02
47,30000,OWN,1.0,EDUCATION,C,8000,11.013786929274843,0,0.27,N,17,2024-12-25
40,35000,RENT,17.0,EDUCATION,A,2400,11.013786929274843,0,0.07,N,16,2024-12-25
36,32000,RENT,2.0,MEDICAL,E,2400,18.79,1,0.07,N,14,2024-04-08
36,38568,RENT,7.0,PERSONAL,E,2400,18.39,0,0.06,Y,12,2024-02-05
37,45000,RENT,2.0,VENTURE,B,2400,9.91,0,0.05,N,16,2024-08-13
36,57110,RENT,5.0,EDUCATION,B,2400,10.0,0,0.04,N,15,2024-06-23
36,60000,RENT,2.0,PERSONAL,A,2400,5.79,0,0.04,N,17,2024-02-07
38,30000,MORTGAGE,8.0,PERSONAL,C,10000,11.22,0,0.33,Y,17,2024-10-25
44,30160,MORTGAGE,4.0,PERSONAL,C,7500,11.013786929274843,0,0.25,N,16,2024-10-15
37,30480,OWN,1.0,MEDICAL,B,1200,11.99,0,0.04,N,15,2024-08-05
44,100000,RENT,5.0,EDUCATION,A,13500,8.9,0,0.14,N,17,2024-08-10
39,201000,RENT,6.0,VENTURE,B,13500,11.49,0,0.07,N,14,2024-01-17
36,33481,RENT,9.0,MEDICAL,E,13475,15.68,1,0.4,Y,15,2024-10-04
39,62692,RENT,9.0,VENTURE,B,13200,9.88,0,0.21,N,11,2024-07-09
42,31000,MORTGAGE,5.0,VENTURE,B,7200,11.99,0,0.23,N,17,2024-03-20
40,63000,RENT,2.0,HOMEIMPROVEMENT,B,13050,11.48,0,0.21,N,15,2024-08-05
42,36000,RENT,8.0,MEDICAL,C,13000,12.73,1,0.36,Y,16,2024-04-12
42,38400,RENT,4.0,MEDICAL,B,13000,11.013786929274843,1,0.34,N,11,2024-10-25
38,31200,MORTGAGE,6.0,VENTURE,C,5850,13.49,0,0.19,Y,11,2024-06-22
37,31200,MORTGAGE,5.0,EDUCATION,B,3000,9.99,0,0.1,N,16,2024-06-29
45,22178,RENT,3.0,VENTURE,A,2500,5.99,0,0.11,N,11,2024-07-28
42,26568,RENT,6.0,PERSONAL,B,2500,10.37,0,0.09,N,14,2024-08-13
36,31000,RENT,2.0,EDUCATION,A,2500,8.9,0,0.08,N,13,2024-02-11
42,32004,RENT,1.0,DEBTCONSOLIDATION,A,2500,7.49,1,0.08,N,17,2024-03-13
36,36000,RENT,3.0,EDUCATION,B,2500,9.76,0,0.07,N,15,2024-02-06
36,32000,MORTGAGE,7.0,EDUCATION,B,5300,10.65,0,0.17,N,13,2024-05-10
41,32000,MORTGAGE,2.0,PERSONAL,C,6000,11.013786929274843,0,0.19,N,12,2024-07-13
47,48000,RENT,14.0,MEDICAL,C,2500,14.65,0,0.05,Y,17,2024-10-06
36,32000,MORTGAGE,6.0,DEBTCONSOLIDATION,B,12000,10.37,0,0.38,N,11,2024-05-03
36,32000,MORTGAGE,9.0,EDUCATION,B,5000,8.88,0,0.16,N,13,2024-09-11
36,60072,RENT,14.0,HOMEIMPROVEMENT,B,2500,11.49,1,0.04,N,16,2024-10-18
47,72000,RENT,5.0,VENTURE,D,2500,15.05,0,0.03,N,11,2024-09-05
38,80000,RENT,9.0,PERSONAL,B,2500,10.99,0,0.03,N,13,2024-06-08
44,117300,RENT,3.0,MEDICAL,A,2500,7.29,1,0.02,N,11,2024-07-02
40,24000,RENT,2.0,MEDICAL,A,2800,7.88,0,0.12,N,14,2024-02-28
41,19200,RENT,2.0,MEDICAL,D,2950,16.49,1,0.15,Y,12,2024-03-09
37,14400,RENT,4.0,VENTURE,C,3000,13.61,1,0.21,N,17,2024-01-26
37,17520,RENT,1.0,VENTURE,A,3000,11.013786929274843,1,0.17,N,16,2024-03-26
38,18000,RENT,4.0,EDUCATION,C,3000,13.23,1,0.17,Y,14,2024-08-13
40,21600,RENT,2.0,HOMEIMPROVEMENT,D,3000,14.09,1,0.14,Y,13,2024-06-18
37,21600,RENT,7.0,MEDICAL,B,3000,12.18,0,0.14,N,16,2024-01-15
47,30000,RENT,6.0,PERSONAL,C,3000,12.23,0,0.1,Y,16,2024-04-01
36,30000,RENT,14.0,MEDICAL,B,3000,10.38,0,0.1,N,11,2024-12-23
37,30000,RENT,6.0,MEDICAL,C,3000,11.03,0,0.1,N,13,2024-09-02
36,31200,RENT,9.0,PERSONAL,B,3000,12.42,0,0.1,N,12,2024-08-22
42,32000,RENT,7.0,MEDICAL,A,3000,6.99,0,0.09,N,12,2024-06-16
47,30000,RENT,2.0,HOMEIMPROVEMENT,C,3000,12.99,1,0.1,N,11,2024-07-02
41,37000,RENT,2.0,MEDICAL,B,3000,11.013786929274843,0,0.08,N,16,2024-11-18
40,33000,MORTGAGE,2.0,MEDICAL,B,1000,11.013786929274843,0,0.03,N,16,2024-08-06
37,40000,RENT,1.0,VENTURE,B,3000,11.71,0,0.07,N,15,2024-05-22
42,38000,RENT,3.0,MEDICAL,E,3000,17.56,1,0.08,N,15,2024-11-22
43,46000,RENT,5.0,VENTURE,B,3000,11.71,0,0.07,N,17,2024-01-24
38,47000,RENT,2.0,VENTURE,A,3000,11.013786929274843,0,0.06,N,11,2024-06-27
39,47004,RENT,12.0,MEDICAL,B,3000,11.49,0,0.06,N,13,2024-11-21
47,33600,MORTGAGE,12.0,PERSONAL,A,10000,5.42,0,0.3,N,12,2024-07-26
37,48000,RENT,8.0,EDUCATION,A,3000,6.99,0,0.06,N,14,2024-06-20
38,49000,RENT,4.0,DEBTCONSOLIDATION,A,3000,7.51,0,0.06,N,13,2024-01-11
36,50000,RENT,3.0,VENTURE,B,3000,11.26,0,0.06,N,11,2024-07-25
37,50000,RENT,1.0,VENTURE,B,3000,11.58,0,0.06,N,14,2024-03-29
42,33600,MORTGAGE,11.0,VENTURE,C,5000,11.013786929274843,0,0.15,N,11,2024-10-31
47,33888,MORTGAGE,5.0,PERSONAL,A,7000,7.49,0,0.21,N,13,2024-05-27
39,50000,RENT,8.0,PERSONAL,B,12000,11.71,0,0.24,N,15,2024-09-01
36,34000,MORTGAGE,2.0,VENTURE,B,5000,10.65,0,0.15,N,11,2024-05-19
45,50400,RENT,2.0,HOMEIMPROVEMENT,C,12000,12.87,0,0.24,Y,13,2024-01-05
40,51500,RENT,1.0,VENTURE,B,12000,12.53,0,0.23,N,15,2024-09-11
47,52000,RENT,5.0,EDUCATION,B,12000,11.99,0,0.23,N,14,2024-09-06
40,53000,RENT,2.0,HOMEIMPROVEMENT,A,12000,7.88,0,0.23,N,11,2024-09-19
40,54000,RENT,7.0,PERSONAL,B,12000,10.62,0,0.22,N,14,2024-01-22
45,55000,RENT,17.0,VENTURE,B,12000,9.91,0,0.22,N,12,2024-06-06
43,34000,MORTGAGE,4.0,HOMEIMPROVEMENT,A,9800,11.013786929274843,0,0.29,N,17,2024-04-12
39,49000,RENT,2.0,DEBTCONSOLIDATION,D,12000,14.59,1,0.24,N,14,2024-02-18
41,55000,RENT,9.0,DEBTCONSOLIDATION,B,12000,12.53,0,0.22,N,15,2024-03-14
39,34000,MORTGAGE,1.0,VENTURE,B,5200,9.76,0,0.15,N,16,2024-01-16
37,55200,RENT,9.0,MEDICAL,B,12000,11.71,0,0.22,N,15,2024-04-23
46,56500,RENT,4.0,HOMEIMPROVEMENT,B,12000,10.37,0,0.21,N,14,2024-08-02
40,34560,MORTGAGE,3.0,MEDICAL,B,10000,11.013786929274843,0,0.29,N,12,2024-10-23
40,53000,RENT,2.0,MEDICAL,A,3000,9.32,0,0.06,N,15,2024-10-21
37,49000,RENT,2.0,DEBTCONSOLIDATION,C,3000,11.013786929274843,1,0.06,Y,14,2024-04-05
38,34800,MORTGAGE,2.0,PERSONAL,A,6250,7.49,0,0.18,N,16,2024-01-12
37,55000,RENT,4.0,PERSONAL,B,3000,11.013786929274843,0,0.05,N,14,2024-11-03
40,57000,RENT,1.0,EDUCATION,B,3000,10.0,0,0.05,N,14,2024-04-02
42,58752,RENT,8.0,MEDICAL,B,3000,10.01,0,0.05,N,16,2024-05-04
40,54000,RENT,5.0,EDUCATION,D,3000,16.89,1,0.06,N,15,2024-02-02
36,35000,MORTGAGE,5.0,DEBTCONSOLIDATION,A,12000,8.9,0,0.34,N,17,2024-12-04
40,35000,MORTGAGE,6.0,VENTURE,B,5600,10.65,0,0.16,N,13,2024-12-05
36,62000,RENT,13.0,EDUCATION,A,3000,8.9,0,0.05,N,12,2024-06-21
40,64200,RENT,2.0,EDUCATION,A,3000,7.74,0,0.05,N,13,2024-10-15
37,64680,RENT,10.0,DEBTCONSOLIDATION,B,3000,12.53,0,0.05,N,14,2024-04-03
36,35000,MORTGAGE,4.0,HOMEIMPROVEMENT,D,7500,16.29,0,0.21,N,16,2024-04-09
38,35000,MORTGAGE,6.0,VENTURE,A,4800,7.51,0,0.14,N,14,2024-12-20
40,69996,RENT,6.0,MEDICAL,B,3000,10.75,0,0.04,N,15,2024-03-18
36,29000,MORTGAGE,5.0,EDUCATION,A,4000,8.49,1,0.14,N,13,2024-01-04
40,74500,RENT,2.0,MEDICAL,C,3000,14.27,0,0.04,N,15,2024-08-27
41,85000,RENT,5.0,PERSONAL,C,3000,13.49,0,0.04,N,17,2024-09-29
37,88000,RENT,11.0,PERSONAL,A,3000,7.4,0,0.03,N,15,2024-08-28
39,94000,RENT,1.0,EDUCATION,B,3000,10.99,0,0.03,N,16,2024-09-04
39,97000,RENT,15.0,PERSONAL,B,3000,9.25,0,0.03,N,17,2024-04-14
38,35000,MORTGAGE,7.0,DEBTCONSOLIDATION,A,13075,7.29,0,0.37,N,16,2024-03-16
40,35000,MORTGAGE,3.0,EDUCATION,B,4000,10.37,0,0.11,N,17,2024-10-13
39,360000,RENT,1.0,PERSONAL,B,3000,11.48,0,0.01,N,12,2024-09-14
47,65000,RENT,1.0,DEBTCONSOLIDATION,C,3100,13.49,0,0.05,Y,12,2024-02-04
36,50000,RENT,4.0,HOMEIMPROVEMENT,C,3125,13.47,0,0.06,Y,14,2024-11-06
36,53000,RENT,5.0,HOMEIMPROVEMENT,C,3150,15.27,0,0.06,N,12,2024-04-27
41,35000,MORTGAGE,13.0,PERSONAL,B,1500,10.38,0,0.04,N,16,2024-09-19
36,35000,MORTGAGE,2.0,HOMEIMPROVEMENT,A,7500,11.013786929274843,0,0.21,N,13,2024-04-03
37,33888,RENT,7.0,EDUCATION,D,3200,12.86,0,0.09,Y,16,2024-04-24
41,42000,RENT,1.0,VENTURE,B,3200,12.18,0,0.08,N,16,2024-11-12
47,35000,OWN,9.0,PERSONAL,B,2500,11.013786929274843,0,0.07,N,12,2024-03-05
37,63000,RENT,1.0,DEBTCONSOLIDATION,C,3200,11.013786929274843,0,0.05,N,11,2024-02-14
36,88000,RENT,4.0,MEDICAL,B,3200,10.99,0,0.04,N,13,2024-09-09
45,35000,OTHER,6.0,PERSONAL,B,4800,11.013786929274843,0,0.14,N,12,2024-06-27
42,35000,OWN,12.0,PERSONAL,A,2000,7.37,0,0.06,N,14,2024-11-03
39,28800,RENT,4.0,PERSONAL,C,3250,14.72,0,0.11,N,16,2024-09-14
43,125000,RENT,4.0,EDUCATION,A,3250,7.49,0,0.03,N,16,2024-08-22
45,35004,MORTGAGE,5.0,DEBTCONSOLIDATION,C,10000,11.013786929274843,0,0.29,Y,17,2024-07-11
48,35004,MORTGAGE,14.0,PERSONAL,A,3300,6.39,0,0.09,N,13,2024-06-20
39,40000,RENT,1.0,MEDICAL,A,3300,11.013786929274843,0,0.08,N,13,2024-08-17
38,55000,RENT,9.0,HOMEIMPROVEMENT,D,3325,16.89,0,0.06,N,14,2024-11-24
41,35100,MORTGAGE,3.0,EDUCATION,A,4650,7.88,0,0.13,N,17,2024-12-21
36,35256,MORTGAGE,5.0,HOMEIMPROVEMENT,A,5000,5.99,0,0.14,N,11,2024-08-09
43,35300,MORTGAGE,5.0,MEDICAL,B,10000,10.25,0,0.28,N,13,2024-10-04
42,29000,RENT,3.0,MEDICAL,A,3450,8.0,0,0.12,N,17,2024-09-26
36,16107,RENT,1.0,EDUCATION,B,3500,10.36,1,0.22,N,14,2024-05-09
38,20640,RENT,2.0,MEDICAL,C,3500,12.61,0,0.17,Y,16,2024-08-23
42,35010,RENT,4.0,MEDICAL,C,3500,12.68,0,0.1,Y,16,2024-06-15
39,36000,MORTGAGE,1.0,PERSONAL,A,7125,7.9,0,0.2,N,12,2024-02-22
43,36000,MORTGAGE,5.0,VENTURE,B,5000,9.91,0,0.14,N,17,2024-04-13
39,38400,RENT,5.0,EDUCATION,C,3500,12.99,0,0.09,Y,15,2024-10-25
41,39000,RENT,2.0,PERSONAL,C,3500,13.11,0,0.09,N,13,2024-03-27
41,36000,MORTGAGE,5.0,VENTURE,A,2500,7.9,0,0.07,N,12,2024-02-05
36,36000,OWN,11.0,VENTURE,A,15000,7.9,0,0.42,N,12,2024-09-16
37,36000,MORTGAGE,5.0,DEBTCONSOLIDATION,A,12000,6.03,0,0.33,N,13,2024-09-18
38,43000,RENT,4.0,DEBTCONSOLIDATION,B,3500,11.83,0,0.08,N,12,2024-05-21
37,44000,RENT,12.0,VENTURE,C,3500,13.61,0,0.08,N,15,2024-08-10
37,36000,MORTGAGE,7.0,EDUCATION,A,9000,7.49,0,0.25,N,17,2024-11-04
36,53000,RENT,1.0,EDUCATION,A,3500,9.32,0,0.07,N,17,2024-12-31
38,36000,MORTGAGE,3.0,DEBTCONSOLIDATION,C,6000,13.99,0,0.17,N,16,2024-03-21
44,30000,MORTGAGE,7.0,DEBTCONSOLIDATION,D,4500,15.62,1,0.15,N,15,2024-09-16
44,36000,MORTGAGE,1.0,HOMEIMPROVEMENT,C,12000,13.99,0,0.33,N,12,2024-07-02
39,30500,RENT,3.0,PERSONAL,A,3600,7.68,0,0.12,N,13,2024-10-25
37,35496,RENT,5.0,VENTURE,B,3600,10.37,0,0.1,N,12,2024-04-01
38,36000,MORTGAGE,14.0,VENTURE,B,18000,10.38,0,0.5,N,13,2024-05-30
44,36000,MORTGAGE,6.0,EDUCATION,A,1000,7.51,0,0.03,N,14,2024-09-04
36,37200,RENT,5.0,EDUCATION,C,11000,12.73,0,0.3,N,12,2024-07-02
40,38000,RENT,16.0,VENTURE,B,11000,10.37,0,0.29,N,11,2024-03-17
46,60000,RENT,12.0,DEBTCONSOLIDATION,B,11000,9.91,0,0.18,N,13,2024-11-17
44,62000,RENT,11.0,DEBTCONSOLIDATION,A,11000,8.07,0,0.18,N,16,2024-09-16
37,63000,RENT,2.0,DEBTCONSOLIDATION,B,11000,11.013786929274843,0,0.17,N,16,2024-04-23
44,61000,RENT,2.0,DEBTCONSOLIDATION,D,11000,16.02,1,0.18,Y,15,2024-08-15
38,36156,MORTGAGE,1.0,HOMEIMPROVEMENT,B,8500,12.21,0,0.24,N,16,2024-06-26
38,108000,RENT,6.0,HOMEIMPROVEMENT,C,11000,13.49,0,0.1,N,12,2024-09-23
40,96050,RENT,3.0,MEDICAL,D,11000,16.77,1,0.1,N,16,2024-07-27
37,47908,RENT,3.0,VENTURE,A,10950,5.99,0,0.23,N,13,2024-03-23
36,55000,RENT,6.0,HOMEIMPROVEMENT,B,10900,12.42,0,0.2,N,13,2024-06-14
44,124800,RENT,1.0,PERSONAL,A,10875,7.14,0,0.09,N,14,2024-10-27
39,38400,RENT,5.0,VENTURE,B,10850,10.99,0,0.28,N,14,2024-06-17
44,35000,RENT,4.0,DEBTCONSOLIDATION,B,10825,10.65,1,0.31,N,12,2024-11-30
36,33000,RENT,2.0,HOMEIMPROVEMENT,D,10800,14.96,1,0.33,Y,15,2024-02-27
47,56004,RENT,2.0,VENTURE,B,10800,10.36,0,0.19,N,11,2024-03-06
41,60000,RENT,4.0,PERSONAL,B,10800,10.74,0,0.18,N,11,2024-11-16
41,69350,RENT,5.0,EDUCATION,A,10800,5.42,0,0.16,N,13,2024-07-20
38,70000,RENT,3.0,DEBTCONSOLIDATION,B,10800,12.21,0,0.15,N,16,2024-04-07
37,77000,RENT,6.0,MEDICAL,A,10800,7.14,0,0.14,N,17,2024-10-09
39,119000,RENT,2.0,EDUCATION,A,10800,7.49,0,0.09,N,13,2024-04-26
37,41000,RENT,3.0,PERSONAL,D,10750,15.37,0,0.26,N,14,2024-05-30
37,37000,MORTGAGE,7.0,EDUCATION,B,4000,10.59,0,0.11,N,12,2024-09-17
41,37000,MORTGAGE,3.0,EDUCATION,C,6000,12.99,0,0.16,N,11,2024-02-28
40,30000,RENT,2.0,VENTURE,B,10625,11.013786929274843,1,0.35,N,17,2024-10-21
40,117000,RENT,4.0,HOMEIMPROVEMENT,B,10625,11.14,0,0.09,N,13,2024-09-28
40,29000,RENT,3.0,PERSONAL,A,10500,7.51,1,0.36,N,16,2024-05-27
36,37000,MORTGAGE,3.0,PERSONAL,A,7000,6.91,0,0.19,N,13,2024-02-23
38,51504,RENT,3.0,VENTURE,C,10500,12.53,0,0.2,N,17,2024-12-09
47,37000,MORTGAGE,6.0,PERSONAL,A,7400,8.0,0,0.2,N,13,2024-08-25
43,36000,RENT,4.0,PERSONAL,A,10400,7.66,0,0.29,N,14,2024-09-14
43,90000,RENT,5.0,DEBTCONSOLIDATION,B,10400,11.49,0,0.12,N,14,2024-02-18
37,42500,RENT,1.0,MEDICAL,A,3600,7.88,0,0.08,N,12,2024-04-04
36,37400,MORTGAGE,2.0,PERSONAL,B,6250,6.0,0,0.17,N,14,2024-05-24
40,37440,MORTGAGE,3.0,PERSONAL,B,10000,11.14,0,0.27,N,11,2024-05-26
46,54250,RENT,3.0,PERSONAL,B,3600,10.0,0,0.07,N,14,2024-03-08
45,37500,MORTGAGE,1.0,DEBTCONSOLIDATION,B,5000,11.49,0,0.13,N,16,2024-06-11
39,60000,RENT,1.0,PERSONAL,A,3600,5.99,0,0.06,N,11,2024-04-02
36,37500,MORTGAGE,6.0,VENTURE,A,10000,9.32,0,0.27,N,12,2024-05-28
37,68480,RENT,2.0,HOMEIMPROVEMENT,C,3600,15.23,0,0.05,Y,15,2024-08-28
36,74000,RENT,10.0,EDUCATION,D,3600,15.62,1,0.05,Y,12,2024-08-11
41,31000,RENT,5.0,MEDICAL,E,3700,16.32,1,0.12,N,17,2024-06-27
42,38000,MORTGAGE,9.0,MEDICAL,A,6500,11.013786929274843,0,0.17,N,14,2024-06-29
46,140000,RENT,12.0,VENTURE,B,3725,11.013786929274843,0,0.03,N,17,2024-03-31
37,21600,RENT,4.0,DEBTCONSOLIDATION,D,3800,11.013786929274843,1,0.18,Y,13,2024-04-14
39,60000,RENT,3.0,HOMEIMPROVEMENT,B,3800,10.37,0,0.06,N,14,2024-11-25
36,54000,RENT,14.0,PERSONAL,C,3800,11.013786929274843,1,0.07,N,15,2024-03-24
36,85000,RENT,3.0,MEDICAL,A,3825,5.42,0,0.04,N,15,2024-12-11
40,13273,RENT,3.0,DEBTCONSOLIDATION,B,3850,9.99,1,0.29,N,12,2024-06-15
37,12360,RENT,3.0,EDUCATION,B,4000,9.99,1,0.32,N,13,2024-09-21
45,19200,RENT,1.0,VENTURE,B,4000,10.0,1,0.21,N,15,2024-10-27
37,20800,RENT,3.0,VENTURE,F,4000,19.41,0,0.19,N,16,2024-05-14
41,21600,RENT,2.0,MEDICAL,A,4000,7.51,0,0.19,N,14,2024-02-17
37,22000,RENT,2.0,MEDICAL,B,4000,10.0,0,0.18,N,17,2024-11-15
38,22000,RENT,2.0,VENTURE,C,4000,12.68,0,0.18,Y,12,2024-05-10
41,24000,RENT,2.0,DEBTCONSOLIDATION,D,4000,16.07,1,0.17,N,14,2024-02-20
36,38208,MORTGAGE,2.0,VENTURE,D,1500,11.013786929274843,0,0.04,Y,15,2024-08-12
45,38268,MORTGAGE,14.0,PERSONAL,B,8400,12.18,0,0.22,N,11,2024-01-01
42,26280,RENT,2.0,DEBTCONSOLIDATION,B,4000,9.99,0,0.15,N,17,2024-08-10
37,38400,MORTGAGE,4.0,VENTURE,A,7000,7.9,0,0.18,N,13,2024-04-07
36,27600,RENT,1.0,MEDICAL,B,4000,11.86,0,0.14,N,12,2024-04-24
44,38400,MORTGAGE,4.0,PERSONAL,A,6825,8.9,0,0.18,N,12,2024-11-04
40,28800,RENT,2.0,MEDICAL,B,4000,10.74,0,0.14,N,15,2024-09-11
37,29536,RENT,2.0,MEDICAL,B,4000,11.89,0,0.14,N,17,2024-10-27
37,38400,MORTGAGE,1.0,DEBTCONSOLIDATION,A,2400,6.99,0,0.06,N,17,2024-07-22
36,30000,RENT,7.0,EDUCATION,B,4000,10.74,0,0.13,N,12,2024-04-15
36,38400,OWN,5.0,PERSONAL,A,10000,6.17,0,0.26,N,13,2024-08-09
45,31200,RENT,11.0,PERSONAL,D,4000,14.96,0,0.13,Y,17,2024-03-03
44,38400,MORTGAGE,9.0,HOMEIMPROVEMENT,A,2500,11.013786929274843,0,0.07,N,17,2024-05-03
44,32004,RENT,4.0,EDUCATION,C,4000,14.35,0,0.12,N,13,2024-09-22
39,38500,MORTGAGE,7.0,MEDICAL,C,3500,13.98,0,0.09,Y,17,2024-01-06
45,34800,RENT,6.0,MEDICAL,C,4000,13.49,0,0.11,N,15,2024-02-14
44,36000,RENT,6.0,VENTURE,D,4000,15.2,0,0.11,N,12,2024-04-07
43,39000,MORTGAGE,12.0,VENTURE,B,8000,9.99,0,0.21,N,16,2024-06-01
36,39000,MORTGAGE,8.0,VENTURE,A,7000,5.79,0,0.18,N,17,2024-03-25
36,33000,RENT,2.0,PERSONAL,B,4000,11.013786929274843,1,0.12,N,17,2024-08-27
43,39996,RENT,1.0,PERSONAL,B,4000,10.99,0,0.1,N,11,2024-03-04
39,33996,RENT,6.0,MEDICAL,D,4000,11.013786929274843,1,0.12,N,13,2024-07-30
38,40000,RENT,5.0,MEDICAL,B,4000,11.49,0,0.1,N,12,2024-05-29
47,39000,MORTGAGE,5.0,EDUCATION,A,5600,8.59,0,0.14,N,11,2024-06-28
37,35000,RENT,5.0,MEDICAL,A,4000,9.32,1,0.11,N,16,2024-08-08
46,33099,MORTGAGE,2.0,MEDICAL,E,12000,11.013786929274843,1,0.36,N,14,2024-04-21
37,39480,OWN,4.0,VENTURE,A,8000,8.49,0,0.2,N,13,2024-05-14
41,43000,RENT,2.0,MEDICAL,C,4000,13.23,0,0.09,N,16,2024-08-20
36,43000,RENT,6.0,DEBTCONSOLIDATION,C,4000,13.92,0,0.09,Y,14,2024-05-01
36,39520,OWN,14.0,VENTURE,A,5000,5.79,0,0.13,N,16,2024-04-02
37,39600,MORTGAGE,17.0,HOMEIMPROVEMENT,A,6000,11.013786929274843,0,0.15,N,17,2024-11-20
37,39700,MORTGAGE,4.0,HOMEIMPROVEMENT,C,15000,13.23,0,0.38,Y,11,2024-10-04
38,50000,RENT,5.0,VENTURE,A,4000,7.88,0,0.08,N,12,2024-01-21
48,50004,RENT,8.0,EDUCATION,A,4000,7.68,0,0.08,N,11,2024-03-25
38,45000,RENT,1.0,EDUCATION,B,4000,11.49,1,0.09,N,15,2024-11-30
40,51000,RENT,1.0,MEDICAL,B,4000,11.12,0,0.08,N,14,2024-09-07
42,39996,MORTGAGE,2.0,HOMEIMPROVEMENT,A,2500,5.42,0,0.06,N,12,2024-06-04
45,55000,RENT,1.0,PERSONAL,A,4000,6.03,0,0.07,N,12,2024-07-20
41,39996,MORTGAGE,8.0,VENTURE,D,1200,15.21,0,0.03,N,16,2024-09-30
37,61260,RENT,6.0,VENTURE,C,4000,14.82,0,0.07,Y,12,2024-12-08
36,73000,RENT,3.0,PERSONAL,B,4000,11.12,0,0.05,N,16,2024-09-11
37,40000,MORTGAGE,13.0,VENTURE,A,17500,7.9,0,0.44,N,12,2024-09-15
41,75000,RENT,15.0,PERSONAL,D,4000,16.29,0,0.05,Y,12,2024-03-10
36,76000,RENT,2.0,DEBTCONSOLIDATION,E,4000,17.39,1,0.05,N,13,2024-02-14
44,40000,MORTGAGE,8.0,VENTURE,A,8000,6.62,0,0.2,N,13,2024-07-18
40,28800,RENT,3.0,PERSONAL,C,4200,14.72,1,0.15,Y,16,2024-06-09
39,40000,OWN,4.0,HOMEIMPROVEMENT,A,15000,5.42,0,0.38,N,13,2024-02-15
38,40000,OWN,6.0,MEDICAL,A,9000,7.49,0,0.23,N,16,2024-03-21
38,34000,MORTGAGE,14.0,VENTURE,D,8000,15.62,1,0.24,N,11,2024-04-24
36,40000,OWN,4.0,VENTURE,B,14000,10.99,0,0.35,N,16,2024-09-03
37,40000,MORTGAGE,2.0,MEDICAL,B,16000,10.99,0,0.4,N,15,2024-10-19
36,20004,RENT,1.0,VENTURE,B,4375,10.74,0,0.22,N,17,2024-07-29
36,40000,MORTGAGE,16.0,EDUCATION,D,4000,18.07,0,0.1,Y,14,2024-06-03
36,40000,MORTGAGE,2.0,EDUCATION,A,6000,11.013786929274843,0,0.15,N,15,2024-04-05
36,40000,MORTGAGE,8.0,EDUCATION,A,6000,8.49,0,0.15,N,17,2024-04-13
37,40000,OWN,16.0,HOMEIMPROVEMENT,B,5000,11.013786929274843,0,0.13,N,12,2024-03-08
38,40000,MORTGAGE,5.0,MEDICAL,A,10000,5.99,0,0.25,N,17,2024-02-01
39,40000,OWN,4.0,VENTURE,B,1000,10.37,0,0.03,N,16,2024-03-26
45,32000,RENT,4.0,PERSONAL,A,4500,7.51,0,0.14,N,12,2024-07-05
46,40000,MORTGAGE,8.0,EDUCATION,A,12000,6.91,0,0.3,N,11,2024-01-27
44,35000,RENT,3.0,DEBTCONSOLIDATION,D,4500,14.59,1,0.13,Y,11,2024-06-17
38,42000,RENT,2.0,MEDICAL,A,4500,6.62,0,0.11,N,11,2024-02-29
41,40000,MORTGAGE,5.0,MEDICAL,B,1500,10.36,0,0.04,N,16,2024-07-26
37,45600,RENT,2.0,DEBTCONSOLIDATION,B,4500,11.86,0,0.1,N,16,2024-01-05
36,40000,OWN,2.0,PERSONAL,A,5000,7.88,0,0.13,N,12,2024-10-14
39,52000,RENT,2.0,VENTURE,B,4500,11.99,0,0.09,N,11,2024-12-22
40,53000,RENT,4.0,MEDICAL,A,4500,6.03,0,0.08,N,16,2024-07-09
38,65000,RENT,4.0,HOMEIMPROVEMENT,C,4500,13.43,0,0.07,N,12,2024-05-31
39,84998,RENT,5.0,PERSONAL,B,4500,10.99,0,0.05,N,14,2024-03-12
39,110000,RENT,5.0,HOMEIMPROVEMENT,C,4500,13.49,0,0.04,N,11,2024-12-13
41,45840,RENT,5.0,PERSONAL,B,4600,10.99,0,0.1,N,16,2024-06-11
43,40000,MORTGAGE,3.0,MEDICAL,B,18000,11.83,0,0.45,N,15,2024-10-19
38,47004,RENT,2.0,MEDICAL,C,4775,11.013786929274843,0,0.1,N,13,2024-12-28
38,40000,MORTGAGE,4.0,PERSONAL,B,4000,12.21,0,0.1,N,13,2024-09-20
37,30960,RENT,5.0,VENTURE,B,4800,11.49,0,0.16,N,16,2024-01-18
38,40246,MORTGAGE,7.0,HOMEIMPROVEMENT,A,12000,8.9,0,0.3,N,15,2024-06-27
37,36000,RENT,2.0,PERSONAL,B,4800,10.75,0,0.13,N,14,2024-10-12
38,40320,MORTGAGE,4.0,EDUCATION,D,15000,16.07,0,0.37,N,14,2024-10-15
46,40452,OWN,4.0,EDUCATION,B,4000,11.71,0,0.1,N,17,2024-12-22
36,40500,MORTGAGE,5.0,VENTURE,A,7475,5.42,0,0.18,N,13,2024-06-29
37,40800,OWN,4.0,PERSONAL,B,2875,11.99,0,0.07,N,14,2024-11-15
36,40800,MORTGAGE,7.0,HOMEIMPROVEMENT,D,7200,16.32,0,0.18,Y,11,2024-05-09
42,40800,MORTGAGE,5.0,DEBTCONSOLIDATION,A,10400,7.51,0,0.25,N,14,2024-12-07
46,60000,RENT,5.0,MEDICAL,B,4800,12.12,0,0.08,N,16,2024-09-15
39,64000,RENT,9.0,DEBTCONSOLIDATION,C,4800,12.73,0,0.07,N,16,2024-03-04
37,59000,RENT,2.0,EDUCATION,D,4800,14.54,1,0.08,Y,14,2024-04-26
42,41000,MORTGAGE,17.0,EDUCATION,B,10000,10.99,0,0.24,N,12,2024-10-17
36,41000,MORTGAGE,6.0,DEBTCONSOLIDATION,B,6250,10.62,0,0.15,N,17,2024-01-20
48,92000,RENT,1.0,PERSONAL,A,4800,7.88,0,0.05,N,17,2024-11-05
43,41000,MORTGAGE,7.0,MEDICAL,C,6000,13.22,0,0.15,Y,16,2024-09-04
40,41000,MORTGAGE,2.0,HOMEIMPROVEMENT,C,6000,12.53,0,0.15,N,11,2024-01-11
41,41004,MORTGAGE,4.0,MEDICAL,B,10000,11.99,0,0.24,N,14,2024-10-08
37,95000,RENT,3.0,MEDICAL,A,10000,7.88,0,0.11,N,13,2024-05-20
39,83400,RENT,2.0,EDUCATION,E,10000,16.4,1,0.12,Y,14,2024-12-04
42,100000,RENT,3.0,VENTURE,D,10000,13.55,0,0.1,Y,13,2024-04-26
38,112000,RENT,2.0,VENTURE,B,10000,11.26,0,0.09,N,15,2024-04-20
37,103000,RENT,1.0,EDUCATION,D,10000,15.62,1,0.1,Y,12,2024-03-02
37,117000,RENT,10.0,EDUCATION,A,10000,7.66,0,0.09,N,11,2024-07-08
36,120000,RENT,2.0,HOMEIMPROVEMENT,B,10000,11.49,0,0.08,N,14,2024-08-25
38,120000,RENT,3.0,DEBTCONSOLIDATION,C,10000,10.28,0,0.08,Y,12,2024-07-16
41,121200,RENT,1.0,VENTURE,A,10000,6.03,0,0.08,N,13,2024-06-23
47,126000,RENT,1.0,MEDICAL,A,10000,6.91,0,0.08,N,17,2024-08-11
37,135000,RENT,1.0,VENTURE,A,10000,7.74,0,0.07,N,13,2024-10-06
47,140000,RENT,4.0,VENTURE,C,10000,11.013786929274843,0,0.07,Y,13,2024-12-25
42,42000,OWN,4.0,VENTURE,A,12000,6.03,0,0.29,N,15,2024-06-13
36,166000,RENT,4.0,MEDICAL,A,10000,7.88,0,0.06,N,17,2024-04-24
40,73000,RENT,2.0,VENTURE,D,9975,16.29,1,0.14,Y,16,2024-09-29
36,24168,RENT,2.0,MEDICAL,C,9925,13.06,1,0.41,N,13,2024-01-02
36,55200,RENT,3.0,MEDICAL,D,9900,14.84,1,0.18,Y,13,2024-06-12
38,42000,OWN,2.0,EDUCATION,B,5600,9.99,0,0.13,N,14,2024-01-20
36,42000,MORTGAGE,2.0,VENTURE,B,6000,10.59,0,0.14,N,13,2024-07-14
39,67000,RENT,4.0,EDUCATION,D,9800,16.29,0,0.15,Y,14,2024-11-25
37,42000,MORTGAGE,9.0,EDUCATION,C,4500,12.99,0,0.11,N,12,2024-11-02
36,42000,OWN,2.0,MEDICAL,C,2000,15.62,0,0.05,Y,13,2024-08-01
37,70000,RENT,3.0,EDUCATION,B,4900,12.18,0,0.07,N,15,2024-02-06
39,55000,RENT,1.0,DEBTCONSOLIDATION,B,4975,12.21,0,0.09,N,11,2024-06-04
40,28000,RENT,2.0,VENTURE,C,5000,12.99,0,0.18,Y,13,2024-03-06
47,28500,RENT,2.0,EDUCATION,A,5000,5.42,0,0.18,N,15,2024-01-22
38,42000,MORTGAGE,5.0,PERSONAL,B,4000,10.74,0,0.1,N,12,2024-03-23
38,30000,RENT,5.0,VENTURE,C,5000,13.61,0,0.17,Y,11,2024-02-23
44,30000,RENT,6.0,VENTURE,C,5000,13.98,0,0.17,N,11,2024-07-31
36,30000,RENT,1.0,DEBTCONSOLIDATION,B,5000,11.14,0,0.17,N,17,2024-07-04
44,42000,MORTGAGE,4.0,MEDICAL,A,13200,6.17,0,0.31,N,14,2024-12-05
43,42000,MORTGAGE,3.0,VENTURE,B,20000,11.013786929274843,0,0.48,N,13,2024-01-10
36,32004,RENT,3.0,VENTURE,B,5000,10.62,0,0.16,N,15,2024-11-13
39,42000,OWN,5.0,PERSONAL,B,8000,10.38,0,0.19,N,17,2024-07-31
41,34800,RENT,4.0,DEBTCONSOLIDATION,B,5000,11.99,0,0.14,N,14,2024-06-19
36,42000,MORTGAGE,16.0,HOMEIMPROVEMENT,C,12000,11.013786929274843,0,0.29,N,15,2024-10-08
42,29000,RENT,1.0,PERSONAL,D,5000,16.49,1,0.17,Y,13,2024-11-16
38,35000,RENT,6.0,PERSONAL,B,5000,9.99,0,0.14,N,14,2024-12-30
36,42000,MORTGAGE,11.0,PERSONAL,B,7800,12.53,0,0.19,N,13,2024-08-02
38,35000,RENT,5.0,VENTURE,D,5000,15.37,0,0.14,Y,14,2024-10-12
37,35028,RENT,3.0,MEDICAL,C,5000,13.47,0,0.14,Y,17,2024-08-20
40,35827,RENT,13.0,MEDICAL,B,5000,10.75,0,0.14,N,16,2024-11-09
39,36000,RENT,3.0,MEDICAL,A,5000,11.013786929274843,0,0.14,N,16,2024-10-31
39,37000,RENT,6.0,PERSONAL,A,5000,11.013786929274843,0,0.14,N,17,2024-02-09
38,37200,RENT,1.0,DEBTCONSOLIDATION,B,5000,9.99,0,0.13,N,11,2024-11-28
45,42320,MORTGAGE,6.0,VENTURE,C,7475,13.49,0,0.18,Y,15,2024-05-19
38,39500,RENT,4.0,MEDICAL,C,5000,13.22,0,0.13,N,14,2024-03-24
39,34000,RENT,3.0,PERSONAL,A,5000,8.49,1,0.15,N,15,2024-06-11
36,40000,RENT,6.0,MEDICAL,C,5000,12.61,0,0.13,N,13,2024-01-26
45,34000,RENT,1.0,EDUCATION,A,5000,11.013786929274843,1,0.15,N,11,2024-04-06
37,40000,RENT,8.0,VENTURE,B,5000,12.18,0,0.13,N,12,2024-01-19
40,42996,MORTGAGE,5.0,VENTURE,C,8400,13.49,0,0.2,Y,12,2024-07-27
40,42996,OWN,15.0,MEDICAL,D,15000,16.0,0,0.35,Y,16,2024-02-16
48,41500,RENT,3.0,MEDICAL,A,5000,7.29,0,0.12,N,16,2024-09-13
41,42000,RENT,2.0,VENTURE,A,5000,7.49,0,0.12,N,15,2024-08-01
38,43000,MORTGAGE,3.0,DEBTCONSOLIDATION,A,8250,7.51,0,0.19,N,12,2024-08-31
45,43000,MORTGAGE,6.0,VENTURE,C,3600,13.49,0,0.08,N,15,2024-02-03
36,37000,MORTGAGE,5.0,MEDICAL,E,3000,18.39,1,0.08,Y,15,2024-07-17
39,37200,RENT,1.0,EDUCATION,C,5000,15.62,1,0.13,N,15,2024-04-30
43,43000,MORTGAGE,5.0,MEDICAL,B,15000,8.88,0,0.35,N,12,2024-12-12
38,45000,RENT,1.0,MEDICAL,C,5000,12.68,0,0.11,Y,13,2024-08-14
38,43000,OWN,5.0,VENTURE,A,10000,7.51,0,0.23,N,12,2024-03-28
38,39000,RENT,1.0,EDUCATION,E,5000,17.74,1,0.13,N,17,2024-07-08
41,43000,OWN,3.0,VENTURE,B,22800,12.21,0,0.53,N,11,2024-02-29
39,43000,MORTGAGE,3.0,HOMEIMPROVEMENT,A,6250,7.68,0,0.15,N,14,2024-01-11
41,47000,RENT,2.0,PERSONAL,A,5000,7.51,0,0.11,N,11,2024-08-23
36,43200,MORTGAGE,13.0,DEBTCONSOLIDATION,B,11000,11.013786929274843,0,0.25,N,12,2024-02-19
47,43200,MORTGAGE,8.0,HOMEIMPROVEMENT,D,13750,14.84,0,0.32,Y,13,2024-02-12
39,48500,RENT,1.0,PERSONAL,B,5000,10.99,0,0.1,N,13,2024-02-13
41,56000,RENT,3.0,HOMEIMPROVEMENT,A,9000,5.99,0,0.16,N,16,2024-06-23
37,44000,MORTGAGE,14.0,PERSONAL,A,5000,7.49,0,0.11,N,13,2024-10-21
38,44000,MORTGAGE,3.0,PERSONAL,B,10000,9.63,0,0.23,N,17,2024-07-10
37,65000,RENT,7.0,DEBTCONSOLIDATION,A,9000,6.91,0,0.14,N,15,2024-12-02
39,44000,MORTGAGE,2.0,MEDICAL,B,8000,9.63,0,0.18,N,17,2024-10-31
43,44000,MORTGAGE,8.0,PERSONAL,B,10000,10.38,0,0.23,N,14,2024-06-06
47,70000,RENT,2.0,EDUCATION,C,9000,12.87,0,0.13,N,14,2024-03-01
38,74000,RENT,9.0,EDUCATION,C,9000,12.84,0,0.12,N,12,2024-10-21
47,44000,OWN,3.0,HOMEIMPROVEMENT,B,4000,11.14,0,0.09,N,16,2024-03-24
39,44000,MORTGAGE,14.0,PERSONAL,A,2500,7.68,0,0.06,N,15,2024-04-08
38,44000,OWN,2.0,VENTURE,B,7000,9.76,0,0.16,N,12,2024-10-16
43,85000,RENT,14.0,EDUCATION,B,9000,11.89,0,0.11,N,11,2024-09-09
40,108000,RENT,10.0,HOMEIMPROVEMENT,B,9000,11.86,1,0.08,N,12,2024-04-17
37,133000,RENT,3.0,MEDICAL,C,9000,13.85,0,0.07,Y,12,2024-06-26
47,244000,RENT,10.0,HOMEIMPROVEMENT,C,9000,13.61,0,0.04,N,11,2024-10-29
41,30000,RENT,3.0,MEDICAL,A,8875,5.42,0,0.3,N,15,2024-08-19
42,32400,RENT,1.0,DEBTCONSOLIDATION,D,8875,16.29,1,0.27,N,16,2024-03-13
41,38200,RENT,4.0,MEDICAL,E,8875,19.03,0,0.23,N,11,2024-12-16
46,44782,MORTGAGE,14.0,PERSONAL,D,6000,13.67,0,0.13,Y,12,2024-12-02
47,45000,OWN,10.0,MEDICAL,A,11200,6.62,0,0.25,N,12,2024-05-01
48,50000,RENT,1.0,HOMEIMPROVEMENT,B,5000,11.49,0,0.1,N,12,2024-04-08
36,44000,RENT,2.0,MEDICAL,C,5000,13.22,1,0.11,Y,13,2024-01-10
37,45000,OWN,5.0,VENTURE,A,10800,6.03,0,0.24,N,14,2024-07-22
40,45000,MORTGAGE,5.0,HOMEIMPROVEMENT,A,3600,6.62,0,0.08,N,13,2024-07-22
45,45000,MORTGAGE,14.0,HOMEIMPROVEMENT,A,14000,6.62,0,0.31,N,12,2024-10-18
39,24000,RENT,1.0,MEDICAL,A,8500,7.49,1,0.35,N,12,2024-03-26
39,45000,MORTGAGE,2.0,PERSONAL,A,3000,7.9,0,0.07,N,15,2024-08-19
37,27000,RENT,2.0,HOMEIMPROVEMENT,A,8500,8.49,1,0.31,N,17,2024-07-08
39,45000,MORTGAGE,4.0,VENTURE,A,8625,11.013786929274843,0,0.19,N,13,2024-10-03
37,43000,RENT,2.0,MEDICAL,B,8500,8.88,0,0.2,N,11,2024-05-01
38,64777,RENT,5.0,DEBTCONSOLIDATION,A,8500,7.51,0,0.13,N,13,2024-10-18
42,68000,RENT,3.0,MEDICAL,B,8500,10.37,0,0.13,N,12,2024-08-07
39,30000,RENT,7.0,VENTURE,A,8450,5.99,0,0.28,N,16,2024-09-03
43,46000,RENT,3.0,EDUCATION,B,5000,10.38,1,0.11,N,14,2024-12-04
41,52000,RENT,2.0,DEBTCONSOLIDATION,A,5000,7.88,0,0.1,N,13,2024-08-28
39,52273,RENT,3.0,EDUCATION,B,5000,11.013786929274843,0,0.1,N,17,2024-09-23
36,53000,RENT,5.0,MEDICAL,B,5000,10.74,0,0.09,N,12,2024-10-17
46,45000,MORTGAGE,7.0,MEDICAL,A,12250,6.54,0,0.27,N,16,2024-04-24
43,45000,MORTGAGE,3.0,MEDICAL,A,5700,6.91,0,0.13,N,11,2024-08-29
36,45000,MORTGAGE,2.0,EDUCATION,A,7000,7.14,0,0.16,N,14,2024-07-12
38,45000,MORTGAGE,6.0,DEBTCONSOLIDATION,A,6375,7.51,0,0.14,N,16,2024-06-08
39,45000,MORTGAGE,3.0,DEBTCONSOLIDATION,C,12000,14.72,0,0.27,N,15,2024-11-20
41,52106,RENT,4.0,DEBTCONSOLIDATION,C,5000,12.84,1,0.1,N,17,2024-09-17
40,58500,RENT,3.0,EDUCATION,A,5000,7.49,0,0.09,N,11,2024-10-17
38,60000,RENT,3.0,EDUCATION,C,5000,14.79,0,0.08,Y,17,2024-04-09
41,60000,RENT,6.0,PERSONAL,A,5000,5.42,0,0.08,N,17,2024-06-26
37,60000,RENT,17.0,VENTURE,A,5000,6.17,0,0.08,N,13,2024-03-07
40,60000,RENT,3.0,EDUCATION,D,5000,15.31,0,0.08,Y,16,2024-02-23
37,63000,RENT,6.0,HOMEIMPROVEMENT,B,5000,10.2,0,0.08,N,16,2024-05-22
38,64000,RENT,4.0,DEBTCONSOLIDATION,A,5000,7.88,0,0.08,N,16,2024-02-29
40,65000,RENT,1.0,DEBTCONSOLIDATION,B,5000,9.63,0,0.08,N,16,2024-03-14
43,65000,RENT,2.0,MEDICAL,B,5000,9.62,0,0.08,N,16,2024-04-10
44,65000,RENT,2.0,VENTURE,A,5000,8.0,0,0.08,N,15,2024-07-06
39,68000,RENT,1.0,EDUCATION,C,5000,13.49,0,0.07,Y,11,2024-03-22
36,45000,OWN,4.0,DEBTCONSOLIDATION,D,8000,14.74,0,0.18,Y,13,2024-01-11
38,70000,RENT,2.0,MEDICAL,B,5000,12.42,0,0.07,N,11,2024-12-07
37,45000,OWN,11.0,EDUCATION,B,12000,12.21,0,0.27,N,12,2024-10-25
44,54400,RENT,3.0,MEDICAL,C,5000,12.61,1,0.08,Y,14,2024-08-30
43,71015,RENT,8.0,VENTURE,B,5000,11.14,0,0.07,N,14,2024-05-06
40,76000,RENT,1.0,PERSONAL,C,5000,13.72,0,0.07,Y,15,2024-04-12
36,45344,MORTGAGE,11.0,EDUCATION,A,16750,7.88,0,0.37,N,13,2024-06-20
37,84000,RENT,4.0,HOMEIMPROVEMENT,B,5000,10.0,0,0.06,N,16,2024-08-23
36,45600,MORTGAGE,6.0,MEDICAL,C,10000,13.49,0,0.22,N,16,2024-07-20
36,87000,RENT,5.0,MEDICAL,C,5000,13.98,0,0.06,N,14,2024-04-29
38,90000,RENT,2.0,MEDICAL,A,5000,8.49,0,0.06,N,15,2024-08-21
36,45600,MORTGAGE,8.0,MEDICAL,A,18000,6.91,0,0.39,N,11,2024-04-24
36,39600,MORTGAGE,17.0,EDUCATION,D,1800,14.09,1,0.05,Y,17,2024-08-30
38,94000,RENT,3.0,PERSONAL,D,5000,15.33,0,0.05,Y,16,2024-03-24
38,95000,RENT,9.0,MEDICAL,C,5000,13.48,0,0.05,Y,16,2024-11-11
43,98760,RENT,8.0,VENTURE,D,5000,14.84,0,0.05,N,14,2024-10-10
42,45760,MORTGAGE,4.0,DEBTCONSOLIDATION,A,9600,7.51,0,0.21,N,17,2024-09-14
36,100000,RENT,14.0,DEBTCONSOLIDATION,A,5000,7.66,0,0.05,N,11,2024-12-29
37,45996,MORTGAGE,11.0,VENTURE,B,6000,9.25,0,0.13,N,16,2024-01-18
43,45996,MORTGAGE,2.0,EDUCATION,A,6300,7.51,0,0.14,N,14,2024-12-06
38,108000,RENT,3.0,PERSONAL,D,5000,15.21,1,0.05,Y,17,2024-11-25
40,46000,MORTGAGE,5.0,HOMEIMPROVEMENT,A,10000,7.9,0,0.22,N,14,2024-03-23
41,46000,MORTGAGE,3.0,VENTURE,B,7700,11.71,0,0.17,N,17,2024-06-08
36,46000,MORTGAGE,3.0,VENTURE,A,8000,5.42,0,0.17,N,15,2024-08-11
39,40000,RENT,2.0,EDUCATION,A,5200,6.62,0,0.13,N,17,2024-04-03
37,46000,MORTGAGE,9.0,EDUCATION,B,5000,10.75,0,0.11,N,14,2024-06-04
41,23400,RENT,2.0,VENTURE,B,5375,11.013786929274843,0,0.23,N,16,2024-08-31
38,28584,RENT,4.0,EDUCATION,C,5400,13.47,0,0.19,N,11,2024-11-30
40,28800,RENT,4.0,DEBTCONSOLIDATION,B,5400,10.37,0,0.19,N,15,2024-11-02
38,46150,MORTGAGE,6.0,VENTURE,A,6500,6.03,0,0.14,N,15,2024-10-25
40,34500,RENT,2.0,PERSONAL,D,5400,12.61,1,0.16,N,13,2024-04-06
37,54000,RENT,15.0,MEDICAL,C,5400,13.99,1,0.1,Y,17,2024-02-05
37,40680,MORTGAGE,6.0,DEBTCONSOLIDATION,D,8000,15.21,1,0.2,N,13,2024-01-16
41,21000,RENT,1.0,MEDICAL,A,5500,5.79,0,0.26,N,14,2024-05-20
37,46996,MORTGAGE,2.0,EDUCATION,C,13750,13.98,0,0.29,N,13,2024-10-28
37,27000,RENT,4.0,MEDICAL,B,5500,11.013786929274843,0,0.2,N,12,2024-08-29
47,47000,MORTGAGE,9.0,PERSONAL,A,7500,6.62,0,0.16,N,12,2024-06-19
40,30000,RENT,4.0,MEDICAL,D,5500,14.74,0,0.18,N,12,2024-11-25
36,30996,RENT,2.0,PERSONAL,C,5500,12.53,0,0.18,Y,15,2024-11-04
38,47000,MORTGAGE,5.0,DEBTCONSOLIDATION,A,11000,8.9,0,0.23,N,16,2024-08-29
36,34000,RENT,5.0,MEDICAL,C,5500,12.29,0,0.16,N,17,2024-06-03
43,48000,RENT,1.0,MEDICAL,C,5500,12.61,0,0.11,N,17,2024-01-21
39,50000,RENT,5.0,PERSONAL,A,5500,6.54,0,0.11,N,13,2024-05-03
41,47000,MORTGAGE,5.0,EDUCATION,B,7500,11.12,0,0.16,N,13,2024-05-03
36,50000,RENT,2.0,DEBTCONSOLIDATION,A,5500,8.32,0,0.11,N,16,2024-05-30
46,47000,MORTGAGE,5.0,PERSONAL,A,6000,7.14,0,0.13,N,15,2024-09-29
43,47000,OWN,2.0,VENTURE,A,10000,7.88,0,0.21,N,16,2024-07-22
37,47000,MORTGAGE,4.0,PERSONAL,A,7000,11.013786929274843,0,0.15,N,11,2024-02-07
41,47000,OWN,2.0,PERSONAL,A,14000,7.88,0,0.3,N,12,2024-12-23
37,54000,RENT,2.0,VENTURE,C,5500,13.23,1,0.1,Y,12,2024-07-05
46,60070,RENT,2.0,PERSONAL,C,5500,14.22,0,0.09,Y,17,2024-07-24
44,63000,RENT,4.0,MEDICAL,A,5500,7.51,0,0.09,N,13,2024-12-10
37,79600,RENT,5.0,EDUCATION,A,5500,7.88,0,0.07,N,11,2024-09-08
39,47471,MORTGAGE,5.0,DEBTCONSOLIDATION,A,5000,7.51,0,0.11,N,14,2024-08-09
36,47500,MORTGAGE,8.0,DEBTCONSOLIDATION,A,2700,5.79,0,0.06,N,14,2024-02-11
40,38004,RENT,2.0,MEDICAL,B,5600,11.58,0,0.15,N,17,2024-07-23
46,47844,OWN,16.0,VENTURE,A,27175,8.49,0,0.57,N,13,2024-05-15
37,48000,MORTGAGE,4.0,HOMEIMPROVEMENT,A,7000,7.9,0,0.15,N,15,2024-02-18
42,52800,RENT,3.0,EDUCATION,B,5600,10.99,0,0.11,N,14,2024-07-12
38,48000,MORTGAGE,9.0,HOMEIMPROVEMENT,B,7800,10.65,0,0.16,N,12,2024-02-04
37,48000,OWN,8.0,PERSONAL,A,2500,6.03,0,0.05,N,11,2024-01-19
36,48000,MORTGAGE,6.0,VENTURE,A,1500,8.9,0,0.03,N,16,2024-03-22
38,48000,MORTGAGE,3.0,HOMEIMPROVEMENT,B,5000,10.65,0,0.1,N,16,2024-04-11
43,48000,MORTGAGE,2.0,VENTURE,A,10400,5.99,0,0.22,N,17,2024-12-17
36,39996,RENT,1.0,MEDICAL,A,5700,7.29,0,0.14,N,13,2024-11-30
38,34000,RENT,4.0,MEDICAL,B,5750,11.013786929274843,0,0.17,N,16,2024-05-26
44,48000,MORTGAGE,9.0,DEBTCONSOLIDATION,B,5000,9.99,0,0.1,N,15,2024-04-10
42,85000,RENT,3.0,VENTURE,C,5750,12.99,0,0.07,Y,15,2024-01-14
48,39000,RENT,7.0,MEDICAL,D,5800,14.54,1,0.15,N,15,2024-08-02
38,48000,MORTGAGE,1.0,PERSONAL,A,18000,8.49,0,0.38,N,11,2024-09-20
38,48000,MORTGAGE,6.0,PERSONAL,A,6200,7.29,0,0.13,N,14,2024-06-09
39,23500,RENT,14.0,PERSONAL,D,5850,15.2,0,0.25,N,12,2024-05-13
48,44000,RENT,6.0,MEDICAL,B,5850,9.99,0,0.13,N,13,2024-01-18
43,48000,MORTGAGE,7.0,VENTURE,A,4500,5.42,0,0.09,N,14,2024-12-11
38,35427,RENT,3.0,PERSONAL,C,5950,11.72,0,0.17,Y,11,2024-08-25
39,20400,RENT,3.0,MEDICAL,C,6000,15.27,0,0.29,Y,13,2024-05-17
40,48000,MORTGAGE,2.0,HOMEIMPROVEMENT,D,8000,15.95,0,0.17,N,11,2024-04-02
37,48000,MORTGAGE,3.0,HOMEIMPROVEMENT,A,3500,7.88,0,0.07,N,15,2024-05-13
37,24000,RENT,5.0,MEDICAL,B,6000,11.49,0,0.25,N,17,2024-08-01
47,48000,MORTGAGE,13.0,MEDICAL,B,16750,10.62,0,0.35,N,12,2024-02-11
48,42000,MORTGAGE,3.0,DEBTCONSOLIDATION,C,14400,12.87,1,0.34,Y,17,2024-09-06
37,27052,RENT,2.0,VENTURE,B,6000,10.37,0,0.22,N,12,2024-05-04
44,48000,MORTGAGE,12.0,DEBTCONSOLIDATION,B,17500,12.18,0,0.36,N,15,2024-01-02
45,48000,MORTGAGE,8.0,HOMEIMPROVEMENT,A,8000,9.63,0,0.17,N,13,2024-02-21
36,28800,RENT,2.0,EDUCATION,C,6000,15.96,0,0.21,Y,12,2024-07-19
36,48000,MORTGAGE,17.0,VENTURE,A,10000,9.63,0,0.21,N,14,2024-09-13
39,30000,RENT,3.0,PERSONAL,B,6000,10.75,0,0.2,N,14,2024-10-09
41,30840,RENT,8.0,MEDICAL,B,6000,10.59,0,0.19,N,13,2024-09-17
39,48279,OWN,7.0,VENTURE,C,4800,13.98,0,0.1,N,13,2024-01-04
37,48500,MORTGAGE,4.0,PERSONAL,A,6000,7.88,0,0.12,N,12,2024-03-08
39,48840,MORTGAGE,5.0,PERSONAL,B,15000,9.88,0,0.31,N,15,2024-11-02
36,34000,RENT,2.0,PERSONAL,C,6000,13.57,0,0.18,N,16,2024-02-18
38,48996,MORTGAGE,6.0,EDUCATION,A,5000,7.29,0,0.1,N,12,2024-06-20
38,49000,MORTGAGE,10.0,DEBTCONSOLIDATION,B,7250,11.99,0,0.15,N,11,2024-12-28
39,36000,RENT,2.0,MEDICAL,A,6000,8.49,0,0.17,N,14,2024-04-17
45,36000,RENT,2.0,EDUCATION,C,6000,11.013786929274843,0,0.17,N,12,2024-12-26
44,49200,MORTGAGE,2.0,VENTURE,D,3600,16.29,0,0.07,Y,14,2024-10-07
38,36400,RENT,1.0,PERSONAL,C,6000,12.87,0,0.16,Y,17,2024-01-21
36,37008,RENT,8.0,VENTURE,C,6000,14.79,0,0.16,Y,14,2024-04-08
37,38000,RENT,4.0,PERSONAL,D,6000,15.33,0,0.16,Y,16,2024-12-19
44,49510,MORTGAGE,5.0,HOMEIMPROVEMENT,B,4000,10.62,0,0.08,N,14,2024-07-05
43,49578,MORTGAGE,11.0,PERSONAL,C,16000,13.49,0,0.32,Y,13,2024-11-23
36,38160,RENT,3.0,EDUCATION,C,6000,12.61,0,0.16,N,17,2024-01-21
42,33564,RENT,5.0,PERSONAL,D,6000,16.29,1,0.18,N,15,2024-07-29
44,39684,RENT,4.0,PERSONAL,B,6000,11.013786929274843,0,0.15,N,15,2024-01-03
36,49896,MORTGAGE,8.0,VENTURE,A,2800,11.013786929274843,0,0.06,N,17,2024-01-28
36,49901,MORTGAGE,13.0,HOMEIMPROVEMENT,C,8400,13.61,0,0.17,Y,12,2024-12-26
39,40000,RENT,5.0,PERSONAL,D,6000,14.54,0,0.15,N,16,2024-12-30
36,50000,MORTGAGE,7.0,PERSONAL,A,5000,7.51,0,0.1,N,16,2024-07-05
38,41280,RENT,3.0,DEBTCONSOLIDATION,C,6000,13.61,0,0.15,Y,17,2024-07-29
39,44500,RENT,5.0,MEDICAL,A,6000,7.88,0,0.13,N,17,2024-12-13
37,45000,RENT,11.0,PERSONAL,B,6000,11.013786929274843,0,0.13,N,16,2024-11-19
38,45000,RENT,6.0,EDUCATION,B,6000,11.71,0,0.13,N,12,2024-12-19
36,45000,RENT,14.0,DEBTCONSOLIDATION,B,6000,9.99,0,0.13,N,12,2024-07-31
36,50000,MORTGAGE,8.0,DEBTCONSOLIDATION,A,10000,6.03,0,0.2,N,13,2024-06-30
37,46000,RENT,4.0,EDUCATION,B,6000,11.49,0,0.13,N,13,2024-05-21
37,50000,MORTGAGE,15.0,VENTURE,A,8400,6.03,0,0.17,N,11,2024-12-03
39,46500,RENT,13.0,PERSONAL,A,6000,6.99,0,0.13,N,11,2024-09-17
38,48000,RENT,7.0,MEDICAL,B,6000,11.013786929274843,0,0.13,N,17,2024-05-19
43,48000,RENT,1.0,PERSONAL,B,6000,11.14,0,0.13,N,13,2024-01-15
39,42000,RENT,2.0,PERSONAL,F,6000,17.58,1,0.14,N,12,2024-10-03
40,48000,RENT,1.0,VENTURE,B,6000,10.08,0,0.13,N,13,2024-06-27
44,50000,MORTGAGE,8.0,DEBTCONSOLIDATION,B,6000,11.99,0,0.12,N,17,2024-08-13
36,44000,RENT,2.0,HOMEIMPROVEMENT,E,6000,11.013786929274843,1,0.14,N,12,2024-02-02
37,50000,MORTGAGE,4.0,EDUCATION,A,2325,6.99,0,0.05,N,17,2024-11-25
38,50004,RENT,2.0,HOMEIMPROVEMENT,C,6000,13.79,0,0.12,Y,11,2024-07-23
43,50000,MORTGAGE,12.0,HOMEIMPROVEMENT,B,5000,10.0,0,0.1,N,16,2024-09-07
47,52000,RENT,3.0,PERSONAL,B,6000,10.99,0,0.12,N,16,2024-12-16
43,50000,MORTGAGE,2.0,DEBTCONSOLIDATION,B,5000,9.63,0,0.1,N,16,2024-01-01
38,50000,MORTGAGE,8.0,PERSONAL,B,10000,11.013786929274843,0,0.2,N,15,2024-05-17
45,54981,RENT,2.0,MEDICAL,A,6000,11.013786929274843,0,0.11,N,17,2024-09-16
39,55000,RENT,2.0,EDUCATION,C,6000,12.99,0,0.11,N,13,2024-08-04
47,50000,MORTGAGE,3.0,EDUCATION,C,4000,11.013786929274843,0,0.08,Y,12,2024-01-22
48,49000,RENT,2.0,EDUCATION,D,6000,14.09,1,0.12,Y,11,2024-05-08
43,50000,OWN,3.0,MEDICAL,C,5000,13.35,0,0.1,Y,12,2024-03-27
43,50000,MORTGAGE,11.0,MEDICAL,A,11500,11.013786929274843,0,0.23,N,12,2024-03-25
44,44000,MORTGAGE,2.0,VENTURE,C,5000,12.23,1,0.11,Y,12,2024-03-18
43,57000,RENT,3.0,EDUCATION,B,6000,10.75,0,0.11,N,13,2024-10-24
48,59000,RENT,2.0,EDUCATION,A,6000,5.99,0,0.1,N,12,2024-01-06
39,60000,RENT,2.0,DEBTCONSOLIDATION,C,6000,15.27,0,0.1,N,14,2024-02-19
42,50000,MORTGAGE,5.0,EDUCATION,B,7000,11.013786929274843,0,0.14,N,12,2024-01-27
38,50000,MORTGAGE,4.0,VENTURE,B,10000,11.86,0,0.2,N,11,2024-01-03
37,50000,MORTGAGE,6.0,MEDICAL,B,16000,11.013786929274843,0,0.32,N,12,2024-10-14
36,31000,RENT,3.0,VENTURE,A,7100,8.9,0,0.23,N,12,2024-08-15
36,50000,MORTGAGE,2.0,MEDICAL,C,16000,13.48,0,0.32,N,15,2024-11-03
36,50000,MORTGAGE,13.0,PERSONAL,C,12250,12.73,0,0.24,N,12,2024-10-21
37,24000,RENT,4.0,MEDICAL,A,7000,6.92,0,0.29,N,14,2024-10-10
40,50000,MORTGAGE,5.0,HOMEIMPROVEMENT,D,6000,14.96,0,0.12,Y,16,2024-06-29
46,65000,RENT,1.0,EDUCATION,B,6000,12.69,0,0.09,N,13,2024-04-05
40,50000,MORTGAGE,1.0,EDUCATION,B,12000,11.013786929274843,0,0.24,N,15,2024-11-25
38,50000,MORTGAGE,6.0,PERSONAL,D,3000,15.05,0,0.06,N,12,2024-02-16
48,66000,RENT,6.0,VENTURE,B,6000,11.89,0,0.09,N,11,2024-06-11
42,66500,RENT,8.0,VENTURE,B,6000,10.25,0,0.09,N,15,2024-12-20
44,50000,OWN,6.0,VENTURE,C,8500,11.013786929274843,0,0.17,N,15,2024-04-27
38,50000,MORTGAGE,5.0,DEBTCONSOLIDATION,A,3000,11.013786929274843,0,0.06,N,17,2024-09-05
36,50000,OWN,1.0,HOMEIMPROVEMENT,B,15200,12.21,0,0.3,N,15,2024-01-15
39,50000,MORTGAGE,1.0,EDUCATION,A,8000,7.68,0,0.16,N,14,2024-03-27
47,70000,RENT,3.0,HOMEIMPROVEMENT,A,6000,8.49,0,0.09,N,12,2024-12-10
44,70000,RENT,15.0,DEBTCONSOLIDATION,A,6000,5.79,0,0.09,N,16,2024-10-29
36,70000,RENT,4.0,VENTURE,A,6000,7.29,0,0.09,N,15,2024-07-10
39,70000,RENT,1.0,HOMEIMPROVEMENT,A,6000,8.94,0,0.09,N,12,2024-01-16
43,72000,RENT,5.0,MEDICAL,B,6000,12.42,0,0.08,N,17,2024-10-17
43,72600,RENT,2.0,PERSONAL,A,6000,11.013786929274843,0,0.08,N,15,2024-07-22
36,44000,MORTGAGE,9.0,DEBTCONSOLIDATION,D,9400,13.3,1,0.21,N,15,2024-02-14
36,44004,MORTGAGE,1.0,MEDICAL,B,1800,10.0,1,0.04,N,13,2024-07-10
39,60520,RENT,6.0,MEDICAL,D,6000,15.33,1,0.08,Y,15,2024-06-30
38,78000,RENT,2.0,MEDICAL,A,6000,6.99,0,0.08,N,15,2024-06-28
41,78000,RENT,3.0,HOMEIMPROVEMENT,B,6000,9.63,0,0.08,N,11,2024-08-12
37,79000,RENT,2.0,DEBTCONSOLIDATION,B,6000,10.0,0,0.08,N,16,2024-01-19
46,50004,MORTGAGE,5.0,PERSONAL,A,3000,8.59,0,0.06,N,13,2024-05-27
38,80000,RENT,17.0,PERSONAL,B,6000,11.83,0,0.07,N,12,2024-08-31
36,80000,RENT,7.0,HOMEIMPROVEMENT,C,6000,12.87,0,0.07,N,16,2024-10-10
48,50016,OTHER,1.0,MEDICAL,B,10400,11.58,0,0.21,N,11,2024-04-24
36,50400,MORTGAGE,7.0,HOMEIMPROVEMENT,A,12700,7.29,0,0.25,N,13,2024-07-23
46,105000,RENT,4.0,EDUCATION,A,6000,7.14,0,0.06,N,16,2024-12-09
42,110000,RENT,5.0,MEDICAL,A,6000,8.9,0,0.05,N,14,2024-02-22
42,160000,RENT,6.0,VENTURE,B,6000,10.65,0,0.04,N,17,2024-03-23
41,50780,MORTGAGE,14.0,PERSONAL,B,6000,10.99,0,0.12,N,17,2024-06-20
42,51000,OWN,6.0,VENTURE,B,18000,9.91,0,0.35,N,13,2024-01-05
42,51000,MORTGAGE,5.0,DEBTCONSOLIDATION,A,20000,8.49,0,0.39,N,14,2024-01-26
36,25000,RENT,2.0,PERSONAL,B,6200,9.91,1,0.25,N,14,2024-07-31
40,44000,RENT,9.0,MEDICAL,A,6200,5.42,0,0.14,N,17,2024-10-19
43,33500,RENT,4.0,PERSONAL,C,6225,14.79,0,0.19,N,17,2024-03-10
45,51000,MORTGAGE,2.0,MEDICAL,A,7000,7.88,0,0.14,N,12,2024-11-26
37,55000,RENT,3.0,HOMEIMPROVEMENT,E,7000,16.32,0,0.13,Y,13,2024-12-09
41,51000,MORTGAGE,10.0,HOMEIMPROVEMENT,A,14500,8.94,0,0.28,N,11,2024-08-13
36,51000,MORTGAGE,2.0,VENTURE,B,1000,11.83,0,0.02,N,12,2024-10-11
37,51000,MORTGAGE,3.0,DEBTCONSOLIDATION,C,12800,12.84,0,0.25,N,12,2024-09-11
44,57600,RENT,12.0,PERSONAL,A,7000,7.4,0,0.12,N,11,2024-01-03
48,57996,RENT,2.0,HOMEIMPROVEMENT,C,7000,13.61,0,0.12,Y,12,2024-03-17
36,51000,MORTGAGE,4.0,HOMEIMPROVEMENT,B,4775,11.14,0,0.09,N,14,2024-12-23
39,51000,OWN,12.0,EDUCATION,C,12000,11.34,0,0.24,N,17,2024-10-19
36,52000,RENT,2.0,DEBTCONSOLIDATION,C,7000,13.85,1,0.13,N,11,2024-02-15
45,54000,RENT,3.0,EDUCATION,C,7000,11.013786929274843,1,0.13,N,16,2024-04-25
36,60000,RENT,3.0,HOMEIMPROVEMENT,A,7000,7.88,0,0.12,N,12,2024-12-13
42,55392,RENT,17.0,DEBTCONSOLIDATION,D,7000,15.95,1,0.13,Y,15,2024-05-22
38,62000,RENT,5.0,EDUCATION,B,7000,10.62,0,0.11,N,14,2024-01-15
46,51600,MORTGAGE,16.0,PERSONAL,A,10000,7.51,0,0.19,N,17,2024-09-29
38,65000,RENT,2.0,VENTURE,A,7000,7.88,0,0.11,N,11,2024-06-05
36,51996,OWN,7.0,HOMEIMPROVEMENT,B,8500,11.49,0,0.16,N,16,2024-11-21
40,68000,RENT,12.0,HOMEIMPROVEMENT,A,7000,7.51,0,0.1,N,11,2024-03-16
39,73882,RENT,17.0,MEDICAL,B,7000,9.91,0,0.09,N,13,2024-10-31
36,51996,MORTGAGE,8.0,MEDICAL,B,7500,10.51,0,0.14,N,15,2024-02-01
37,52000,MORTGAGE,1.0,VENTURE,A,15000,11.013786929274843,0,0.29,N,14,2024-12-24
36,75000,RENT,12.0,MEDICAL,A,7000,6.92,0,0.09,N,17,2024-09-28
36,46000,MORTGAGE,6.0,PERSONAL,C,5350,15.27,1,0.12,N,12,2024-04-01
38,52000,MORTGAGE,13.0,DEBTCONSOLIDATION,B,5000,10.99,0,0.1,N,15,2024-05-24
47,52000,MORTGAGE,4.0,MEDICAL,A,12000,7.29,0,0.23,N,16,2024-08-15
37,52000,MORTGAGE,3.0,DEBTCONSOLIDATION,B,6000,8.88,0,0.12,N,16,2024-12-14
43,175436,RENT,1.0,HOMEIMPROVEMENT,A,7000,5.99,0,0.04,N,12,2024-12-09
37,14400,RENT,2.0,PERSONAL,A,6950,7.66,1,0.48,N,13,2024-01-05
38,52000,OWN,3.0,PERSONAL,D,8000,15.21,0,0.15,N,13,2024-07-25
36,52000,MORTGAGE,8.0,DEBTCONSOLIDATION,B,2275,11.86,0,0.04,N,12,2024-02-07
40,52000,MORTGAGE,7.0,DEBTCONSOLIDATION,B,15250,11.86,0,0.29,N,12,2024-12-12
36,52000,MORTGAGE,2.0,HOMEIMPROVEMENT,A,8000,7.51,0,0.15,N,14,2024-03-20
37,21600,RENT,4.0,MEDICAL,A,6500,8.49,0,0.3,N,12,2024-12-03
38,52000,MORTGAGE,3.0,DEBTCONSOLIDATION,A,15250,7.88,0,0.29,N,15,2024-08-09
36,24000,RENT,3.0,MEDICAL,A,6500,7.29,0,0.27,N,13,2024-05-07
41,28800,RENT,2.0,MEDICAL,B,6500,12.69,0,0.23,N,15,2024-04-08
37,30000,RENT,6.0,MEDICAL,B,6500,10.37,0,0.22,N,11,2024-03-15
47,31400,RENT,1.0,VENTURE,A,6500,9.32,0,0.21,N,16,2024-11-23
45,52000,MORTGAGE,11.0,EDUCATION,A,14000,11.013786929274843,0,0.27,N,16,2024-08-04
44,52000,MORTGAGE,2.0,VENTURE,A,6000,8.59,0,0.12,N,11,2024-04-13
36,52000,OWN,8.0,VENTURE,A,3000,9.63,0,0.06,N,15,2024-03-03
47,52000,OWN,2.0,VENTURE,B,5000,10.08,0,0.1,N,12,2024-08-16
39,42000,RENT,4.0,MEDICAL,C,6500,13.99,0,0.15,Y,14,2024-12-01
37,52188,MORTGAGE,14.0,HOMEIMPROVEMENT,A,10000,5.79,0,0.19,N,17,2024-05-09
40,52200,MORTGAGE,3.0,PERSONAL,D,4000,11.013786929274843,0,0.08,N,15,2024-08-29
36,50000,RENT,5.0,EDUCATION,A,6500,11.013786929274843,0,0.13,N,15,2024-06-15
42,52400,MORTGAGE,14.0,HOMEIMPROVEMENT,B,21000,10.38,0,0.4,N,13,2024-04-01
39,52000,RENT,5.0,PERSONAL,B,6500,11.013786929274843,0,0.13,N,12,2024-08-18
39,53000,RENT,15.0,EDUCATION,A,6500,7.29,0,0.12,N,17,2024-02-19
36,52660,MORTGAGE,2.0,HOMEIMPROVEMENT,C,15000,13.16,0,0.28,Y,13,2024-10-18
40,75000,RENT,3.0,EDUCATION,A,6500,7.9,0,0.09,N,15,2024-08-17
46,52800,MORTGAGE,1.0,MEDICAL,A,2800,6.76,0,0.05,N,14,2024-08-07
40,52479,RENT,17.0,PERSONAL,D,6600,14.54,1,0.13,N,13,2024-12-05
37,89532,RENT,9.0,MEDICAL,B,6600,12.53,0,0.07,N,12,2024-09-30
39,50760,RENT,4.0,EDUCATION,E,6725,16.45,0,0.13,N,11,2024-08-30
40,53000,MORTGAGE,2.0,MEDICAL,B,3000,10.62,0,0.06,N,17,2024-09-01
36,47000,MORTGAGE,4.0,MEDICAL,D,4900,14.11,1,0.1,N,11,2024-12-06
42,21120,RENT,12.0,VENTURE,B,6400,11.14,0,0.3,N,14,2024-06-30
37,53532,MORTGAGE,12.0,DEBTCONSOLIDATION,A,4000,5.42,0,0.07,N,11,2024-07-15
38,53712,MORTGAGE,7.0,VENTURE,C,4000,13.43,0,0.07,Y,12,2024-12-01
39,31200,RENT,2.0,PERSONAL,B,6400,11.49,0,0.21,N,15,2024-01-25
47,53808,MORTGAGE,4.0,VENTURE,B,15000,11.71,0,0.28,N,17,2024-03-19
40,54000,MORTGAGE,3.0,HOMEIMPROVEMENT,C,6000,13.49,0,0.11,N,11,2024-11-07
37,51000,RENT,11.0,VENTURE,D,6400,16.89,0,0.13,Y,13,2024-07-22
48,54000,MORTGAGE,1.0,HOMEIMPROVEMENT,A,2000,5.99,0,0.04,N,16,2024-04-18
37,60000,RENT,1.0,PERSONAL,B,6400,9.64,0,0.11,N,12,2024-08-02
39,76644,RENT,2.0,VENTURE,A,6400,11.013786929274843,0,0.08,N,15,2024-03-23
43,80000,RENT,5.0,HOMEIMPROVEMENT,B,6400,11.71,0,0.08,N,11,2024-02-04
44,80000,RENT,6.0,PERSONAL,C,6400,13.16,0,0.08,N,11,2024-02-01
41,54000,MORTGAGE,2.0,DEBTCONSOLIDATION,A,6000,6.17,0,0.11,N,14,2024-06-07
36,112455,RENT,3.0,DEBTCONSOLIDATION,B,6400,9.99,0,0.06,N,16,2024-04-01
39,54000,MORTGAGE,17.0,PERSONAL,B,25000,11.49,0,0.46,N,16,2024-06-16
37,54000,MORTGAGE,10.0,HOMEIMPROVEMENT,D,8000,11.013786929274843,0,0.15,Y,15,2024-11-29
36,54000,MORTGAGE,5.0,MEDICAL,A,5000,11.013786929274843,0,0.09,N,16,2024-08-02
36,48000,MORTGAGE,3.0,EDUCATION,C,1500,13.92,1,0.03,Y,13,2024-10-19
47,54000,MORTGAGE,1.0,DEBTCONSOLIDATION,B,4000,11.58,0,0.07,N,11,2024-12-22
46,54196,MORTGAGE,17.0,VENTURE,B,4500,11.49,0,0.08,N,14,2024-04-08
36,54500,MORTGAGE,6.0,VENTURE,A,20500,6.91,0,0.38,N,17,2024-05-09
39,32400,RENT,3.0,MEDICAL,B,7000,11.013786929274843,0,0.22,N,16,2024-03-07
37,54996,MORTGAGE,5.0,HOMEIMPROVEMENT,A,7000,6.92,0,0.13,N,13,2024-03-26
39,54996,OWN,6.0,VENTURE,A,5500,7.51,0,0.1,N,11,2024-11-04
47,54996,MORTGAGE,7.0,MEDICAL,B,9000,10.38,0,0.16,N,16,2024-12-28
41,37200,RENT,4.0,PERSONAL,A,7000,9.32,0,0.19,N,16,2024-01-08
39,37800,RENT,5.0,DEBTCONSOLIDATION,B,7000,11.49,0,0.19,N,11,2024-05-17
42,55000,MORTGAGE,1.0,VENTURE,B,16500,12.69,0,0.3,N,11,2024-12-21
46,55000,MORTGAGE,3.0,MEDICAL,B,5000,9.91,0,0.09,N,14,2024-06-29
43,55000,MORTGAGE,14.0,VENTURE,A,10000,6.03,0,0.18,N,17,2024-07-09
45,49000,OWN,5.0,MEDICAL,E,24250,19.03,1,0.49,Y,11,2024-01-13
36,41000,RENT,1.0,PERSONAL,A,7000,9.63,0,0.17,N,14,2024-11-17
38,55000,OWN,5.0,HOMEIMPROVEMENT,A,15600,7.9,0,0.28,N,15,2024-02-24
36,55000,MORTGAGE,13.0,EDUCATION,A,3000,11.013786929274843,0,0.05,N,14,2024-05-16
36,42000,RENT,2.0,VENTURE,A,7000,6.62,0,0.17,N,16,2024-10-03
43,42000,RENT,4.0,EDUCATION,D,7000,14.96,0,0.17,Y,16,2024-04-25
40,55000,MORTGAGE,6.0,EDUCATION,A,12000,6.62,0,0.22,N,15,2024-03-08
39,55000,MORTGAGE,8.0,PERSONAL,A,10000,5.42,0,0.18,N,16,2024-12-25
40,38000,RENT,4.0,DEBTCONSOLIDATION,D,7000,15.99,1,0.18,N,16,2024-06-17
36,44000,RENT,4.0,EDUCATION,A,7000,8.0,0,0.16,N,11,2024-10-13
38,55000,MORTGAGE,16.0,PERSONAL,A,6000,5.42,0,0.11,N,14,2024-06-17
36,45000,RENT,16.0,MEDICAL,B,7000,9.91,0,0.16,N,12,2024-01-26
43,45000,RENT,2.0,EDUCATION,C,7000,12.99,0,0.16,N,14,2024-06-04
37,45000,RENT,1.0,DEBTCONSOLIDATION,A,7000,7.49,0,0.16,N,15,2024-10-16
43,45000,RENT,5.0,EDUCATION,A,7000,5.42,0,0.16,N,12,2024-12-01
41,55000,MORTGAGE,17.0,PERSONAL,A,9000,5.99,0,0.16,N,17,2024-11-18
38,47000,RENT,4.0,PERSONAL,C,7000,13.35,0,0.15,Y,13,2024-03-24
37,55000,OWN,2.0,VENTURE,B,24375,10.37,0,0.44,N,13,2024-05-07
46,55000,MORTGAGE,3.0,VENTURE,B,15000,10.37,0,0.27,N,11,2024-01-07
38,55000,MORTGAGE,16.0,EDUCATION,A,11700,7.66,0,0.21,N,15,2024-09-25
39,50400,RENT,4.0,EDUCATION,D,7000,11.86,0,0.14,N,11,2024-10-06
38,52000,RENT,6.0,EDUCATION,A,7000,5.99,0,0.13,N,11,2024-01-08
36,55000,MORTGAGE,2.0,PERSONAL,A,12000,11.013786929274843,0,0.22,N,13,2024-11-26
39,53800,RENT,1.0,HOMEIMPROVEMENT,B,7000,9.62,0,0.13,N,15,2024-11-28
39,55000,OWN,3.0,HOMEIMPROVEMENT,C,13000,13.98,0,0.24,N,14,2024-02-02
36,49000,RENT,6.0,HOMEIMPROVEMENT,B,7000,10.74,1,0.14,N,16,2024-03-15
36,55000,RENT,5.0,VENTURE,A,7000,6.92,0,0.13,N,16,2024-11-15
41,58500,RENT,17.0,PERSONAL,D,7150,15.99,1,0.12,Y,16,2024-12-11
37,60000,RENT,4.0,VENTURE,A,7175,7.9,0,0.12,N,14,2024-04-08
44,55000,MORTGAGE,2.0,EDUCATION,A,5000,7.51,0,0.09,N,11,2024-12-12
40,55000,MORTGAGE,2.0,VENTURE,A,3600,6.39,0,0.07,N,14,2024-05-24
38,24000,RENT,5.0,MEDICAL,B,7200,10.65,0,0.3,N,14,2024-01-04
36,25200,RENT,3.0,MEDICAL,A,7200,7.29,0,0.29,N,11,2024-05-24
44,29088,RENT,3.0,DEBTCONSOLIDATION,B,7200,11.71,0,0.25,N,17,2024-10-16
40,55000,OWN,2.0,HOMEIMPROVEMENT,B,8000,11.36,0,0.15,N,17,2024-02-16
48,55000,MORTGAGE,7.0,HOMEIMPROVEMENT,C,10000,11.013786929274843,0,0.18,Y,11,2024-02-25
43,55000,OWN,17.0,VENTURE,B,2000,12.53,0,0.04,N,11,2024-07-18
38,55000,MORTGAGE,3.0,MEDICAL,C,14000,13.22,0,0.25,N,13,2024-01-28
36,55000,OWN,6.0,MEDICAL,C,9000,11.013786929274843,0,0.16,N,16,2024-08-11
37,29000,RENT,5.0,PERSONAL,E,7200,19.03,1,0.25,Y,14,2024-04-05
37,49000,MORTGAGE,3.0,MEDICAL,D,4000,15.65,1,0.08,N,17,2024-11-25
37,45000,RENT,1.0,MEDICAL,A,7200,9.63,0,0.16,N,14,2024-08-22
36,50000,RENT,6.0,VENTURE,C,7200,13.98,0,0.14,N,15,2024-03-09
36,49074,MORTGAGE,3.0,DEBTCONSOLIDATION,E,8000,15.68,1,0.16,Y,14,2024-08-02
36,60000,RENT,1.0,PERSONAL,C,7200,11.013786929274843,0,0.12,Y,12,2024-03-17
42,60000,RENT,3.0,HOMEIMPROVEMENT,A,7200,5.79,0,0.12,N,11,2024-06-20
37,55236,MORTGAGE,9.0,VENTURE,A,6500,6.03,0,0.12,N,16,2024-10-05
42,55308,OWN,8.0,VENTURE,B,2000,11.49,0,0.04,N,15,2024-12-25
37,66560,RENT,11.0,DEBTCONSOLIDATION,B,7200,10.0,0,0.11,N,15,2024-02-06
36,55500,MORTGAGE,15.0,EDUCATION,B,7875,11.99,0,0.14,N,12,2024-02-03
38,55550,MORTGAGE,1.0,HOMEIMPROVEMENT,A,22500,7.49,0,0.41,N,12,2024-09-19
37,55900,MORTGAGE,1.0,PERSONAL,B,17000,8.7,0,0.3,N,12,2024-04-05
39,49993,MORTGAGE,10.0,DEBTCONSOLIDATION,D,12600,16.89,1,0.25,N,15,2024-05-11
48,56000,MORTGAGE,7.0,DEBTCONSOLIDATION,A,15000,6.99,0,0.27,N,14,2024-07-18
36,95000,RENT,3.0,VENTURE,A,7375,8.94,0,0.08,N,15,2024-08-30
46,56000,MORTGAGE,1.0,EDUCATION,A,6000,11.013786929274843,0,0.11,N,16,2024-05-27
43,19440,RENT,1.0,HOMEIMPROVEMENT,B,7500,9.01,1,0.39,N,11,2024-10-27
39,56000,MORTGAGE,14.0,PERSONAL,C,10000,12.73,0,0.18,Y,12,2024-07-03
37,25000,RENT,6.0,MEDICAL,B,7500,10.99,0,0.3,N,17,2024-08-16
38,26300,RENT,1.0,DEBTCONSOLIDATION,C,7500,13.47,1,0.29,N,12,2024-11-18
37,56000,MORTGAGE,2.0,HOMEIMPROVEMENT,A,13000,9.63,0,0.23,N,17,2024-12-28
39,56004,MORTGAGE,1.0,HOMEIMPROVEMENT,B,6000,11.36,0,0.11,N,13,2024-08-10
42,35000,RENT,1.0,MEDICAL,B,7500,9.99,0,0.21,N,15,2024-08-15
38,36000,RENT,13.0,EDUCATION,B,7500,11.36,0,0.21,N,13,2024-08-12
41,38500,RENT,6.0,MEDICAL,A,7500,8.49,0,0.19,N,12,2024-04-13
37,56500,MORTGAGE,4.0,EDUCATION,B,10000,11.013786929274843,0,0.18,N,13,2024-10-30
36,56500,MORTGAGE,7.0,VENTURE,A,12000,7.49,0,0.21,N,17,2024-09-12
36,56650,MORTGAGE,16.0,VENTURE,C,12000,13.72,0,0.21,N,11,2024-12-20
39,57000,MORTGAGE,16.0,EDUCATION,B,6300,10.99,0,0.11,N,17,2024-12-28
37,48000,RENT,5.0,PERSONAL,A,7500,11.013786929274843,0,0.16,N,13,2024-01-31
37,48000,RENT,3.0,MEDICAL,D,7500,16.29,0,0.16,N,14,2024-07-09
44,48000,RENT,4.0,MEDICAL,B,7500,11.49,0,0.16,N,15,2024-03-18
41,57000,MORTGAGE,11.0,PERSONAL,A,10000,7.51,0,0.18,N,12,2024-11-24
36,55000,RENT,8.0,VENTURE,A,7500,8.9,0,0.14,N,13,2024-08-01
36,51000,MORTGAGE,2.0,MEDICAL,E,10000,15.68,1,0.2,N,16,2024-05-13
42,58000,RENT,16.0,DEBTCONSOLIDATION,C,7500,12.99,0,0.13,N,17,2024-03-07
41,58000,RENT,16.0,PERSONAL,C,7500,11.03,0,0.13,Y,16,2024-04-02
36,54000,RENT,2.0,HOMEIMPROVEMENT,A,7500,11.013786929274843,1,0.14,N,14,2024-09-24
46,57359,MORTGAGE,3.0,DEBTCONSOLIDATION,A,9000,6.92,0,0.16,N,14,2024-04-30
41,62000,RENT,3.0,MEDICAL,B,7500,11.36,0,0.12,N,16,2024-01-07
38,64800,RENT,15.0,PERSONAL,B,7500,9.63,0,0.12,N,11,2024-07-11
38,65000,RENT,6.0,PERSONAL,C,7500,12.29,0,0.12,Y,13,2024-02-25
41,67500,RENT,3.0,HOMEIMPROVEMENT,B,7500,9.88,0,0.11,N,15,2024-05-22
38,57600,MORTGAGE,2.0,DEBTCONSOLIDATION,B,9000,10.99,0,0.16,N,12,2024-01-22
36,80000,RENT,4.0,EDUCATION,B,7500,11.49,0,0.09,N,15,2024-04-25
44,57700,MORTGAGE,4.0,MEDICAL,A,3600,6.99,0,0.06,N,14,2024-07-24
41,57996,MORTGAGE,2.0,PERSONAL,B,15000,9.62,0,0.26,N,12,2024-02-28
39,57996,MORTGAGE,10.0,HOMEIMPROVEMENT,A,8000,7.88,0,0.14,N,16,2024-11-19
39,117996,RENT,6.0,HOMEIMPROVEMENT,D,7500,13.24,1,0.06,Y,14,2024-06-05
37,178008,RENT,12.0,DEBTCONSOLIDATION,B,7500,11.14,0,0.04,N,11,2024-03-11
41,210000,RENT,1.0,PERSONAL,A,7500,6.03,0,0.04,N,14,2024-01-06
41,58000,MORTGAGE,12.0,DEBTCONSOLIDATION,A,1800,7.51,0,0.03,N,12,2024-01-22
37,780000,RENT,9.0,HOMEIMPROVEMENT,B,7500,12.18,0,0.01,N,15,2024-03-24
44,58000,MORTGAGE,13.0,VENTURE,D,6400,16.29,0,0.11,N,13,2024-03-03
41,34560,RENT,8.0,DEBTCONSOLIDATION,D,7550,16.89,1,0.22,N,14,2024-09-14
40,52000,MORTGAGE,6.0,HOMEIMPROVEMENT,C,7000,14.65,1,0.13,N,14,2024-08-05
40,58000,MORTGAGE,9.0,EDUCATION,E,8000,18.79,0,0.14,Y,12,2024-07-06
39,30000,RENT,1.0,HOMEIMPROVEMENT,E,7675,16.0,1,0.26,Y,16,2024-12-13
37,52700,RENT,1.0,VENTURE,C,7700,11.013786929274843,0,0.15,N,13,2024-01-19
40,63000,RENT,4.0,EDUCATION,C,7700,15.23,0,0.12,Y,11,2024-12-30
36,58000,MORTGAGE,12.0,PERSONAL,A,21600,6.54,0,0.37,N,14,2024-07-26
37,29808,RENT,4.0,VENTURE,C,7750,11.013786929274843,1,0.26,Y,17,2024-01-14
36,52000,MORTGAGE,11.0,PERSONAL,B,1500,11.36,1,0.03,N,17,2024-12-02
43,58000,MORTGAGE,4.0,EDUCATION,C,9000,13.22,0,0.16,Y,14,2024-12-19
41,58000,MORTGAGE,6.0,DEBTCONSOLIDATION,C,5200,12.87,0,0.09,N,11,2024-05-11
44,43000,RENT,3.0,DEBTCONSOLIDATION,B,7800,11.013786929274843,0,0.18,N,13,2024-06-11
46,58000,MORTGAGE,10.0,PERSONAL,C,6300,11.03,0,0.11,N,13,2024-04-07
37,52200,MORTGAGE,2.0,DEBTCONSOLIDATION,E,16000,15.25,1,0.31,N,11,2024-07-08
39,102000,RENT,4.0,EDUCATION,B,7800,11.99,0,0.08,N,11,2024-12-07
42,18000,RENT,3.0,VENTURE,A,8000,6.91,1,0.44,N,17,2024-12-01
45,59000,MORTGAGE,5.0,MEDICAL,A,9000,7.9,0,0.15,N,16,2024-12-04
36,53000,MORTGAGE,5.0,HOMEIMPROVEMENT,C,10000,13.98,1,0.19,N,16,2024-02-16
37,59000,MORTGAGE,3.0,HOMEIMPROVEMENT,B,9000,10.25,0,0.15,N,13,2024-02-25
36,24000,RENT,2.0,DEBTCONSOLIDATION,C,8000,13.61,1,0.33,N,14,2024-12-07
37,59000,MORTGAGE,7.0,MEDICAL,A,11000,11.013786929274843,0,0.19,N,17,2024-07-12
43,25000,RENT,6.0,MEDICAL,B,8000,11.99,1,0.32,N,17,2024-01-12
36,25000,RENT,4.0,MEDICAL,D,8000,15.65,1,0.32,N,13,2024-07-01
36,59004,MORTGAGE,11.0,VENTURE,A,10000,7.51,0,0.17,N,15,2024-01-15
40,59484,MORTGAGE,13.0,VENTURE,A,5500,7.14,0,0.09,N,11,2024-12-09
44,28000,RENT,15.0,EDUCATION,A,8000,7.49,0,0.29,N,11,2024-09-21
36,59617,MORTGAGE,14.0,HOMEIMPROVEMENT,D,21000,15.62,0,0.35,N,13,2024-08-08
38,30000,RENT,6.0,MEDICAL,A,8000,11.013786929274843,0,0.27,N,14,2024-09-24
42,30000,RENT,5.0,VENTURE,D,8000,14.96,0,0.27,N,15,2024-02-10
41,31000,RENT,3.0,VENTURE,B,8000,10.38,0,0.26,N,17,2024-10-26
39,60000,MORTGAGE,1.0,EDUCATION,C,17000,14.65,0,0.28,Y,14,2024-10-11
48,32000,RENT,4.0,MEDICAL,A,8000,6.62,0,0.25,N,14,2024-12-07
36,60000,MORTGAGE,7.0,DEBTCONSOLIDATION,B,17050,12.69,0,0.28,N,14,2024-03-16
37,33600,RENT,3.0,PERSONAL,B,8000,11.013786929274843,0,0.24,N,17,2024-05-23
36,33996,RENT,12.0,PERSONAL,A,8000,11.013786929274843,0,0.24,N,15,2024-06-22
36,34000,RENT,2.0,DEBTCONSOLIDATION,B,8000,11.013786929274843,0,0.24,N,16,2024-04-18
39,35000,RENT,8.0,EDUCATION,C,8000,13.22,0,0.23,Y,14,2024-01-09
47,30000,RENT,5.0,DEBTCONSOLIDATION,B,8000,12.18,1,0.27,N,11,2024-11-01
39,60000,MORTGAGE,6.0,DEBTCONSOLIDATION,A,12800,6.62,0,0.21,N,14,2024-08-27
36,30500,RENT,3.0,HOMEIMPROVEMENT,B,8000,11.11,1,0.26,N,13,2024-10-08
36,31000,RENT,2.0,MEDICAL,D,8000,14.11,1,0.26,N,12,2024-11-27
37,54000,MORTGAGE,1.0,EDUCATION,D,3500,16.89,1,0.06,Y,13,2024-07-23
42,60000,MORTGAGE,1.0,MEDICAL,A,8000,5.42,0,0.13,N,13,2024-07-10
40,60000,MORTGAGE,2.0,HOMEIMPROVEMENT,A,14400,5.42,0,0.24,N,12,2024-11-28
40,32000,RENT,2.0,DEBTCONSOLIDATION,D,8000,14.96,1,0.25,Y,17,2024-11-11
39,33100,RENT,3.0,DEBTCONSOLIDATION,C,8000,14.26,1,0.24,Y,12,2024-07-14
39,39996,RENT,9.0,EDUCATION,A,8000,7.14,0,0.2,N,16,2024-06-03
41,60000,MORTGAGE,3.0,PERSONAL,E,16800,17.99,0,0.28,Y,16,2024-12-13
38,60000,MORTGAGE,7.0,DEBTCONSOLIDATION,B,8000,10.99,0,0.13,N,13,2024-10-24
37,42000,RENT,5.0,DEBTCONSOLIDATION,B,8000,12.69,0,0.19,N,15,2024-06-12
46,60000,MORTGAGE,7.0,EDUCATION,A,3600,6.99,0,0.06,N,12,2024-05-10
40,60000,MORTGAGE,1.0,HOMEIMPROVEMENT,C,3500,12.99,0,0.06,Y,14,2024-12-20
43,60000,MORTGAGE,3.0,VENTURE,B,18000,10.99,0,0.3,N,11,2024-08-17
39,44000,RENT,5.0,MEDICAL,B,8000,12.53,0,0.18,N,14,2024-01-11
39,60000,OWN,7.0,VENTURE,D,6800,17.49,0,0.11,Y,14,2024-08-12
48,60000,MORTGAGE,8.0,MEDICAL,B,8000,10.37,0,0.13,N,17,2024-04-17
37,45000,RENT,1.0,EDUCATION,B,8000,10.74,0,0.18,N,17,2024-09-11
41,39000,RENT,2.0,PERSONAL,D,8000,14.84,1,0.21,Y,14,2024-05-05
42,60000,MORTGAGE,4.0,HOMEIMPROVEMENT,B,8850,10.37,0,0.15,N,16,2024-10-11
37,47004,RENT,5.0,EDUCATION,B,8000,11.013786929274843,0,0.17,N,12,2024-06-12
41,48000,RENT,7.0,EDUCATION,A,8000,5.99,0,0.17,N,15,2024-04-07
36,50000,RENT,4.0,PERSONAL,D,8000,17.49,0,0.16,Y,14,2024-10-16
37,50000,RENT,5.0,HOMEIMPROVEMENT,B,8000,10.99,0,0.16,N,16,2024-06-11
43,60000,MORTGAGE,2.0,MEDICAL,A,9250,5.79,0,0.15,N,17,2024-08-04
43,50000,RENT,3.0,HOMEIMPROVEMENT,C,8000,12.84,0,0.16,Y,17,2024-01-29
41,60000,OWN,7.0,PERSONAL,A,12000,6.91,0,0.2,N,13,2024-04-28
42,50000,RENT,3.0,HOMEIMPROVEMENT,B,8000,10.14,0,0.16,N,15,2024-07-13
37,50000,RENT,1.0,DEBTCONSOLIDATION,C,8000,11.013786929274843,0,0.16,N,16,2024-03-22
47,44004,RENT,2.0,MEDICAL,B,8000,11.013786929274843,1,0.18,N,11,2024-08-15
36,50700,RENT,2.0,HOMEIMPROVEMENT,B,8000,10.99,0,0.16,N,17,2024-02-26
41,60000,MORTGAGE,5.0,MEDICAL,C,3850,13.35,0,0.06,N,13,2024-02-07
36,51000,RENT,5.0,MEDICAL,C,8000,13.47,0,0.16,Y,13,2024-09-01
41,54000,MORTGAGE,6.0,VENTURE,C,5000,13.23,1,0.09,N,12,2024-10-05
36,60000,MORTGAGE,12.0,EDUCATION,A,15000,7.88,0,0.25,N,17,2024-04-22
38,60000,MORTGAGE,9.0,VENTURE,A,10000,7.51,0,0.17,N,14,2024-08-28
36,60000,MORTGAGE,6.0,MEDICAL,A,13750,7.51,0,0.23,N,12,2024-05-17
41,57600,RENT,6.0,PERSONAL,A,8000,6.03,0,0.14,N,12,2024-04-07
36,53126,RENT,1.0,MEDICAL,D,8000,11.013786929274843,1,0.15,N,14,2024-07-04
37,60000,MORTGAGE,4.0,DEBTCONSOLIDATION,C,12000,12.73,0,0.2,N,15,2024-10-19
45,54000,MORTGAGE,1.0,EDUCATION,D,7750,16.07,1,0.14,N,13,2024-02-04
43,60000,RENT,1.0,MEDICAL,B,8000,10.37,0,0.13,N,16,2024-08-09
44,60000,MORTGAGE,4.0,HOMEIMPROVEMENT,B,15000,11.013786929274843,0,0.25,N,13,2024-02-27
40,60000,MORTGAGE,1.0,VENTURE,D,4800,14.59,0,0.08,N,11,2024-12-20
39,60000,RENT,3.0,PERSONAL,B,8000,9.88,0,0.13,N,14,2024-01-03
40,61500,RENT,3.0,PERSONAL,B,8000,11.48,0,0.13,N,17,2024-01-10
39,60197,RENT,6.0,PERSONAL,A,5200,11.013786929274843,0,0.09,N,11,2024-06-14
38,60000,OWN,2.0,VENTURE,D,6000,14.96,0,0.1,Y,14,2024-02-15
44,68000,RENT,7.0,EDUCATION,A,5150,7.9,0,0.08,N,14,2024-02-18
38,60000,MORTGAGE,9.0,EDUCATION,E,16000,16.35,0,0.27,N,17,2024-01-01
46,27600,RENT,1.0,MEDICAL,B,5050,11.013786929274843,0,0.18,N,11,2024-03-28
36,60000,MORTGAGE,2.0,EDUCATION,C,8000,13.92,0,0.13,N,15,2024-07-22
40,60000,MORTGAGE,1.0,MEDICAL,A,12000,8.94,0,0.2,N,15,2024-08-08
40,16800,RENT,8.0,PERSONAL,A,5000,8.94,1,0.3,N,17,2024-06-10
37,60000,OWN,15.0,HOMEIMPROVEMENT,A,5000,9.32,0,0.08,N,12,2024-08-05
37,60000,MORTGAGE,17.0,HOMEIMPROVEMENT,A,6000,9.32,0,0.1,N,16,2024-01-21
40,60000,OWN,5.0,VENTURE,A,12000,9.63,0,0.2,N,13,2024-02-03
47,21000,RENT,9.0,DEBTCONSOLIDATION,D,5000,15.99,1,0.24,Y,16,2024-10-01
36,54000,MORTGAGE,1.0,MEDICAL,E,10000,14.93,1,0.19,Y,11,2024-01-14
37,24000,RENT,2.0,VENTURE,C,5000,14.65,0,0.21,N,14,2024-11-27
44,60000,OWN,11.0,PERSONAL,A,11800,8.63,0,0.2,N,12,2024-07-18
46,60000,MORTGAGE,1.0,EDUCATION,C,5000,11.72,0,0.08,N,16,2024-07-25
36,24000,RENT,1.0,EDUCATION,B,5000,10.36,0,0.21,N,17,2024-07-05
43,60000,MORTGAGE,6.0,MEDICAL,B,4800,9.64,0,0.08,N,13,2024-11-12
39,24000,RENT,9.0,EDUCATION,B,5000,11.14,0,0.21,N,12,2024-05-07
36,24960,RENT,3.0,VENTURE,A,5000,6.62,0,0.2,N,15,2024-03-01
36,60996,MORTGAGE,8.0,DEBTCONSOLIDATION,B,15000,9.63,0,0.25,N,14,2024-07-04
40,54996,MORTGAGE,6.0,PERSONAL,B,6000,9.76,1,0.11,N,14,2024-02-15
41,61000,MORTGAGE,7.0,DEBTCONSOLIDATION,B,15000,11.013786929274843,0,0.25,N,11,2024-02-02
39,61000,MORTGAGE,3.0,VENTURE,D,14000,16.29,0,0.23,Y,17,2024-01-28
41,61000,MORTGAGE,16.0,PERSONAL,B,8500,11.013786929274843,0,0.14,N,14,2024-10-10
37,27036,RENT,2.0,VENTURE,B,5000,11.49,0,0.18,N,11,2024-08-04
38,27600,RENT,3.0,MEDICAL,D,5000,14.59,1,0.18,Y,16,2024-04-20
38,55000,MORTGAGE,4.0,DEBTCONSOLIDATION,D,25000,11.013786929274843,1,0.45,Y,14,2024-03-29
42,61000,OWN,2.0,PERSONAL,A,14400,7.51,0,0.24,N,17,2024-11-25
40,62000,RENT,3.0,DEBTCONSOLIDATION,A,8000,8.49,0,0.13,N,15,2024-03-22
42,62000,RENT,2.0,PERSONAL,B,8000,9.63,0,0.13,N,11,2024-08-01
36,61000,MORTGAGE,2.0,DEBTCONSOLIDATION,B,10000,10.25,0,0.16,N,12,2024-11-01
36,62000,RENT,3.0,DEBTCONSOLIDATION,B,8000,11.12,0,0.13,N,13,2024-03-21
45,61000,MORTGAGE,2.0,DEBTCONSOLIDATION,C,11600,13.48,0,0.19,N,11,2024-08-29
37,61000,MORTGAGE,6.0,DEBTCONSOLIDATION,C,10000,13.57,0,0.16,N,15,2024-08-02
45,61000,OWN,7.0,MEDICAL,C,20000,13.22,0,0.33,Y,17,2024-02-19
37,61260,MORTGAGE,2.0,MEDICAL,A,6350,7.51,0,0.1,N,14,2024-12-25
38,65004,RENT,1.0,DEBTCONSOLIDATION,B,8000,11.83,0,0.12,N,11,2024-06-30
38,61450,OWN,6.0,VENTURE,A,12500,7.49,0,0.2,N,16,2024-03-01
37,68500,RENT,2.0,PERSONAL,A,8000,7.51,0,0.12,N,16,2024-08-01
36,68848,RENT,5.0,PERSONAL,B,8000,9.63,0,0.12,N,16,2024-05-13
39,61766,MORTGAGE,4.0,EDUCATION,A,5500,7.14,0,0.09,N,15,2024-11-19
45,56000,MORTGAGE,8.0,DEBTCONSOLIDATION,D,7000,16.29,1,0.13,Y,12,2024-06-24
40,62000,OWN,5.0,DEBTCONSOLIDATION,D,4800,11.013786929274843,0,0.08,N,16,2024-07-10
39,62000,OWN,3.0,PERSONAL,A,7200,7.49,0,0.12,N,12,2024-03-12
40,62000,MORTGAGE,17.0,DEBTCONSOLIDATION,A,2600,7.66,0,0.04,N,14,2024-01-03
43,62000,MORTGAGE,11.0,HOMEIMPROVEMENT,A,5000,7.88,0,0.08,N,14,2024-06-08
38,62000,MORTGAGE,3.0,HOMEIMPROVEMENT,A,15000,7.88,0,0.24,N,12,2024-06-09
43,62000,MORTGAGE,2.0,EDUCATION,B,20000,10.25,0,0.32,N,14,2024-12-14
36,87000,RENT,7.0,MEDICAL,C,8000,14.65,0,0.09,Y,14,2024-07-04
36,62000,MORTGAGE,15.0,DEBTCONSOLIDATION,A,7500,8.59,0,0.12,N,14,2024-11-09
45,87000,RENT,8.0,DEBTCONSOLIDATION,C,8000,13.11,0,0.09,Y,15,2024-04-27
44,88000,RENT,8.0,EDUCATION,B,8000,10.38,0,0.09,N,12,2024-11-19
36,62000,MORTGAGE,9.0,EDUCATION,A,4800,8.0,0,0.08,N,12,2024-03-08
38,86105,RENT,2.0,MEDICAL,A,8000,6.54,1,0.08,N,17,2024-04-28
37,108000,RENT,16.0,EDUCATION,B,8000,10.46,1,0.07,N,14,2024-11-29
39,116000,RENT,1.0,VENTURE,C,8000,15.27,1,0.07,N,11,2024-06-16
36,62400,MORTGAGE,6.0,PERSONAL,D,12000,16.89,0,0.19,Y,14,2024-05-07
46,135000,RENT,7.0,VENTURE,C,8000,11.013786929274843,0,0.06,Y,14,2024-09-23
36,62400,MORTGAGE,13.0,VENTURE,C,14100,12.98,0,0.23,Y,14,2024-02-14
40,164000,RENT,11.0,DEBTCONSOLIDATION,A,8000,11.013786929274843,0,0.05,N,17,2024-12-18
37,62400,MORTGAGE,5.0,VENTURE,D,10000,14.61,0,0.16,Y,17,2024-09-20
40,62400,MORTGAGE,7.0,EDUCATION,F,7000,19.13,0,0.11,N,12,2024-08-15
48,40000,RENT,2.0,DEBTCONSOLIDATION,C,8050,12.98,0,0.2,N,13,2024-10-10
41,62500,MORTGAGE,17.0,HOMEIMPROVEMENT,A,5000,8.49,0,0.08,N,15,2024-11-26
45,140000,RENT,10.0,EDUCATION,A,8175,5.99,0,0.06,N,17,2024-09-23
48,56500,MORTGAGE,9.0,DEBTCONSOLIDATION,B,15000,11.14,1,0.27,N,11,2024-05-13
38,62691,OWN,17.0,VENTURE,C,6000,13.49,0,0.1,Y,13,2024-12-21
36,56900,MORTGAGE,16.0,VENTURE,G,6200,11.013786929274843,1,0.11,N,11,2024-03-08
45,63000,MORTGAGE,8.0,VENTURE,B,12000,9.91,0,0.19,N,13,2024-05-10
37,33280,RENT,2.0,DEBTCONSOLIDATION,C,8400,13.92,0,0.25,N,11,2024-10-01
38,36000,RENT,1.0,MEDICAL,C,8400,13.22,0,0.23,N,16,2024-10-16
37,42000,RENT,2.0,VENTURE,C,8400,13.49,0,0.2,N,15,2024-12-17
36,57000,MORTGAGE,11.0,HOMEIMPROVEMENT,B,1500,9.62,1,0.03,N,16,2024-02-02
42,36000,RENT,7.0,MEDICAL,D,8400,16.32,1,0.23,Y,15,2024-02-23
38,42552,RENT,3.0,PERSONAL,C,8400,13.49,0,0.2,N,14,2024-02-21
39,48000,RENT,3.0,MEDICAL,C,8400,12.53,0,0.17,Y,17,2024-08-13
36,63000,MORTGAGE,7.0,MEDICAL,A,4200,7.14,0,0.07,N,13,2024-09-19
46,48000,RENT,1.0,EDUCATION,F,8400,18.54,1,0.17,N,16,2024-01-06
36,63177,MORTGAGE,3.0,MEDICAL,A,6250,7.49,0,0.1,N,12,2024-06-26
37,70000,RENT,6.0,HOMEIMPROVEMENT,A,8400,7.49,0,0.12,N,15,2024-12-13
38,63500,OWN,3.0,EDUCATION,B,2400,11.36,0,0.04,N,12,2024-09-13
36,63599,MORTGAGE,10.0,HOMEIMPROVEMENT,A,5200,7.91,0,0.08,N,14,2024-11-12
40,63996,MORTGAGE,8.0,EDUCATION,B,12000,10.25,0,0.19,N,17,2024-04-17
40,65000,RENT,4.0,MEDICAL,A,8700,7.88,0,0.13,N,13,2024-10-29
45,64000,MORTGAGE,3.0,MEDICAL,A,6000,7.29,0,0.09,N,14,2024-10-09
36,45600,RENT,8.0,PERSONAL,D,8775,12.36,0,0.19,Y,17,2024-05-22
43,64000,MORTGAGE,6.0,MEDICAL,A,15000,7.88,0,0.23,N,17,2024-05-09
42,22000,RENT,3.0,PERSONAL,A,9000,7.66,1,0.41,N,11,2024-02-06
45,24600,RENT,8.0,EDUCATION,B,9000,10.65,1,0.37,N,14,2024-09-25
42,27000,RENT,4.0,MEDICAL,B,9000,11.11,1,0.33,N,16,2024-07-07
36,64064,MORTGAGE,4.0,VENTURE,B,9500,11.013786929274843,0,0.15,N,15,2024-12-22
39,30000,RENT,6.0,DEBTCONSOLIDATION,D,9000,16.89,1,0.3,N,16,2024-07-15
36,64973,MORTGAGE,6.0,EDUCATION,B,9000,10.59,0,0.14,N,13,2024-02-06
36,36000,RENT,3.0,DEBTCONSOLIDATION,C,9000,12.73,0,0.25,Y,17,2024-08-27
38,36000,RENT,10.0,MEDICAL,B,9000,11.83,0,0.25,N,11,2024-02-06
42,65000,OWN,6.0,EDUCATION,A,22750,8.9,0,0.35,N,12,2024-11-01
37,65000,MORTGAGE,12.0,PERSONAL,B,11000,9.91,0,0.17,N,16,2024-08-15
36,65000,MORTGAGE,6.0,EDUCATION,C,23325,15.27,0,0.36,Y,14,2024-11-15
38,65000,MORTGAGE,7.0,MEDICAL,C,10000,13.49,0,0.15,N,12,2024-03-19
39,65000,MORTGAGE,17.0,EDUCATION,A,15000,7.9,0,0.23,N,14,2024-12-14
43,65000,OWN,4.0,MEDICAL,B,15000,11.71,0,0.23,N,13,2024-05-03
43,65000,MORTGAGE,17.0,VENTURE,D,7200,16.29,0,0.11,N,17,2024-01-27
40,44940,RENT,2.0,EDUCATION,A,9000,8.94,0,0.2,N,13,2024-08-08
37,59000,MORTGAGE,11.0,DEBTCONSOLIDATION,E,15000,17.99,1,0.25,N,12,2024-01-06
38,45600,RENT,5.0,VENTURE,D,9000,16.29,0,0.2,Y,13,2024-07-30
41,45600,RENT,3.0,DEBTCONSOLIDATION,B,9000,10.0,0,0.2,N,12,2024-08-22
36,48960,RENT,17.0,EDUCATION,B,9000,10.99,0,0.18,N,12,2024-03-05
37,59000,MORTGAGE,10.0,MEDICAL,D,12000,15.62,1,0.2,Y,12,2024-07-07
37,45000,RENT,1.0,PERSONAL,B,9000,11.71,1,0.2,N,12,2024-03-02
39,65000,MORTGAGE,3.0,EDUCATION,D,6000,15.62,0,0.09,Y,14,2024-10-03
36,65000,MORTGAGE,3.0,VENTURE,A,6500,5.79,0,0.1,N,16,2024-11-10
41,40000,RENT,3.0,PERSONAL,A,9200,7.49,0,0.23,N,13,2024-01-12
37,44004,RENT,2.0,PERSONAL,C,9200,12.84,1,0.21,N,13,2024-01-30
38,65000,MORTGAGE,5.0,EDUCATION,B,15000,10.36,0,0.23,N,17,2024-01-09
38,65000,OWN,12.0,HOMEIMPROVEMENT,B,3600,8.88,0,0.06,N,15,2024-03-02
36,58000,RENT,2.0,HOMEIMPROVEMENT,C,9275,14.72,0,0.16,Y,16,2024-10-21
36,65000,MORTGAGE,1.0,VENTURE,B,7000,11.49,0,0.11,N,11,2024-09-08
38,65000,OWN,3.0,PERSONAL,B,8000,10.62,0,0.12,N,14,2024-03-03
43,65000,MORTGAGE,2.0,EDUCATION,B,24000,10.99,0,0.37,N,13,2024-04-11
36,65000,MORTGAGE,3.0,VENTURE,C,4000,13.48,0,0.06,Y,12,2024-11-02
41,33000,RENT,6.0,VENTURE,A,9400,8.9,0,0.28,N,16,2024-08-14
38,65000,MORTGAGE,6.0,MEDICAL,C,11500,13.92,0,0.18,N,16,2024-04-07
39,38604,RENT,9.0,MEDICAL,B,9500,10.62,0,0.25,N,11,2024-09-05
38,34000,RENT,8.0,MEDICAL,D,9500,14.46,1,0.28,N,15,2024-09-30
43,50000,RENT,5.0,HOMEIMPROVEMENT,B,9500,9.88,0,0.19,N,15,2024-07-01
41,65000,MORTGAGE,6.0,HOMEIMPROVEMENT,B,20000,12.21,0,0.31,N,13,2024-11-15
37,58000,RENT,1.0,EDUCATION,B,9500,9.96,0,0.16,N,15,2024-05-14
36,60000,RENT,3.0,EDUCATION,A,9500,7.14,0,0.16,N,12,2024-12-04
36,55000,RENT,1.0,EDUCATION,D,9500,15.62,1,0.17,N,12,2024-08-08
38,58000,RENT,4.0,MEDICAL,E,9500,16.35,1,0.16,Y,16,2024-07-02
47,65000,RENT,2.0,EDUCATION,B,9500,11.89,0,0.15,N,14,2024-07-03
44,70000,RENT,4.0,EDUCATION,C,9500,14.22,0,0.14,N,14,2024-12-08
44,65004,MORTGAGE,3.0,EDUCATION,B,25000,11.86,0,0.38,N,17,2024-02-25
37,65004,MORTGAGE,5.0,MEDICAL,B,17000,11.26,0,0.26,N,13,2024-10-30
43,59004,MORTGAGE,13.0,PERSONAL,D,15000,11.013786929274843,1,0.25,Y,13,2024-07-04
37,65379,MORTGAGE,5.0,PERSONAL,B,10000,10.39,0,0.15,N,13,2024-02-18
36,65458,MORTGAGE,4.0,MEDICAL,A,8000,7.29,0,0.12,N,13,2024-12-07
42,42000,RENT,11.0,VENTURE,C,9600,13.23,0,0.23,N,15,2024-05-13
41,65500,MORTGAGE,12.0,VENTURE,A,3000,11.013786929274843,0,0.05,N,15,2024-09-29
47,59827,MORTGAGE,9.0,EDUCATION,D,6000,15.58,1,0.1,N,15,2024-11-06
45,65993,MORTGAGE,3.0,EDUCATION,D,9000,14.59,0,0.14,N,15,2024-08-17
37,54696,RENT,4.0,PERSONAL,B,9600,9.99,0,0.18,N,12,2024-01-30
48,66000,MORTGAGE,5.0,HOMEIMPROVEMENT,A,12475,6.62,0,0.19,N,11,2024-06-04
36,62000,RENT,5.0,DEBTCONSOLIDATION,A,9600,9.32,0,0.15,N,11,2024-09-24
44,66000,MORTGAGE,13.0,PERSONAL,C,5000,13.48,0,0.08,Y,11,2024-05-21
36,60000,MORTGAGE,3.0,DEBTCONSOLIDATION,D,13000,14.11,1,0.22,Y,14,2024-04-26
36,85000,RENT,4.0,PERSONAL,A,9600,7.51,0,0.11,N,15,2024-04-22
37,66150,OWN,11.0,PERSONAL,C,17000,12.73,0,0.26,N,17,2024-10-27
39,66200,MORTGAGE,5.0,VENTURE,B,13750,9.88,0,0.21,N,16,2024-06-14
38,66420,MORTGAGE,8.0,MEDICAL,A,5550,5.99,0,0.08,N,11,2024-10-15
48,66948,MORTGAGE,1.0,VENTURE,B,24000,10.62,0,0.36,N,12,2024-12-20
42,22800,RENT,6.0,EDUCATION,B,10000,10.99,1,0.44,N,17,2024-12-23
38,23000,RENT,4.0,EDUCATION,C,10000,13.48,1,0.43,Y,16,2024-05-31
39,67000,MORTGAGE,4.0,HOMEIMPROVEMENT,B,15000,10.37,0,0.22,N,15,2024-05-20
37,24000,RENT,5.0,DEBTCONSOLIDATION,B,10000,9.76,1,0.42,N,13,2024-11-27
43,61000,MORTGAGE,3.0,DEBTCONSOLIDATION,E,16000,11.013786929274843,1,0.26,Y,17,2024-12-09
37,25000,RENT,5.0,MEDICAL,D,10000,16.29,1,0.4,N,11,2024-04-18
39,61020,MORTGAGE,4.0,DEBTCONSOLIDATION,D,9975,13.99,1,0.16,N,11,2024-12-27
38,67200,MORTGAGE,11.0,EDUCATION,A,8000,7.9,0,0.12,N,11,2024-03-31
42,25320,RENT,1.0,HOMEIMPROVEMENT,D,10000,14.84,1,0.39,Y,14,2024-09-01
45,26000,RENT,17.0,MEDICAL,A,10000,8.49,1,0.38,N,13,2024-10-02
36,26000,RENT,1.0,PERSONAL,D,10000,15.31,1,0.38,N,14,2024-10-16
37,67600,MORTGAGE,6.0,EDUCATION,B,33000,9.99,0,0.49,N,15,2024-07-08
38,67870,MORTGAGE,6.0,DEBTCONSOLIDATION,B,5000,11.013786929274843,0,0.07,N,15,2024-08-14
46,30000,RENT,15.0,DEBTCONSOLIDATION,C,10000,13.49,1,0.33,N,12,2024-08-08
39,68000,MORTGAGE,1.0,PERSONAL,C,16000,13.49,0,0.24,Y,13,2024-05-10
37,30000,RENT,7.0,MEDICAL,B,10000,9.25,1,0.33,N,16,2024-08-04
43,68000,OWN,9.0,EDUCATION,A,5000,6.99,0,0.07,N,15,2024-04-16
38,30000,RENT,8.0,EDUCATION,A,10000,7.51,1,0.33,N,14,2024-08-15
43,68000,MORTGAGE,2.0,PERSONAL,C,7000,12.61,0,0.1,N,11,2024-08-20
42,68000,MORTGAGE,2.0,VENTURE,A,5000,7.51,0,0.07,N,17,2024-02-27
39,30400,RENT,2.0,MEDICAL,D,10000,15.7,1,0.33,Y,15,2024-07-28
38,30500,RENT,8.0,EDUCATION,C,10000,14.22,1,0.33,N,12,2024-09-22
40,68000,MORTGAGE,1.0,PERSONAL,A,9200,8.94,0,0.14,N,11,2024-03-15
36,68000,OTHER,2.0,PERSONAL,A,7200,9.63,0,0.11,N,15,2024-01-07
40,31504,RENT,13.0,MEDICAL,E,10000,11.013786929274843,1,0.32,N,13,2024-12-28
42,32000,RENT,5.0,PERSONAL,B,10000,11.71,1,0.31,N,11,2024-08-17
42,32000,RENT,5.0,VENTURE,B,10000,10.38,1,0.31,N,15,2024-02-10
37,32000,RENT,4.0,DEBTCONSOLIDATION,C,10000,13.79,1,0.31,N,15,2024-04-15
40,32400,RENT,1.0,DEBTCONSOLIDATION,B,10000,10.0,1,0.31,N,14,2024-11-12
44,68500,MORTGAGE,4.0,PERSONAL,D,14300,15.31,0,0.21,N,17,2024-03-05
36,35000,RENT,1.0,VENTURE,B,10000,11.013786929274843,0,0.29,N,15,2024-07-20
45,35000,RENT,13.0,DEBTCONSOLIDATION,A,10000,8.49,0,0.29,N,11,2024-10-18
38,29000,RENT,2.0,DEBTCONSOLIDATION,D,10000,11.013786929274843,1,0.34,N,16,2024-08-07
37,69000,OWN,12.0,HOMEIMPROVEMENT,A,12000,9.32,0,0.17,N,13,2024-06-12
41,36000,RENT,5.0,DEBTCONSOLIDATION,A,10000,6.03,0,0.28,N,15,2024-07-30
45,69600,OWN,11.0,VENTURE,A,6000,7.9,0,0.09,N,13,2024-12-15
43,36000,RENT,1.0,MEDICAL,A,10000,8.94,0,0.28,N,11,2024-04-04
36,69736,MORTGAGE,17.0,VENTURE,E,2500,17.04,0,0.04,N,14,2024-01-20
42,69996,MORTGAGE,1.0,PERSONAL,A,10000,7.66,0,0.14,N,12,2024-02-04
37,69996,MORTGAGE,10.0,PERSONAL,B,5000,11.013786929274843,0,0.07,N,16,2024-04-21
38,38000,RENT,3.0,DEBTCONSOLIDATION,A,10000,8.59,0,0.26,N,15,2024-11-26
45,64000,MORTGAGE,8.0,PERSONAL,A,4800,8.9,1,0.07,N,17,2024-04-19
48,70000,MORTGAGE,2.0,HOMEIMPROVEMENT,A,21600,7.51,0,0.31,N,11,2024-07-18
39,70000,MORTGAGE,7.0,PERSONAL,A,12500,7.9,0,0.18,N,12,2024-03-12
37,39870,RENT,8.0,MEDICAL,B,10000,10.65,0,0.25,N,14,2024-08-17
37,70000,MORTGAGE,2.0,VENTURE,B,30000,10.65,0,0.43,N,14,2024-01-27
40,70000,MORTGAGE,6.0,MEDICAL,A,18000,7.9,0,0.26,N,12,2024-08-05
38,70000,MORTGAGE,16.0,EDUCATION,A,17000,6.03,0,0.24,N,13,2024-05-31
39,70000,MORTGAGE,11.0,MEDICAL,A,19500,7.9,0,0.28,N,14,2024-05-16
38,40000,RENT,15.0,PERSONAL,D,10000,16.29,0,0.25,N,12,2024-01-11
41,70000,MORTGAGE,2.0,PERSONAL,B,5000,12.69,0,0.07,N,12,2024-01-11
48,40000,RENT,3.0,MEDICAL,A,10000,11.013786929274843,0,0.25,N,17,2024-05-03
36,70000,MORTGAGE,6.0,DEBTCONSOLIDATION,A,6000,5.42,0,0.09,N,16,2024-10-24
47,41000,RENT,2.0,MEDICAL,C,10000,13.79,0,0.24,N,16,2024-11-16
46,70000,MORTGAGE,5.0,PERSONAL,A,8000,7.29,0,0.11,N,13,2024-05-20
40,70000,MORTGAGE,16.0,HOMEIMPROVEMENT,A,12000,5.79,0,0.17,N,14,2024-09-11
37,43000,RENT,1.0,MEDICAL,A,10000,7.9,0,0.23,N,16,2024-12-11
39,70000,MORTGAGE,6.0,EDUCATION,A,10000,6.17,0,0.14,N,15,2024-05-04
40,70000,MORTGAGE,1.0,VENTURE,A,11600,6.91,0,0.17,N,17,2024-07-02
36,70000,MORTGAGE,16.0,DEBTCONSOLIDATION,A,16000,6.91,0,0.23,N,14,2024-03-17
37,70000,MORTGAGE,3.0,EDUCATION,D,15000,15.2,0,0.21,N,15,2024-01-04
36,45000,RENT,12.0,MEDICAL,D,10000,15.99,0,0.22,N,14,2024-08-23
36,70000,MORTGAGE,16.0,VENTURE,B,10000,9.88,0,0.14,N,14,2024-02-15
39,70000,MORTGAGE,13.0,DEBTCONSOLIDATION,A,8400,7.88,0,0.12,N,15,2024-05-31
36,70000,MORTGAGE,2.0,PERSONAL,A,11000,7.51,0,0.16,N,12,2024-01-21
45,36000,RENT,1.0,VENTURE,C,4300,10.91,0,0.12,Y,17,2024-05-25
39,60000,RENT,4.0,DEBTCONSOLIDATION,A,4300,7.49,0,0.07,N,17,2024-07-08
39,64000,MORTGAGE,2.0,DEBTCONSOLIDATION,E,8750,11.013786929274843,1,0.14,Y,13,2024-06-21
45,70000,MORTGAGE,15.0,MEDICAL,A,10000,8.59,0,0.14,N,12,2024-08-16
48,12000,RENT,4.0,MEDICAL,A,4200,11.013786929274843,1,0.35,N,14,2024-12-16
40,54400,MORTGAGE,16.0,MEDICAL,F,25000,18.09,1,0.39,N,12,2024-10-27
39,45500,RENT,4.0,PERSONAL,D,10000,16.29,0,0.22,N,15,2024-12-02
41,70000,MORTGAGE,1.0,EDUCATION,C,20000,14.26,0,0.29,N,13,2024-10-15
41,70000,MORTGAGE,2.0,EDUCATION,E,14000,16.7,0,0.2,Y,13,2024-05-21
36,46000,RENT,2.0,DEBTCONSOLIDATION,C,10000,12.53,0,0.22,N,14,2024-07-28
41,70000,MORTGAGE,12.0,DEBTCONSOLIDATION,B,20800,12.21,0,0.3,N,11,2024-09-16
36,70000,MORTGAGE,11.0,PERSONAL,C,25000,12.84,0,0.36,Y,16,2024-08-28
37,70000,MORTGAGE,7.0,MEDICAL,B,25000,9.76,0,0.36,N,12,2024-02-23
42,70000,MORTGAGE,3.0,MEDICAL,B,2825,9.64,0,0.04,N,17,2024-04-16
40,70032,MORTGAGE,14.0,EDUCATION,B,14000,9.99,0,0.2,N,14,2024-06-30
42,42000,RENT,2.0,PERSONAL,C,4200,13.35,0,0.1,N,17,2024-06-26
37,43000,RENT,1.0,VENTURE,C,4200,13.49,0,0.1,Y,14,2024-06-12
37,48000,RENT,6.0,PERSONAL,B,4200,10.59,0,0.09,N,14,2024-12-11
41,55000,RENT,4.0,HOMEIMPROVEMENT,B,4200,12.69,0,0.08,N,16,2024-04-01
37,71000,MORTGAGE,11.0,DEBTCONSOLIDATION,B,11200,12.42,0,0.16,N,11,2024-10-19
44,57000,RENT,1.0,MEDICAL,B,4200,11.013786929274843,0,0.07,N,13,2024-02-27
44,71000,MORTGAGE,11.0,EDUCATION,A,9000,11.013786929274843,0,0.13,N,11,2024-09-25
41,71000,MORTGAGE,1.0,DEBTCONSOLIDATION,B,12000,11.013786929274843,0,0.17,N,15,2024-04-05
40,71000,MORTGAGE,5.0,EDUCATION,E,7000,15.38,0,0.1,Y,12,2024-05-01
36,65028,MORTGAGE,4.0,EDUCATION,D,10000,15.95,1,0.15,N,14,2024-01-19
36,72000,MORTGAGE,4.0,HOMEIMPROVEMENT,B,13000,11.013786929274843,0,0.18,N,13,2024-03-19
41,47508,RENT,3.0,DEBTCONSOLIDATION,B,10000,10.74,0,0.21,N,16,2024-09-04
41,72000,OWN,1.0,HOMEIMPROVEMENT,C,10000,13.49,0,0.14,N,11,2024-06-30
38,72000,MORTGAGE,10.0,EDUCATION,C,15000,13.49,0,0.21,N,17,2024-07-04
45,48000,RENT,2.0,DEBTCONSOLIDATION,B,10000,11.86,0,0.21,N,16,2024-12-12
36,72000,MORTGAGE,8.0,MEDICAL,A,3500,6.99,0,0.05,N,13,2024-04-08
37,72000,MORTGAGE,12.0,VENTURE,A,5600,5.42,0,0.08,N,15,2024-10-30
43,72000,MORTGAGE,9.0,DEBTCONSOLIDATION,A,5050,6.99,0,0.07,N,16,2024-05-16
36,48450,RENT,2.0,DEBTCONSOLIDATION,C,10000,13.61,0,0.21,N,15,2024-02-22
38,56100,MORTGAGE,4.0,MEDICAL,C,6100,14.79,1,0.09,Y,14,2024-04-01
38,72000,MORTGAGE,8.0,DEBTCONSOLIDATION,A,6000,5.99,0,0.08,N,11,2024-10-12
36,72000,MORTGAGE,3.0,EDUCATION,A,8000,6.92,0,0.11,N,12,2024-02-26
38,50000,RENT,5.0,PERSONAL,C,10000,11.013786929274843,0,0.2,N,13,2024-04-20
39,72000,MORTGAGE,9.0,DEBTCONSOLIDATION,B,15000,11.86,0,0.21,N,15,2024-04-14
36,72000,MORTGAGE,14.0,VENTURE,A,2500,7.51,0,0.03,N,14,2024-02-16
36,72000,OWN,5.0,VENTURE,B,6000,11.36,0,0.08,N,17,2024-02-10
37,51000,RENT,11.0,PERSONAL,B,10000,12.69,0,0.2,N,15,2024-04-11
48,72000,MORTGAGE,5.0,HOMEIMPROVEMENT,D,7000,14.96,0,0.1,Y,17,2024-01-13
43,72000,MORTGAGE,9.0,MEDICAL,B,10000,11.013786929274843,0,0.14,N,11,2024-01-15
37,72000,MORTGAGE,9.0,EDUCATION,C,1600,13.92,0,0.02,Y,16,2024-03-05
38,72000,MORTGAGE,2.0,PERSONAL,B,8000,12.21,0,0.11,N,14,2024-12-25
38,72000,MORTGAGE,8.0,HOMEIMPROVEMENT,D,5000,12.92,0,0.07,N,16,2024-03-12
44,72061,MORTGAGE,8.0,VENTURE,C,4200,14.17,0,0.06,Y,14,2024-05-09
41,54000,RENT,5.0,MEDICAL,C,10000,13.23,0,0.19,Y,17,2024-12-07
43,72800,MORTGAGE,7.0,HOMEIMPROVEMENT,C,20000,12.84,0,0.27,Y,12,2024-09-05
36,54996,RENT,4.0,MEDICAL,C,10000,13.47,0,0.18,N,13,2024-06-30
37,73000,MORTGAGE,4.0,DEBTCONSOLIDATION,A,5000,5.99,0,0.07,N,15,2024-10-01
39,55000,RENT,3.0,VENTURE,B,10000,10.99,0,0.18,N,13,2024-06-28
48,73000,MORTGAGE,14.0,VENTURE,A,10000,7.29,0,0.14,N,12,2024-11-22
39,73000,MORTGAGE,3.0,VENTURE,A,10000,7.51,0,0.14,N,14,2024-04-09
42,55000,RENT,1.0,EDUCATION,C,10000,13.79,0,0.18,Y,13,2024-09-24
39,56000,RENT,16.0,DEBTCONSOLIDATION,C,10000,13.06,0,0.18,N,11,2024-12-09
41,56448,RENT,5.0,VENTURE,B,10000,9.99,0,0.18,N,17,2024-02-22
44,73500,OWN,2.0,VENTURE,B,20000,12.18,0,0.27,N,17,2024-03-02
37,58000,RENT,2.0,DEBTCONSOLIDATION,B,10000,11.013786929274843,0,0.17,N,12,2024-04-21
43,74000,MORTGAGE,5.0,MEDICAL,B,11000,9.91,0,0.15,N,15,2024-08-31
37,74000,MORTGAGE,8.0,EDUCATION,A,12000,7.51,0,0.16,N,17,2024-05-16
37,60000,RENT,11.0,MEDICAL,A,10000,11.013786929274843,0,0.17,N,12,2024-11-19
46,54000,RENT,8.0,PERSONAL,B,10000,11.71,1,0.19,N,15,2024-03-16
36,74000,MORTGAGE,9.0,HOMEIMPROVEMENT,C,18000,11.013786929274843,0,0.24,N,12,2024-11-19
36,74000,MORTGAGE,9.0,EDUCATION,B,1500,10.62,0,0.02,N,16,2024-08-14
37,60000,RENT,7.0,HOMEIMPROVEMENT,A,10000,7.51,0,0.17,N,11,2024-10-26
42,74000,MORTGAGE,1.0,PERSONAL,C,16000,12.73,0,0.22,N,16,2024-04-04
42,74000,MORTGAGE,7.0,DEBTCONSOLIDATION,A,5300,8.38,0,0.07,N,12,2024-10-12
40,74004,MORTGAGE,12.0,VENTURE,A,7125,6.62,0,0.1,N,14,2024-01-18
38,74237,MORTGAGE,4.0,PERSONAL,C,18000,14.35,0,0.24,Y,15,2024-11-13
40,60000,RENT,3.0,HOMEIMPROVEMENT,D,10000,15.95,0,0.17,N,14,2024-05-26
43,68400,MORTGAGE,9.0,VENTURE,C,9600,13.49,1,0.14,N,16,2024-05-24
36,68400,MORTGAGE,5.0,EDUCATION,C,7000,13.48,1,0.1,Y,11,2024-07-04
46,60350,RENT,3.0,PERSONAL,A,10000,8.94,0,0.17,N,17,2024-09-15
44,61000,RENT,7.0,PERSONAL,C,10000,15.96,0,0.16,N,15,2024-08-15
36,75000,MORTGAGE,9.0,PERSONAL,A,24000,7.51,0,0.32,N,13,2024-07-20
45,75000,MORTGAGE,7.0,MEDICAL,C,10000,14.27,0,0.13,N,17,2024-06-15
37,39000,RENT,11.0,EDUCATION,C,4000,14.65,1,0.1,Y,15,2024-04-12
40,75000,MORTGAGE,1.0,VENTURE,A,10000,6.62,0,0.13,N,17,2024-04-01
44,75000,MORTGAGE,6.0,EDUCATION,A,6000,8.9,0,0.08,N,11,2024-04-02
45,62200,RENT,6.0,DEBTCONSOLIDATION,B,10000,10.39,0,0.16,N,11,2024-07-26
39,75000,MORTGAGE,13.0,MEDICAL,B,6000,11.013786929274843,0,0.08,N,15,2024-12-04
47,64200,RENT,1.0,EDUCATION,B,10000,11.013786929274843,0,0.16,N,14,2024-02-18
36,64583,RENT,2.0,HOMEIMPROVEMENT,A,10000,11.013786929274843,0,0.15,N,14,2024-05-04
38,75000,MORTGAGE,8.0,HOMEIMPROVEMENT,B,25000,10.59,0,0.33,N,16,2024-05-14
44,59000,RENT,1.0,EDUCATION,D,10000,15.62,1,0.17,N,13,2024-10-08
36,75000,MORTGAGE,6.0,MEDICAL,A,10000,6.99,0,0.13,N,13,2024-10-02
37,65000,RENT,2.0,DEBTCONSOLIDATION,A,10000,5.42,0,0.15,N,14,2024-02-03
41,65000,RENT,3.0,EDUCATION,C,10000,11.013786929274843,0,0.15,N,15,2024-05-04
42,75000,MORTGAGE,2.0,EDUCATION,B,9600,11.99,0,0.13,N,11,2024-09-10
36,66000,RENT,3.0,EDUCATION,A,10000,6.62,0,0.15,N,12,2024-12-08
37,60000,RENT,1.0,VENTURE,D,10000,15.99,1,0.17,Y,14,2024-08-31
43,60000,RENT,2.0,EDUCATION,D,10000,13.24,1,0.17,Y,15,2024-04-05
36,66847,RENT,3.0,PERSONAL,D,10000,16.0,0,0.15,Y,14,2024-08-16
44,67000,RENT,5.0,MEDICAL,C,10000,13.49,0,0.15,N,12,2024-03-28
44,61000,RENT,7.0,DEBTCONSOLIDATION,D,10000,14.11,1,0.16,Y,12,2024-12-31
44,67000,RENT,3.0,DEBTCONSOLIDATION,C,10000,11.66,0,0.15,Y,15,2024-06-10
42,69228,RENT,3.0,HOMEIMPROVEMENT,A,10000,7.49,0,0.14,N,13,2024-10-02
40,75000,MORTGAGE,6.0,EDUCATION,C,7500,12.23,0,0.1,Y,16,2024-09-26
38,54400,RENT,5.0,MEDICAL,D,10000,15.33,1,0.16,Y,15,2024-05-06
41,70000,RENT,2.0,HOMEIMPROVEMENT,A,10000,7.88,0,0.14,N,13,2024-06-28
41,71500,RENT,4.0,EDUCATION,A,10000,7.14,0,0.14,N,14,2024-05-16
38,66000,RENT,1.0,PERSONAL,D,10000,15.99,1,0.15,Y,12,2024-05-16
36,72000,RENT,8.0,PERSONAL,B,10000,11.49,0,0.14,N,14,2024-12-13
39,75000,MORTGAGE,6.0,DEBTCONSOLIDATION,A,16000,7.88,0,0.21,N,14,2024-05-05
36,72500,RENT,2.0,MEDICAL,A,10000,7.9,0,0.14,N,11,2024-04-13
36,75000,MORTGAGE,2.0,DEBTCONSOLIDATION,B,14400,10.25,0,0.19,N,15,2024-01-21
38,75000,MORTGAGE,13.0,VENTURE,B,20000,11.36,0,0.27,N,11,2024-09-10
36,75000,RENT,5.0,HOMEIMPROVEMENT,B,10000,11.99,0,0.13,N,12,2024-08-19
41,58650,MORTGAGE,15.0,MEDICAL,B,12000,11.14,1,0.17,N,16,2024-05-29
36,75000,MORTGAGE,9.0,EDUCATION,B,15000,12.18,0,0.2,N,16,2024-10-06
37,75000,RENT,3.0,VENTURE,C,10000,11.013786929274843,0,0.13,Y,15,2024-07-07
46,62047,RENT,4.0,MEDICAL,A,10000,9.63,1,0.14,N,13,2024-01-05
47,75000,OTHER,1.0,DEBTCONSOLIDATION,C,12000,12.84,0,0.16,N,11,2024-07-10
43,80000,RENT,5.0,HOMEIMPROVEMENT,B,10000,11.49,0,0.13,N,12,2024-01-15
45,75000,MORTGAGE,2.0,EDUCATION,B,15000,11.013786929274843,0,0.2,N,12,2024-04-10
37,75600,MORTGAGE,3.0,DEBTCONSOLIDATION,A,28000,7.49,0,0.37,N,15,2024-07-20
40,75600,MORTGAGE,9.0,VENTURE,A,14000,7.51,0,0.19,N,14,2024-05-04
38,75971,MORTGAGE,10.0,HOMEIMPROVEMENT,D,18125,14.84,0,0.24,Y,12,2024-08-10
38,75996,MORTGAGE,12.0,DEBTCONSOLIDATION,A,3500,7.29,0,0.05,N,13,2024-08-05
37,75996,MORTGAGE,2.0,DEBTCONSOLIDATION,A,4400,11.013786929274843,0,0.06,N,17,2024-10-19
39,76000,MORTGAGE,8.0,HOMEIMPROVEMENT,A,5000,6.03,0,0.07,N,14,2024-06-02
43,76000,MORTGAGE,4.0,HOMEIMPROVEMENT,D,9150,16.29,0,0.12,Y,16,2024-08-20
44,76000,MORTGAGE,3.0,HOMEIMPROVEMENT,C,3600,14.79,0,0.05,Y,12,2024-07-28
37,85000,RENT,3.0,EDUCATION,C,10000,14.27,0,0.12,N,14,2024-12-14
41,76000,MORTGAGE,17.0,HOMEIMPROVEMENT,A,4800,5.42,0,0.06,N,16,2024-07-01
38,76000,MORTGAGE,4.0,PERSONAL,A,9000,5.99,0,0.12,N,12,2024-04-08
38,85000,RENT,9.0,MEDICAL,B,10000,11.12,0,0.12,N,12,2024-05-11
39,85000,RENT,3.0,PERSONAL,A,10000,9.32,0,0.12,N,16,2024-04-29
38,85900,RENT,6.0,DEBTCONSOLIDATION,B,10000,12.53,0,0.12,N,13,2024-09-07
36,92000,RENT,5.0,DEBTCONSOLIDATION,B,10000,11.71,0,0.11,N,16,2024-12-18
47,93000,RENT,1.0,PERSONAL,B,10000,11.013786929274843,0,0.11,N,16,2024-08-19
43,77000,MORTGAGE,3.0,EDUCATION,A,12000,5.99,0,0.16,N,16,2024-11-19
40,77000,MORTGAGE,9.0,EDUCATION,B,12000,11.013786929274843,0,0.16,N,12,2024-07-28
36,77000,MORTGAGE,7.0,PERSONAL,A,6000,6.99,0,0.08,N,12,2024-06-05
41,95000,RENT,3.0,VENTURE,D,10000,16.49,0,0.11,N,16,2024-07-04
38,50400,RENT,5.0,DEBTCONSOLIDATION,B,10100,11.49,0,0.2,N,16,2024-02-19
36,77000,MORTGAGE,2.0,EDUCATION,E,10000,16.35,0,0.13,Y,13,2024-03-10
37,77000,MORTGAGE,2.0,VENTURE,C,15000,12.29,0,0.19,N,15,2024-05-04
37,42000,RENT,3.0,PERSONAL,C,10200,13.16,0,0.24,N,14,2024-08-03
48,55000,RENT,9.0,MEDICAL,C,10200,13.92,0,0.19,N,16,2024-04-04
37,78000,RENT,14.0,EDUCATION,C,10200,13.06,0,0.13,Y,13,2024-06-09
48,83500,RENT,7.0,EDUCATION,A,10200,5.79,0,0.12,N,14,2024-10-14
38,77250,OWN,4.0,VENTURE,A,3000,8.59,0,0.04,N,15,2024-12-20
39,77256,MORTGAGE,16.0,HOMEIMPROVEMENT,B,10000,11.86,0,0.13,N,11,2024-12-21
36,132000,RENT,3.0,HOMEIMPROVEMENT,A,10200,7.51,0,0.08,N,13,2024-09-11
39,26000,RENT,11.0,DEBTCONSOLIDATION,A,11000,8.59,1,0.42,N,12,2024-05-18
39,60000,RENT,1.0,MEDICAL,B,11025,10.59,0,0.18,N,12,2024-07-21
42,78000,MORTGAGE,6.0,EDUCATION,B,20000,10.99,0,0.26,N,11,2024-12-07
37,40000,OWN,6.0,PERSONAL,B,3000,9.91,0,0.07,N,15,2024-09-18
38,78000,MORTGAGE,8.0,EDUCATION,A,6250,6.76,0,0.08,N,16,2024-06-04
36,78000,MORTGAGE,7.0,PERSONAL,A,15000,7.88,0,0.19,N,16,2024-03-06
36,62200,RENT,3.0,HOMEIMPROVEMENT,B,11200,10.59,0,0.18,N,16,2024-01-17
42,66000,RENT,9.0,DEBTCONSOLIDATION,A,11200,5.79,0,0.17,N,12,2024-07-14
39,78000,MORTGAGE,5.0,EDUCATION,C,12000,13.57,0,0.15,N,11,2024-08-21
45,68000,RENT,13.0,PERSONAL,C,11200,11.013786929274843,0,0.16,N,17,2024-12-30
37,78000,MORTGAGE,5.0,DEBTCONSOLIDATION,B,12000,9.83,0,0.15,N,11,2024-03-24
42,78000,MORTGAGE,4.0,MEDICAL,C,8000,10.78,0,0.1,Y,13,2024-11-22
42,78456,MORTGAGE,5.0,MEDICAL,B,25000,10.36,0,0.32,N,16,2024-07-12
36,40000,RENT,2.0,EDUCATION,C,11250,14.27,0,0.28,N,12,2024-05-06
45,33600,RENT,8.0,VENTURE,D,11300,12.17,1,0.34,N,11,2024-03-05
42,60000,RENT,3.0,PERSONAL,C,11300,13.61,0,0.19,Y,14,2024-08-14
43,79000,MORTGAGE,3.0,HOMEIMPROVEMENT,B,4000,8.88,0,0.05,N,12,2024-07-30
41,33150,RENT,5.0,EDUCATION,C,11500,12.98,1,0.35,N,15,2024-11-05
40,62540,MORTGAGE,5.0,MEDICAL,F,7500,19.04,1,0.1,Y,12,2024-03-10
37,39600,RENT,2.0,PERSONAL,C,11500,13.48,0,0.29,N,15,2024-02-27
39,41725,RENT,4.0,VENTURE,D,11500,14.09,0,0.28,Y,13,2024-03-10
40,40000,OWN,2.0,EDUCATION,E,10000,11.013786929274843,0,0.25,N,16,2024-04-10
44,80000,MORTGAGE,14.0,MEDICAL,A,10000,6.03,0,0.13,N,15,2024-08-20
37,73000,RENT,4.0,DEBTCONSOLIDATION,B,11500,12.21,0,0.16,N,11,2024-06-14
40,40000,OWN,12.0,HOMEIMPROVEMENT,B,13750,8.88,0,0.34,N,16,2024-01-01
37,74000,MORTGAGE,6.0,PERSONAL,D,10000,16.29,1,0.14,N,14,2024-02-13
36,80000,MORTGAGE,4.0,VENTURE,A,10000,6.62,0,0.13,N,14,2024-02-27
37,80000,MORTGAGE,8.0,DEBTCONSOLIDATION,A,13000,6.62,0,0.16,N,13,2024-11-27
36,80000,MORTGAGE,3.0,VENTURE,B,12025,10.65,0,0.15,N,16,2024-06-04
43,55000,RENT,3.0,MEDICAL,B,11750,10.99,0,0.21,N,17,2024-12-03
48,20400,RENT,4.0,MEDICAL,A,12000,7.49,1,0.59,N,12,2024-05-27
42,80000,MORTGAGE,3.0,PERSONAL,B,10000,11.49,0,0.13,N,14,2024-11-26
43,80000,MORTGAGE,3.0,VENTURE,A,9800,5.99,0,0.12,N,17,2024-03-21
47,27000,RENT,2.0,PERSONAL,D,12000,13.3,1,0.44,N,12,2024-06-21
36,80000,MORTGAGE,5.0,EDUCATION,B,20000,10.99,0,0.25,N,15,2024-07-03
37,30000,RENT,8.0,VENTURE,B,12000,12.42,1,0.4,N,15,2024-10-18
44,30000,RENT,2.0,DEBTCONSOLIDATION,B,12000,11.11,1,0.4,N,15,2024-01-13
42,80000,MORTGAGE,8.0,PERSONAL,B,5000,11.99,0,0.06,N,17,2024-11-17
43,80000,MORTGAGE,3.0,PERSONAL,A,10000,11.013786929274843,0,0.13,N,16,2024-12-12
46,80000,MORTGAGE,13.0,HOMEIMPROVEMENT,D,20000,14.54,0,0.25,N,13,2024-02-01
38,80000,MORTGAGE,7.0,HOMEIMPROVEMENT,A,10000,7.29,0,0.13,N,16,2024-01-20
37,80000,MORTGAGE,5.0,DEBTCONSOLIDATION,B,10000,9.99,0,0.13,N,13,2024-02-13
36,33600,RENT,3.0,EDUCATION,B,12000,11.36,1,0.36,N,13,2024-08-26
37,40000,OWN,1.0,VENTURE,B,15000,11.48,0,0.38,N,14,2024-12-06
46,80000,MORTGAGE,3.0,HOMEIMPROVEMENT,A,10000,6.17,0,0.13,N,13,2024-04-11
47,80000,MORTGAGE,2.0,EDUCATION,A,10000,6.54,0,0.13,N,13,2024-12-21
38,80000,MORTGAGE,5.0,DEBTCONSOLIDATION,C,4000,12.98,0,0.05,Y,13,2024-12-17
46,80000,MORTGAGE,8.0,VENTURE,B,5000,11.86,0,0.06,N,15,2024-01-01
36,80000,MORTGAGE,9.0,EDUCATION,C,6000,11.013786929274843,0,0.07,N,11,2024-07-31
38,36500,RENT,3.0,EDUCATION,A,12000,7.51,1,0.33,N,11,2024-09-08
38,80000,MORTGAGE,2.0,MEDICAL,C,5000,13.85,0,0.06,N,15,2024-01-05
44,80000,MORTGAGE,3.0,DEBTCONSOLIDATION,C,15000,13.11,0,0.19,N,16,2024-05-07
37,38304,RENT,3.0,PERSONAL,A,12000,7.88,1,0.31,N,12,2024-03-22
36,74000,MORTGAGE,4.0,EDUCATION,B,10250,11.48,1,0.14,N,15,2024-08-20
36,74000,MORTGAGE,4.0,PERSONAL,C,10000,11.03,1,0.14,N,15,2024-01-22
39,39996,RENT,1.0,VENTURE,B,12000,10.74,0,0.3,N,16,2024-05-03
41,62903,MORTGAGE,4.0,MEDICAL,B,9600,10.0,1,0.13,N,12,2024-01-20
40,80004,MORTGAGE,15.0,EDUCATION,A,9500,7.51,0,0.12,N,12,2024-03-14
47,80004,MORTGAGE,5.0,EDUCATION,B,7000,11.013786929274843,0,0.09,N,15,2024-12-11
44,80100,MORTGAGE,16.0,MEDICAL,B,8000,10.38,0,0.1,N,16,2024-08-30
44,80160,MORTGAGE,13.0,DEBTCONSOLIDATION,C,5500,13.92,0,0.07,Y,13,2024-06-01
38,81000,MORTGAGE,3.0,PERSONAL,C,10000,14.27,0,0.12,Y,16,2024-03-24
36,81000,MORTGAGE,9.0,HOMEIMPROVEMENT,C,6000,12.99,0,0.07,N,17,2024-10-10
38,81000,OWN,4.0,EDUCATION,B,7000,9.99,0,0.09,N,11,2024-08-14
40,81000,MORTGAGE,10.0,HOMEIMPROVEMENT,A,20000,6.17,0,0.25,N,14,2024-08-19
40,81120,MORTGAGE,1.0,EDUCATION,B,24000,9.25,0,0.3,N,15,2024-05-20
38,81120,MORTGAGE,5.0,HOMEIMPROVEMENT,B,8000,11.12,0,0.1,N,12,2024-04-18
48,64430,MORTGAGE,14.0,MEDICAL,D,15000,11.013786929274843,1,0.2,Y,12,2024-05-19
42,64464,MORTGAGE,13.0,MEDICAL,E,30000,19.03,1,0.4,N,17,2024-04-17
44,39000,RENT,2.0,MEDICAL,B,12000,11.14,1,0.31,N,15,2024-02-06
42,82000,MORTGAGE,13.0,HOMEIMPROVEMENT,E,26800,11.013786929274843,0,0.33,Y,15,2024-07-15
39,82000,MORTGAGE,7.0,HOMEIMPROVEMENT,E,8000,19.42,0,0.1,Y,17,2024-06-14
38,46000,RENT,1.0,MEDICAL,B,12000,9.91,0,0.26,N,16,2024-02-24
38,82000,OWN,4.0,HOMEIMPROVEMENT,B,10000,11.99,0,0.12,N,13,2024-09-25
37,59448,RENT,6.0,DEBTCONSOLIDATION,A,12000,6.54,0,0.2,N,16,2024-05-21
46,82359,MORTGAGE,6.0,PERSONAL,A,6600,7.66,0,0.08,N,13,2024-04-21
40,82531,MORTGAGE,1.0,MEDICAL,A,6000,11.013786929274843,0,0.07,N,14,2024-07-13
39,54000,RENT,4.0,DEBTCONSOLIDATION,C,12000,14.22,1,0.22,Y,12,2024-10-07
43,83000,MORTGAGE,13.0,HOMEIMPROVEMENT,B,3000,9.91,0,0.04,N,17,2024-12-18
41,83000,MORTGAGE,6.0,HOMEIMPROVEMENT,B,3000,11.83,0,0.04,N,12,2024-04-16
37,24000,RENT,3.0,HOMEIMPROVEMENT,E,3000,19.03,1,0.13,N,11,2024-09-14
38,24000,RENT,3.0,MEDICAL,C,3000,11.013786929274843,0,0.13,Y,16,2024-08-01
38,24996,RENT,2.0,MEDICAL,B,3000,11.013786929274843,1,0.12,N,13,2024-07-13
36,83625,MORTGAGE,6.0,PERSONAL,A,13200,7.51,0,0.16,N,12,2024-09-01
36,84000,MORTGAGE,2.0,PERSONAL,B,6000,12.69,0,0.07,N,13,2024-09-29
40,27599,RENT,6.0,VENTURE,B,3000,10.25,0,0.11,N,17,2024-10-04
37,84000,MORTGAGE,11.0,HOMEIMPROVEMENT,C,8225,12.99,0,0.1,Y,11,2024-05-31
45,28320,RENT,1.0,MEDICAL,B,3000,11.013786929274843,0,0.11,N,11,2024-07-29
38,84000,MORTGAGE,17.0,HOMEIMPROVEMENT,A,10800,11.013786929274843,0,0.13,N,15,2024-05-04
38,84000,MORTGAGE,5.0,VENTURE,B,15000,9.63,0,0.18,N,16,2024-02-23
39,84000,OWN,12.0,EDUCATION,A,9875,7.51,0,0.12,N,15,2024-08-12
36,84000,MORTGAGE,14.0,VENTURE,A,1000,7.51,0,0.01,N,16,2024-01-09
38,62000,RENT,3.0,DEBTCONSOLIDATION,B,12000,11.013786929274843,0,0.19,N,16,2024-04-12
40,84000,MORTGAGE,4.0,HOMEIMPROVEMENT,C,17925,14.26,0,0.21,N,16,2024-02-15
39,84000,MORTGAGE,2.0,EDUCATION,A,4000,9.63,0,0.05,N,12,2024-12-19
36,84996,MORTGAGE,11.0,PERSONAL,B,3500,12.69,0,0.04,N,16,2024-07-30
47,65000,RENT,9.0,EDUCATION,A,12000,5.42,0,0.18,N,17,2024-02-12
37,65000,RENT,4.0,PERSONAL,D,12000,16.49,0,0.18,N,17,2024-01-09
37,65000,RENT,7.0,EDUCATION,C,12000,13.98,0,0.18,N,15,2024-11-05
39,68640,RENT,2.0,MEDICAL,B,12000,9.33,0,0.17,N,16,2024-07-05
40,85000,MORTGAGE,4.0,HOMEIMPROVEMENT,C,5000,14.27,0,0.06,N,16,2024-05-29
42,70000,RENT,6.0,MEDICAL,B,12000,11.013786929274843,0,0.17,N,12,2024-06-25
38,85000,MORTGAGE,15.0,VENTURE,A,15000,6.03,0,0.18,N,15,2024-12-13
37,85000,MORTGAGE,4.0,HOMEIMPROVEMENT,B,5500,12.69,0,0.06,N,11,2024-08-11
37,85000,MORTGAGE,17.0,HOMEIMPROVEMENT,B,8000,11.99,0,0.09,N,17,2024-10-22
38,85000,MORTGAGE,4.0,PERSONAL,B,6000,10.99,0,0.07,N,14,2024-10-11
36,73000,MORTGAGE,3.0,DEBTCONSOLIDATION,D,8000,17.49,1,0.11,N,17,2024-03-08
36,72800,RENT,1.0,VENTURE,A,12000,7.66,0,0.16,N,12,2024-04-08
37,85000,MORTGAGE,2.0,VENTURE,A,5600,5.42,0,0.07,N,13,2024-01-03
38,85000,MORTGAGE,5.0,VENTURE,A,10000,11.013786929274843,0,0.12,N,12,2024-03-30
42,85000,MORTGAGE,10.0,HOMEIMPROVEMENT,D,8500,15.58,0,0.1,Y,12,2024-12-14
37,37000,OWN,5.0,VENTURE,B,6075,11.86,0,0.16,N,14,2024-04-26
39,85000,MORTGAGE,2.0,VENTURE,B,5000,11.86,0,0.06,N,15,2024-01-22
37,42000,RENT,3.0,VENTURE,A,3000,7.51,0,0.07,N,13,2024-05-06
47,85000,MORTGAGE,5.0,DEBTCONSOLIDATION,A,5500,6.76,0,0.06,N,12,2024-01-12
40,85000,MORTGAGE,1.0,EDUCATION,C,10000,12.87,0,0.12,N,11,2024-12-19
36,85000,OWN,2.0,EDUCATION,D,8000,14.96,0,0.09,N,14,2024-05-05
37,85000,OWN,3.0,EDUCATION,F,10000,18.43,0,0.12,Y,16,2024-06-11
45,36700,OWN,7.0,PERSONAL,A,2000,7.51,0,0.05,N,16,2024-02-19
39,85000,MORTGAGE,1.0,PERSONAL,A,12000,9.32,0,0.14,N,13,2024-08-14
47,85000,MORTGAGE,3.0,HOMEIMPROVEMENT,A,10000,8.07,0,0.12,N,15,2024-08-14
46,85000,OWN,1.0,VENTURE,A,5000,7.43,0,0.06,N,13,2024-01-27
44,85280,MORTGAGE,4.0,PERSONAL,B,7000,10.62,0,0.08,N,12,2024-03-10
39,86000,MORTGAGE,10.0,HOMEIMPROVEMENT,A,8500,6.03,0,0.1,N,11,2024-07-02
36,62900,MORTGAGE,5.0,MEDICAL,C,6250,13.49,1,0.08,N,12,2024-04-20
42,75744,RENT,2.0,EDUCATION,D,12000,14.91,1,0.16,Y,12,2024-09-12
42,82000,RENT,10.0,VENTURE,D,12000,13.24,0,0.15,Y,13,2024-02-11
48,83000,RENT,2.0,VENTURE,B,12000,10.99,0,0.14,N,17,2024-02-01
43,86004,MORTGAGE,2.0,HOMEIMPROVEMENT,B,10000,9.99,0,0.12,N,14,2024-07-02
44,36000,OWN,5.0,EDUCATION,D,4000,16.29,0,0.11,N,11,2024-07-04
36,36000,OWN,4.0,MEDICAL,D,10000,16.29,0,0.28,Y,17,2024-04-11
43,86015,MORTGAGE,3.0,VENTURE,B,2200,11.013786929274843,0,0.03,N,16,2024-08-18
43,86044,MORTGAGE,16.0,HOMEIMPROVEMENT,A,6500,7.74,0,0.08,N,13,2024-05-06
36,84695,RENT,2.0,MEDICAL,A,12000,7.29,0,0.14,N,14,2024-03-12
37,86500,MORTGAGE,13.0,EDUCATION,A,6500,7.14,0,0.08,N,13,2024-11-03
40,86500,MORTGAGE,2.0,HOMEIMPROVEMENT,B,10000,10.25,0,0.12,N,16,2024-07-13
47,86500,MORTGAGE,13.0,MEDICAL,C,24000,11.013786929274843,0,0.28,N,17,2024-08-21
39,85000,RENT,4.0,HOMEIMPROVEMENT,A,12000,6.03,0,0.14,N,12,2024-09-15
39,85000,RENT,7.0,EDUCATION,B,12000,10.74,0,0.14,N,13,2024-07-06
41,75000,MORTGAGE,13.0,DEBTCONSOLIDATION,D,4800,15.58,1,0.06,Y,15,2024-04-25
41,87000,MORTGAGE,4.0,PERSONAL,D,9000,16.0,0,0.1,N,12,2024-11-15
47,87000,MORTGAGE,15.0,PERSONAL,A,10000,11.013786929274843,0,0.11,N,11,2024-01-31
46,87000,MORTGAGE,1.0,PERSONAL,C,20000,12.41,0,0.23,N,17,2024-12-26
37,90000,RENT,15.0,PERSONAL,A,12000,7.51,0,0.13,N,13,2024-02-11
40,87048,MORTGAGE,11.0,PERSONAL,A,17600,7.9,0,0.2,N,13,2024-10-20
37,87950,MORTGAGE,3.0,EDUCATION,B,14250,11.89,0,0.16,N,14,2024-07-05
36,93000,RENT,1.0,PERSONAL,C,12000,13.48,0,0.13,Y,12,2024-07-15
41,88000,MORTGAGE,5.0,HOMEIMPROVEMENT,A,4000,7.14,0,0.05,N,17,2024-04-21
36,95000,RENT,2.0,PERSONAL,B,12000,10.99,0,0.13,N,11,2024-03-06
37,88000,MORTGAGE,2.0,VENTURE,C,1000,13.48,0,0.01,Y,11,2024-02-25
42,73100,RENT,4.0,MEDICAL,D,12000,16.77,1,0.14,Y,13,2024-08-21
37,88296,MORTGAGE,8.0,HOMEIMPROVEMENT,B,15000,10.14,0,0.17,N,14,2024-06-30
41,100000,RENT,3.0,PERSONAL,B,12000,10.74,0,0.12,N,14,2024-10-19
37,88824,MORTGAGE,8.0,VENTURE,A,3600,6.62,0,0.04,N,17,2024-02-15
38,89000,MORTGAGE,2.0,PERSONAL,A,6000,5.42,0,0.07,N,13,2024-11-13
38,89000,MORTGAGE,11.0,EDUCATION,B,10000,11.013786929274843,0,0.11,N,13,2024-02-08
37,89000,MORTGAGE,3.0,EDUCATION,A,5000,6.91,0,0.06,N,15,2024-11-25
40,36000,OWN,4.0,EDUCATION,C,2000,13.57,0,0.06,Y,12,2024-08-04
41,90000,MORTGAGE,4.0,VENTURE,C,15000,13.49,0,0.17,N,15,2024-10-22
36,90000,OWN,4.0,HOMEIMPROVEMENT,A,3800,6.03,0,0.04,N,14,2024-07-21
36,90000,MORTGAGE,13.0,EDUCATION,A,12000,6.62,0,0.13,N,13,2024-04-22
41,113000,RENT,1.0,VENTURE,D,12000,16.0,1,0.11,Y,15,2024-02-22
38,90000,MORTGAGE,5.0,EDUCATION,A,25000,11.013786929274843,0,0.28,N,17,2024-04-19
40,90000,MORTGAGE,2.0,DEBTCONSOLIDATION,B,2800,10.65,0,0.03,N,14,2024-07-03
37,90000,MORTGAGE,11.0,MEDICAL,A,4000,6.62,0,0.04,N,16,2024-10-22
38,78000,MORTGAGE,6.0,HOMEIMPROVEMENT,C,15000,15.27,1,0.19,N,17,2024-02-02
39,275000,RENT,12.0,PERSONAL,A,12000,8.49,0,0.04,N,14,2024-10-03
36,48000,RENT,8.0,PERSONAL,A,12150,5.79,0,0.25,N,14,2024-01-08
38,90000,MORTGAGE,1.0,DEBTCONSOLIDATION,A,7000,6.99,0,0.08,N,16,2024-11-23
45,90000,MORTGAGE,3.0,VENTURE,B,2500,11.99,0,0.03,N,13,2024-02-08
38,90000,MORTGAGE,14.0,VENTURE,B,21000,10.59,0,0.23,N,11,2024-09-08
39,90000,MORTGAGE,15.0,VENTURE,A,10500,7.66,0,0.12,N,12,2024-05-20
39,90000,MORTGAGE,2.0,PERSONAL,B,4600,11.11,0,0.05,N,11,2024-08-19
37,35000,OWN,2.0,PERSONAL,B,13250,11.71,0,0.38,N,14,2024-07-27
37,90000,MORTGAGE,11.0,DEBTCONSOLIDATION,B,22000,8.88,0,0.24,N,12,2024-11-20
46,90000,MORTGAGE,5.0,DEBTCONSOLIDATION,A,20000,6.91,0,0.22,N,16,2024-12-11
42,40000,RENT,10.0,VENTURE,C,2800,11.013786929274843,0,0.07,N,12,2024-12-08
41,90000,OWN,12.0,VENTURE,A,8000,7.51,0,0.09,N,16,2024-07-16
36,78000,MORTGAGE,7.0,DEBTCONSOLIDATION,C,9600,13.98,1,0.12,Y,13,2024-02-06
41,90000,MORTGAGE,3.0,EDUCATION,A,3000,7.14,0,0.03,N,14,2024-03-10
45,47000,RENT,4.0,MEDICAL,B,2800,9.62,0,0.06,N,11,2024-11-18
38,90000,MORTGAGE,9.0,PERSONAL,C,14000,12.73,0,0.16,Y,12,2024-02-14
36,35000,OWN,1.0,VENTURE,B,6000,11.49,0,0.17,N,13,2024-02-14
36,72000,RENT,12.0,DEBTCONSOLIDATION,C,2800,11.013786929274843,0,0.04,Y,16,2024-08-01
39,35000,OWN,2.0,PERSONAL,A,6800,8.49,0,0.19,N,15,2024-01-15
40,90000,RENT,1.0,EDUCATION,B,2800,11.11,0,0.03,N,13,2024-02-28
37,78000,MORTGAGE,9.0,DEBTCONSOLIDATION,E,20000,16.35,1,0.26,N,14,2024-05-23
36,90000,MORTGAGE,2.0,EDUCATION,D,20000,14.61,0,0.22,Y,11,2024-11-16
38,35000,OWN,5.0,EDUCATION,D,1800,16.49,0,0.05,Y,12,2024-03-07
38,90000,MORTGAGE,9.0,EDUCATION,B,9300,11.83,0,0.1,N,17,2024-11-04
40,24000,RENT,3.0,VENTURE,C,2700,14.27,0,0.11,Y,17,2024-04-26
45,29676,RENT,5.0,EDUCATION,C,2700,12.84,0,0.09,Y,17,2024-01-13
39,90000,MORTGAGE,9.0,HOMEIMPROVEMENT,D,22000,12.67,0,0.24,Y,15,2024-06-08
40,90996,MORTGAGE,9.0,HOMEIMPROVEMENT,A,22000,6.17,0,0.24,N,14,2024-01-20
41,91000,MORTGAGE,13.0,VENTURE,B,2400,10.74,0,0.03,N,16,2024-08-27
44,91000,MORTGAGE,14.0,MEDICAL,A,7900,8.59,0,0.09,N,14,2024-01-22
37,79992,MORTGAGE,2.0,PERSONAL,C,9000,11.013786929274843,1,0.11,Y,14,2024-05-31
42,82500,RENT,3.0,DEBTCONSOLIDATION,A,2575,6.76,0,0.03,N,11,2024-05-04
39,92000,MORTGAGE,1.0,PERSONAL,C,20000,14.79,0,0.22,N,16,2024-07-10
41,92000,MORTGAGE,15.0,MEDICAL,A,12000,7.66,0,0.13,N,15,2024-06-15
41,92000,MORTGAGE,5.0,HOMEIMPROVEMENT,B,8000,9.63,0,0.09,N,13,2024-07-21
42,13200,RENT,4.0,DEBTCONSOLIDATION,C,2500,11.013786929274843,1,0.19,Y,14,2024-03-30
37,92000,OWN,15.0,MEDICAL,B,12000,11.14,0,0.13,N,14,2024-09-25
38,92904,MORTGAGE,8.0,MEDICAL,B,5375,10.51,0,0.06,N,16,2024-11-29
43,93000,MORTGAGE,7.0,PERSONAL,A,7000,7.14,0,0.08,N,13,2024-02-18
38,34296,OWN,1.0,MEDICAL,C,12000,11.013786929274843,0,0.35,Y,12,2024-12-10
37,93000,MORTGAGE,2.0,VENTURE,B,18000,12.18,0,0.19,N,11,2024-09-25
46,81000,MORTGAGE,1.0,EDUCATION,B,7000,9.45,1,0.09,N,14,2024-11-18
39,182500,RENT,2.0,DEBTCONSOLIDATION,A,12500,5.42,0,0.07,N,14,2024-03-26
36,94000,MORTGAGE,14.0,HOMEIMPROVEMENT,A,4200,5.99,0,0.04,N,12,2024-02-27
44,82000,MORTGAGE,5.0,DEBTCONSOLIDATION,C,8400,12.84,1,0.1,Y,17,2024-04-27
44,94128,MORTGAGE,14.0,DEBTCONSOLIDATION,A,4400,7.29,0,0.05,N,13,2024-04-09
36,94185,MORTGAGE,3.0,PERSONAL,A,10000,9.32,0,0.11,N,15,2024-02-21
41,56004,RENT,4.0,EDUCATION,B,12800,11.48,0,0.23,N,15,2024-06-14
44,94800,MORTGAGE,4.0,VENTURE,A,7400,7.88,0,0.08,N,16,2024-03-02
40,95000,OWN,12.0,HOMEIMPROVEMENT,B,5000,10.65,0,0.05,N,16,2024-06-18
47,95000,MORTGAGE,13.0,EDUCATION,A,5000,6.03,0,0.05,N,16,2024-03-26
39,95000,OWN,6.0,HOMEIMPROVEMENT,B,8000,12.69,0,0.08,N,14,2024-06-13
44,95000,MORTGAGE,1.0,PERSONAL,B,21200,9.91,0,0.22,N,14,2024-12-28
44,50000,RENT,5.0,VENTURE,C,13000,13.16,0,0.26,Y,13,2024-05-31
43,46000,RENT,2.0,MEDICAL,D,13000,15.7,1,0.28,N,13,2024-02-01
38,83000,MORTGAGE,1.0,DEBTCONSOLIDATION,D,24000,14.91,1,0.29,Y,12,2024-10-26
45,33600,OWN,14.0,VENTURE,A,4000,6.39,0,0.12,N,11,2024-05-06
37,95000,MORTGAGE,10.0,HOMEIMPROVEMENT,C,3250,13.35,0,0.03,N,13,2024-09-03
37,65000,RENT,2.0,EDUCATION,C,13000,12.99,0,0.2,Y,12,2024-08-29
39,95000,MORTGAGE,3.0,HOMEIMPROVEMENT,D,20000,14.84,0,0.21,Y,11,2024-07-29
38,67000,RENT,6.0,HOMEIMPROVEMENT,D,13000,11.013786929274843,0,0.19,N,17,2024-03-25
41,95000,MORTGAGE,5.0,PERSONAL,B,25000,11.013786929274843,0,0.26,N,12,2024-06-02
38,95000,OWN,6.0,HOMEIMPROVEMENT,E,14000,17.74,0,0.15,Y,17,2024-05-02
39,70000,RENT,5.0,EDUCATION,B,13000,11.99,0,0.19,N,17,2024-03-24
41,95000,OWN,2.0,HOMEIMPROVEMENT,C,21600,13.92,0,0.23,Y,11,2024-08-15
40,83000,MORTGAGE,7.0,EDUCATION,B,2800,12.18,1,0.03,N,13,2024-06-20
44,83000,OTHER,2.0,EDUCATION,D,12000,16.0,1,0.14,Y,15,2024-10-10
38,95000,MORTGAGE,5.0,EDUCATION,A,4000,9.63,0,0.04,N,12,2024-08-16
44,95000,MORTGAGE,4.0,VENTURE,B,10000,10.95,0,0.11,N,15,2024-08-09
40,110000,RENT,6.0,HOMEIMPROVEMENT,B,13000,9.91,0,0.12,N,17,2024-11-23
37,130000,RENT,2.0,PERSONAL,B,13000,9.88,0,0.1,N,16,2024-12-27
38,96000,MORTGAGE,15.0,DEBTCONSOLIDATION,A,6000,6.03,0,0.06,N,16,2024-02-20
46,96000,MORTGAGE,4.0,DEBTCONSOLIDATION,B,10000,12.69,0,0.1,N,11,2024-01-03
36,43000,RENT,12.0,DEBTCONSOLIDATION,D,13600,15.58,1,0.32,Y,12,2024-11-24
37,71400,MORTGAGE,7.0,MEDICAL,E,3100,20.69,1,0.04,Y,14,2024-12-20
42,96000,MORTGAGE,9.0,PERSONAL,A,5100,5.42,0,0.05,N,14,2024-04-03
40,45760,RENT,8.0,MEDICAL,B,13650,10.25,0,0.3,N,13,2024-07-07
45,66000,RENT,4.0,HOMEIMPROVEMENT,B,13650,12.42,0,0.21,N,11,2024-05-31
43,27036,RENT,1.0,PERSONAL,D,13750,15.31,1,0.51,Y,15,2024-04-10
41,33000,RENT,2.0,MEDICAL,C,13750,13.79,1,0.42,Y,11,2024-03-25
40,32878,RENT,6.0,VENTURE,C,13775,12.98,1,0.42,Y,14,2024-07-27
42,67300,RENT,4.0,HOMEIMPROVEMENT,C,13800,13.99,0,0.21,N,16,2024-05-10
40,96000,MORTGAGE,5.0,HOMEIMPROVEMENT,C,3200,11.013786929274843,0,0.03,N,17,2024-02-17
38,32560,OWN,8.0,PERSONAL,A,6000,8.94,0,0.18,N,16,2024-10-11
42,97000,MORTGAGE,13.0,PERSONAL,C,1500,15.96,0,0.02,Y,16,2024-03-30
37,45000,RENT,6.0,PERSONAL,B,14000,11.36,1,0.31,N,16,2024-10-14
39,40800,RENT,4.0,MEDICAL,D,14000,16.0,1,0.34,Y,17,2024-08-16
38,48300,RENT,3.0,MEDICAL,C,14000,13.22,0,0.29,Y,14,2024-05-13
37,97000,MORTGAGE,7.0,PERSONAL,A,10000,11.013786929274843,0,0.1,N,15,2024-01-25
36,32000,OWN,4.0,EDUCATION,C,3600,13.49,0,0.11,Y,11,2024-05-24
39,52000,RENT,1.0,DEBTCONSOLIDATION,B,14000,11.71,0,0.27,N,12,2024-04-13
37,32000,OWN,8.0,HOMEIMPROVEMENT,A,12150,6.62,0,0.38,N,13,2024-01-10
40,98000,MORTGAGE,4.0,VENTURE,B,5200,9.63,0,0.05,N,16,2024-07-07
38,98000,MORTGAGE,7.0,MEDICAL,B,12000,10.37,0,0.12,N,17,2024-03-27
42,98000,MORTGAGE,2.0,EDUCATION,B,18000,11.58,0,0.18,N,11,2024-02-04
38,55000,RENT,2.0,HOMEIMPROVEMENT,B,14000,11.48,0,0.25,N,16,2024-11-09
43,98004,MORTGAGE,11.0,PERSONAL,A,6000,5.42,0,0.06,N,15,2024-08-29
36,98240,MORTGAGE,4.0,PERSONAL,E,20000,16.35,0,0.2,N,16,2024-10-17
44,99000,MORTGAGE,5.0,EDUCATION,C,10000,12.68,0,0.1,N,11,2024-05-23
44,99000,MORTGAGE,3.0,EDUCATION,B,8000,9.25,0,0.08,N,14,2024-07-29
36,99500,OWN,5.0,VENTURE,A,4000,7.74,0,0.04,N,16,2024-06-03
44,99996,MORTGAGE,4.0,VENTURE,C,14400,12.23,0,0.14,Y,16,2024-03-19
38,54000,RENT,2.0,MEDICAL,D,14000,11.013786929274843,1,0.26,N,17,2024-07-01
48,62000,RENT,10.0,EDUCATION,B,14000,12.69,0,0.23,N,12,2024-11-05
41,62004,RENT,5.0,HOMEIMPROVEMENT,A,14000,8.9,0,0.23,N,17,2024-05-13
41,62500,RENT,4.0,EDUCATION,B,14000,10.25,0,0.22,N,16,2024-03-30
39,100000,MORTGAGE,5.0,VENTURE,B,12000,11.013786929274843,0,0.12,N,13,2024-05-28
36,100000,MORTGAGE,5.0,MEDICAL,A,9350,7.51,0,0.09,N,14,2024-01-20
45,100000,MORTGAGE,16.0,PERSONAL,A,16000,6.62,0,0.16,N,16,2024-09-08
38,59000,RENT,5.0,VENTURE,C,14000,13.8,1,0.24,N,14,2024-05-14
37,31200,OWN,1.0,VENTURE,A,6600,5.42,0,0.21,N,12,2024-06-18
37,100000,MORTGAGE,13.0,VENTURE,A,18400,5.99,0,0.18,N,15,2024-06-07
41,100000,MORTGAGE,10.0,EDUCATION,A,6000,8.49,0,0.06,N,15,2024-09-30
42,75000,RENT,12.0,HOMEIMPROVEMENT,A,14000,6.03,0,0.19,N,14,2024-04-16
37,88000,MORTGAGE,3.0,HOMEIMPROVEMENT,B,6000,11.99,1,0.07,N,12,2024-08-18
40,82000,RENT,2.0,MEDICAL,B,14000,10.37,0,0.17,N,13,2024-03-07
38,100000,MORTGAGE,5.0,PERSONAL,B,5500,10.37,0,0.06,N,13,2024-10-19
47,100000,MORTGAGE,4.0,EDUCATION,B,2500,9.99,0,0.03,N,15,2024-10-05
36,88000,MORTGAGE,1.0,DEBTCONSOLIDATION,C,7750,13.23,1,0.09,N,14,2024-05-02
37,101644,RENT,13.0,VENTURE,B,14000,11.013786929274843,0,0.14,N,13,2024-09-20
37,105000,RENT,6.0,DEBTCONSOLIDATION,A,14000,6.03,0,0.13,N,11,2024-02-14
36,100000,MORTGAGE,2.0,EDUCATION,A,8000,6.76,0,0.08,N,11,2024-12-03
36,100000,MORTGAGE,17.0,DEBTCONSOLIDATION,A,6000,7.14,0,0.06,N,17,2024-04-24
45,125004,RENT,7.0,EDUCATION,C,14000,12.61,0,0.11,N,12,2024-11-10
36,126251,RENT,16.0,HOMEIMPROVEMENT,A,14000,7.66,0,0.11,N,17,2024-03-07
36,130000,RENT,3.0,DEBTCONSOLIDATION,B,14000,10.37,0,0.11,N,14,2024-07-15
45,123000,RENT,2.0,EDUCATION,F,14000,11.013786929274843,1,0.11,N,17,2024-05-02
48,100000,MORTGAGE,3.0,DEBTCONSOLIDATION,B,15000,9.88,0,0.15,N,11,2024-10-02
39,100000,MORTGAGE,9.0,DEBTCONSOLIDATION,A,3000,7.14,0,0.03,N,11,2024-06-08
41,180000,RENT,16.0,DEBTCONSOLIDATION,A,14000,6.03,0,0.08,N,15,2024-10-29
42,100000,MORTGAGE,7.0,EDUCATION,C,5000,14.26,0,0.05,Y,15,2024-03-11
42,100000,MORTGAGE,16.0,DEBTCONSOLIDATION,C,4800,13.47,0,0.05,Y,13,2024-01-09
47,119000,RENT,5.0,PERSONAL,A,14250,7.66,0,0.12,N,16,2024-08-08
40,100010,MORTGAGE,11.0,MEDICAL,B,8000,9.99,0,0.08,N,15,2024-11-20
36,100111,MORTGAGE,5.0,VENTURE,C,20000,13.49,0,0.2,N,11,2024-12-04
38,100280,MORTGAGE,1.0,VENTURE,B,17850,11.99,0,0.18,N,17,2024-02-06
36,100671,MORTGAGE,6.0,MEDICAL,B,12000,11.013786929274843,0,0.12,N,14,2024-01-31
38,30120,RENT,1.0,HOMEIMPROVEMENT,D,14400,12.8,1,0.48,Y,17,2024-09-08
39,101000,MORTGAGE,17.0,EDUCATION,C,2500,13.47,0,0.02,Y,17,2024-01-05
36,101004,MORTGAGE,11.0,MEDICAL,A,12000,5.79,0,0.12,N,11,2024-07-24
46,101500,MORTGAGE,8.0,DEBTCONSOLIDATION,B,15000,11.14,0,0.15,N,14,2024-10-27
45,48000,RENT,5.0,PERSONAL,A,14400,8.49,0,0.3,N,15,2024-03-09
41,102000,OWN,5.0,EDUCATION,A,7000,6.92,0,0.07,N,12,2024-12-27
37,60000,RENT,4.0,MEDICAL,B,14400,10.62,0,0.24,N,15,2024-01-21
41,102300,MORTGAGE,9.0,MEDICAL,B,8800,11.58,0,0.09,N,11,2024-03-29
38,85000,RENT,1.0,VENTURE,B,14400,11.99,0,0.17,N,14,2024-12-20
39,96500,RENT,4.0,DEBTCONSOLIDATION,D,14400,15.2,1,0.15,N,11,2024-08-11
38,104800,MORTGAGE,6.0,HOMEIMPROVEMENT,A,14000,6.03,0,0.13,N,11,2024-07-04
42,42000,RENT,6.0,EDUCATION,D,14500,15.57,1,0.35,N,14,2024-02-28
41,105000,MORTGAGE,4.0,VENTURE,B,21000,10.25,0,0.2,N,15,2024-05-13
37,80004,RENT,7.0,MEDICAL,B,14500,11.26,0,0.18,N,14,2024-05-31
37,105000,MORTGAGE,2.0,EDUCATION,B,25000,12.18,0,0.24,N,15,2024-03-22
39,105000,MORTGAGE,1.0,DEBTCONSOLIDATION,A,9000,9.32,0,0.09,N,12,2024-09-14
41,46152,RENT,10.0,PERSONAL,B,14525,11.11,1,0.31,N,16,2024-08-18
43,93000,MORTGAGE,15.0,DEBTCONSOLIDATION,D,7500,12.86,1,0.08,Y,15,2024-05-04
46,80409,RENT,2.0,EDUCATION,A,14550,8.94,0,0.18,N,11,2024-08-21
46,105398,MORTGAGE,9.0,HOMEIMPROVEMENT,E,20700,17.43,0,0.2,N,12,2024-06-19
36,106000,MORTGAGE,15.0,HOMEIMPROVEMENT,A,4025,7.49,0,0.04,N,14,2024-08-03
38,106000,MORTGAGE,4.0,HOMEIMPROVEMENT,C,5000,12.99,0,0.05,Y,12,2024-08-30
48,94050,MORTGAGE,1.0,DEBTCONSOLIDATION,D,23000,14.96,1,0.24,Y,16,2024-05-11
46,107000,OWN,17.0,VENTURE,C,4000,13.49,0,0.04,N,14,2024-04-01
38,107004,MORTGAGE,11.0,VENTURE,B,15000,10.0,0,0.14,N,16,2024-01-29
36,107004,MORTGAGE,3.0,HOMEIMPROVEMENT,B,13000,11.83,0,0.12,N,15,2024-01-26
44,30000,OWN,3.0,VENTURE,B,7500,10.39,0,0.25,N,11,2024-03-01
36,108000,MORTGAGE,7.0,EDUCATION,A,14000,8.9,0,0.13,N,12,2024-02-07
44,108000,MORTGAGE,12.0,HOMEIMPROVEMENT,B,10000,11.11,0,0.09,N,11,2024-03-15
40,35416,RENT,15.0,MEDICAL,A,2000,6.91,0,0.06,N,14,2024-01-05
38,108000,MORTGAGE,7.0,VENTURE,A,4000,7.74,0,0.04,N,11,2024-12-03
36,108000,MORTGAGE,1.0,MEDICAL,A,7000,7.74,0,0.06,N,14,2024-10-23
43,108639,MORTGAGE,3.0,MEDICAL,B,18000,10.75,0,0.17,N,13,2024-06-17
47,109000,OWN,15.0,VENTURE,A,16000,7.05,0,0.15,N,14,2024-07-24
44,109000,MORTGAGE,17.0,MEDICAL,C,12800,13.79,0,0.12,Y,12,2024-02-13
42,110000,MORTGAGE,6.0,VENTURE,C,10800,14.27,0,0.1,N,17,2024-06-06
41,110000,MORTGAGE,7.0,VENTURE,B,30000,9.91,0,0.27,N,11,2024-11-29
36,110000,MORTGAGE,7.0,VENTURE,A,16000,6.03,0,0.15,N,12,2024-04-01
38,42000,RENT,3.0,PERSONAL,B,2000,10.38,0,0.05,N,17,2024-03-16
38,110000,MORTGAGE,16.0,MEDICAL,A,3000,8.49,0,0.03,N,17,2024-01-03
41,42000,RENT,5.0,DEBTCONSOLIDATION,C,2000,13.23,0,0.05,Y,15,2024-07-10
36,42000,RENT,2.0,VENTURE,B,2000,11.14,0,0.05,N,11,2024-11-30
40,110000,MORTGAGE,14.0,PERSONAL,B,5000,11.49,0,0.05,N,14,2024-06-09
36,110000,MORTGAGE,3.0,MEDICAL,A,9000,11.013786929274843,0,0.08,N,16,2024-03-04
38,110000,OWN,6.0,PERSONAL,C,12000,12.99,0,0.11,Y,11,2024-07-29
38,110000,MORTGAGE,5.0,PERSONAL,B,16000,11.99,0,0.15,N,17,2024-05-09
45,110000,MORTGAGE,5.0,PERSONAL,B,20000,11.11,0,0.18,N,16,2024-09-20
40,50000,RENT,3.0,PERSONAL,B,2000,11.49,0,0.04,N,17,2024-06-04
37,110000,MORTGAGE,11.0,HOMEIMPROVEMENT,A,12000,7.88,0,0.11,N,16,2024-10-12
48,110000,MORTGAGE,6.0,EDUCATION,A,6000,8.94,0,0.05,N,14,2024-12-13
36,44004,RENT,4.0,DEBTCONSOLIDATION,C,2000,13.61,1,0.05,Y,13,2024-02-27
36,110000,MORTGAGE,9.0,HOMEIMPROVEMENT,A,15000,9.63,0,0.14,N,15,2024-07-04
37,30000,RENT,6.0,PERSONAL,D,15000,11.013786929274843,1,0.5,N,12,2024-07-02
41,110004,MORTGAGE,7.0,EDUCATION,C,25000,12.73,0,0.23,Y,14,2024-10-01
41,28000,OWN,9.0,EDUCATION,A,2000,7.74,0,0.07,N,16,2024-06-03
40,28000,OWN,3.0,PERSONAL,D,12000,16.0,0,0.43,Y,14,2024-06-16
43,112000,MORTGAGE,14.0,PERSONAL,D,25000,14.96,0,0.22,Y,15,2024-06-12
45,100000,MORTGAGE,3.0,DEBTCONSOLIDATION,E,10000,16.0,1,0.1,Y,13,2024-09-02
38,112224,MORTGAGE,5.0,EDUCATION,A,25000,6.99,0,0.22,N,13,2024-08-04
42,101000,MORTGAGE,6.0,DEBTCONSOLIDATION,F,25000,16.15,1,0.25,Y,17,2024-11-21
40,114000,MORTGAGE,11.0,MEDICAL,A,6000,5.42,0,0.05,N,17,2024-11-17
42,114000,MORTGAGE,4.0,PERSONAL,B,19200,11.36,0,0.17,N,15,2024-08-17
40,114054,MORTGAGE,3.0,DEBTCONSOLIDATION,A,35000,8.9,0,0.31,N,14,2024-05-21
42,114996,MORTGAGE,2.0,VENTURE,A,2850,11.013786929274843,0,0.02,N,12,2024-02-20
39,114996,MORTGAGE,15.0,DEBTCONSOLIDATION,A,12500,6.54,0,0.11,N,11,2024-05-11
36,115000,MORTGAGE,13.0,VENTURE,A,10000,5.42,0,0.09,N,15,2024-03-18
44,115000,MORTGAGE,3.0,HOMEIMPROVEMENT,B,12000,11.013786929274843,0,0.1,N,14,2024-12-08
46,39000,RENT,2.0,DEBTCONSOLIDATION,B,15000,10.99,1,0.38,N,12,2024-03-11
39,115000,MORTGAGE,6.0,VENTURE,D,25000,15.58,0,0.22,Y,17,2024-05-18
45,115000,MORTGAGE,8.0,VENTURE,A,8000,8.94,0,0.07,N,11,2024-03-12
41,115000,MORTGAGE,2.0,PERSONAL,D,20000,14.61,0,0.17,N,11,2024-05-28
37,39000,RENT,5.0,PERSONAL,B,15000,10.96,1,0.38,N,12,2024-09-03
46,116000,MORTGAGE,6.0,DEBTCONSOLIDATION,A,10000,6.03,0,0.09,N,15,2024-08-05
46,104000,MORTGAGE,1.0,EDUCATION,E,30000,18.39,1,0.29,N,15,2024-10-04
45,47000,RENT,13.0,MEDICAL,E,15000,16.4,1,0.32,Y,11,2024-07-23
40,116000,MORTGAGE,3.0,VENTURE,C,12000,11.013786929274843,0,0.1,N,16,2024-08-27
38,117000,MORTGAGE,5.0,HOMEIMPROVEMENT,C,10700,14.27,0,0.09,Y,14,2024-04-25
36,117000,MORTGAGE,3.0,HOMEIMPROVEMENT,C,20400,13.06,0,0.17,N,11,2024-02-10
37,117000,MORTGAGE,15.0,HOMEIMPROVEMENT,C,8000,13.06,0,0.07,N,13,2024-04-29
37,117000,MORTGAGE,3.0,PERSONAL,A,10000,8.94,0,0.09,N,11,2024-08-28
38,117400,MORTGAGE,7.0,PERSONAL,B,16000,10.75,0,0.14,N,16,2024-07-27
37,39996,RENT,2.0,MEDICAL,A,1800,9.63,0,0.05,N,13,2024-10-11
38,118000,MORTGAGE,12.0,DEBTCONSOLIDATION,B,11400,10.59,0,0.1,N,12,2024-12-29
42,41000,RENT,2.0,HOMEIMPROVEMENT,E,15000,16.95,1,0.37,Y,15,2024-06-16
45,118000,MORTGAGE,15.0,HOMEIMPROVEMENT,B,25000,12.18,0,0.21,N,12,2024-09-18
41,118075,MORTGAGE,5.0,MEDICAL,B,28000,11.71,0,0.24,N,13,2024-05-12
45,118560,MORTGAGE,1.0,VENTURE,C,20000,11.013786929274843,0,0.17,N,15,2024-02-22
36,48000,RENT,8.0,MEDICAL,C,15000,13.98,1,0.31,N,15,2024-11-06
45,119004,MORTGAGE,13.0,PERSONAL,B,5000,11.49,0,0.04,N,13,2024-06-03
44,120000,MORTGAGE,6.0,HOMEIMPROVEMENT,A,4000,11.013786929274843,0,0.03,N,14,2024-02-10
36,120000,MORTGAGE,11.0,MEDICAL,A,30000,6.62,0,0.25,N,11,2024-11-24
40,108000,MORTGAGE,7.0,DEBTCONSOLIDATION,D,6000,17.27,1,0.06,N,16,2024-12-20
40,25920,OWN,2.0,HOMEIMPROVEMENT,D,4750,11.013786929274843,0,0.18,N,17,2024-12-15
36,50000,RENT,4.0,HOMEIMPROVEMENT,A,15000,8.9,0,0.3,N,14,2024-08-20
39,108000,MORTGAGE,3.0,HOMEIMPROVEMENT,A,12000,6.99,1,0.11,N,13,2024-12-20
36,120000,MORTGAGE,12.0,DEBTCONSOLIDATION,A,14500,5.42,0,0.12,N,15,2024-03-26
37,120000,MORTGAGE,5.0,PERSONAL,A,5400,5.99,0,0.04,N,17,2024-10-23
39,108000,MORTGAGE,6.0,EDUCATION,D,30000,16.49,1,0.28,Y,11,2024-08-20
37,50000,RENT,1.0,HOMEIMPROVEMENT,C,15000,13.22,0,0.3,Y,11,2024-05-21
40,120000,MORTGAGE,6.0,PERSONAL,B,9600,10.59,0,0.08,N,14,2024-08-20
47,120000,MORTGAGE,9.0,EDUCATION,B,15000,10.99,0,0.13,N,12,2024-12-11
37,25000,OWN,2.0,VENTURE,B,5000,9.91,0,0.2,N,11,2024-01-12
39,108000,MORTGAGE,2.0,HOMEIMPROVEMENT,D,20000,14.54,1,0.19,Y,14,2024-01-04
40,25000,OWN,2.0,VENTURE,A,8500,7.51,0,0.34,N,11,2024-12-06
39,120000,MORTGAGE,9.0,MEDICAL,A,12000,5.79,0,0.1,N,11,2024-09-11
41,120000,MORTGAGE,8.0,MEDICAL,B,20000,10.25,0,0.17,N,11,2024-02-03
38,120000,MORTGAGE,2.0,DEBTCONSOLIDATION,B,24250,11.013786929274843,0,0.2,N,12,2024-06-13
36,120000,MORTGAGE,5.0,HOMEIMPROVEMENT,B,25000,10.99,0,0.21,N,11,2024-05-29
40,120000,OWN,15.0,MEDICAL,B,20000,11.013786929274843,0,0.17,N,11,2024-01-24
38,120000,OWN,11.0,VENTURE,D,23600,14.96,0,0.2,Y,13,2024-02-01
39,25000,OWN,16.0,PERSONAL,A,8000,7.51,0,0.32,N,14,2024-02-10
47,25000,OWN,2.0,PERSONAL,C,10750,14.22,0,0.43,Y,16,2024-04-20
40,120000,MORTGAGE,2.0,VENTURE,B,17000,10.51,0,0.14,N,15,2024-07-02
42,108000,MORTGAGE,14.0,VENTURE,D,14400,13.67,1,0.13,Y,16,2024-08-29
36,53550,RENT,1.0,MEDICAL,B,1600,12.21,1,0.03,N,16,2024-12-30
37,120996,MORTGAGE,14.0,HOMEIMPROVEMENT,A,4000,7.66,0,0.03,N,15,2024-10-26
39,121200,MORTGAGE,16.0,VENTURE,A,1450,6.76,0,0.01,N,17,2024-10-31
43,122500,MORTGAGE,4.0,EDUCATION,A,9150,6.03,0,0.07,N,12,2024-08-17
37,123000,MORTGAGE,1.0,PERSONAL,C,35000,14.27,0,0.28,Y,16,2024-08-27
46,17496,RENT,6.0,HOMEIMPROVEMENT,B,1500,11.14,1,0.09,N,13,2024-03-13
38,123600,MORTGAGE,16.0,EDUCATION,A,12000,6.92,0,0.1,N,14,2024-08-19
42,123735,MORTGAGE,8.0,DEBTCONSOLIDATION,A,6400,6.99,0,0.05,N,16,2024-11-26
37,124000,MORTGAGE,4.0,HOMEIMPROVEMENT,E,30000,17.99,0,0.24,N,12,2024-03-23
36,124000,MORTGAGE,2.0,DEBTCONSOLIDATION,C,2000,12.99,0,0.02,Y,16,2024-08-04
38,124000,MORTGAGE,8.0,VENTURE,D,12000,11.013786929274843,0,0.1,N,16,2024-08-23
37,124000,MORTGAGE,4.0,HOMEIMPROVEMENT,C,19000,13.92,0,0.15,Y,16,2024-09-22
41,24000,OWN,3.0,EDUCATION,C,4500,12.99,0,0.19,Y,14,2024-07-23
42,125000,MORTGAGE,5.0,MEDICAL,A,35000,7.9,0,0.28,N,12,2024-01-16
42,24000,OWN,10.0,MEDICAL,A,5000,11.013786929274843,0,0.21,N,11,2024-09-01
39,125000,MORTGAGE,13.0,DEBTCONSOLIDATION,A,4500,6.62,0,0.04,N,11,2024-01-24
36,125000,MORTGAGE,14.0,MEDICAL,A,14500,11.013786929274843,0,0.12,N,16,2024-09-01
39,25140,RENT,8.0,DEBTCONSOLIDATION,C,1500,14.22,1,0.06,Y,13,2024-11-26
40,125000,MORTGAGE,3.0,PERSONAL,A,10200,7.49,0,0.08,N,13,2024-01-20
40,54000,RENT,4.0,PERSONAL,C,15000,14.26,0,0.28,N,12,2024-04-09
41,125000,MORTGAGE,7.0,DEBTCONSOLIDATION,C,20000,13.11,0,0.16,Y,13,2024-02-17
45,125000,MORTGAGE,14.0,PERSONAL,B,10000,11.013786929274843,0,0.08,N,12,2024-05-29
42,113000,MORTGAGE,11.0,EDUCATION,D,24000,15.31,1,0.21,Y,15,2024-11-12
37,125000,MORTGAGE,1.0,HOMEIMPROVEMENT,A,8000,9.32,0,0.06,N,15,2024-08-01
42,57000,RENT,4.0,MEDICAL,C,15000,13.43,0,0.26,Y,12,2024-06-14
40,52000,RENT,2.0,EDUCATION,F,15000,18.62,1,0.29,Y,17,2024-01-22
45,126000,MORTGAGE,5.0,VENTURE,B,6000,10.65,0,0.05,N,12,2024-02-14
44,58000,RENT,2.0,HOMEIMPROVEMENT,C,15000,13.48,0,0.26,Y,15,2024-09-28
39,126000,MORTGAGE,3.0,MEDICAL,B,14000,9.99,0,0.11,N,14,2024-01-14
38,126000,MORTGAGE,3.0,EDUCATION,D,2400,11.013786929274843,0,0.02,Y,14,2024-12-30
40,115000,MORTGAGE,16.0,HOMEIMPROVEMENT,B,10000,11.11,1,0.09,N,11,2024-09-12
46,60000,RENT,10.0,MEDICAL,C,15000,13.49,0,0.25,N,17,2024-07-10
38,130000,MORTGAGE,1.0,HOMEIMPROVEMENT,B,30000,9.91,0,0.23,N,14,2024-05-12
46,60000,RENT,9.0,VENTURE,D,15000,16.32,0,0.25,N,13,2024-03-05
36,60000,RENT,2.0,VENTURE,B,15000,11.013786929274843,0,0.25,N,16,2024-11-07
45,118000,MORTGAGE,11.0,EDUCATION,C,9600,13.99,1,0.08,Y,12,2024-03-14
38,130000,MORTGAGE,8.0,DEBTCONSOLIDATION,B,11000,10.74,0,0.08,N,11,2024-01-04
36,130000,MORTGAGE,9.0,PERSONAL,B,12000,11.013786929274843,0,0.09,N,14,2024-09-29
40,100300,MORTGAGE,2.0,MEDICAL,D,25000,14.83,1,0.21,N,16,2024-11-26
39,130000,OWN,13.0,HOMEIMPROVEMENT,D,25000,16.07,0,0.19,N,14,2024-11-02
36,65000,RENT,7.0,MEDICAL,B,15000,10.59,0,0.23,N,17,2024-09-20
41,132000,MORTGAGE,3.0,DEBTCONSOLIDATION,C,8000,13.49,0,0.06,Y,17,2024-09-27
40,132000,MORTGAGE,7.0,HOMEIMPROVEMENT,A,7500,7.29,0,0.06,N,15,2024-07-20
36,65000,RENT,7.0,MEDICAL,C,15000,13.72,0,0.23,N,11,2024-01-06
42,60000,RENT,1.0,PERSONAL,E,15000,11.013786929274843,1,0.25,Y,15,2024-02-01
36,123000,MORTGAGE,1.0,DEBTCONSOLIDATION,D,2500,14.91,1,0.02,Y,14,2024-07-27
41,135000,MORTGAGE,2.0,MEDICAL,B,20000,9.25,0,0.15,N,13,2024-10-12
36,62962,RENT,2.0,EDUCATION,B,15000,11.71,1,0.24,N,13,2024-10-22
40,136000,MORTGAGE,5.0,HOMEIMPROVEMENT,B,21000,9.99,0,0.15,N,16,2024-03-13
42,136173,MORTGAGE,2.0,EDUCATION,A,8000,6.62,0,0.06,N,15,2024-01-06
43,138000,MORTGAGE,4.0,HOMEIMPROVEMENT,A,9900,6.99,0,0.07,N,14,2024-07-16
38,71000,RENT,14.0,MEDICAL,B,15000,8.88,0,0.21,N,15,2024-09-27
45,139380,OWN,4.0,HOMEIMPROVEMENT,A,9000,7.51,0,0.06,N,12,2024-05-28
45,140000,MORTGAGE,9.0,HOMEIMPROVEMENT,A,7500,6.62,0,0.05,N,15,2024-07-29
38,140000,MORTGAGE,13.0,HOMEIMPROVEMENT,D,10000,15.62,0,0.07,N,11,2024-04-25
48,140000,MORTGAGE,4.0,EDUCATION,B,18000,9.99,0,0.13,N,11,2024-05-31
38,72900,RENT,3.0,PERSONAL,C,15000,12.68,0,0.21,N,12,2024-02-17
41,108800,MORTGAGE,2.0,MEDICAL,E,15000,17.88,1,0.12,N,16,2024-12-27
41,140000,MORTGAGE,3.0,VENTURE,C,25000,13.8,0,0.18,Y,12,2024-02-01
37,74000,RENT,7.0,PERSONAL,B,15000,11.71,0,0.2,N,11,2024-04-07
38,140000,MORTGAGE,1.0,PERSONAL,D,10000,14.09,0,0.07,N,16,2024-09-09
37,140000,MORTGAGE,15.0,HOMEIMPROVEMENT,A,14000,7.51,0,0.1,N,12,2024-12-02
37,74784,RENT,8.0,HOMEIMPROVEMENT,E,15000,14.5,0,0.2,N,15,2024-07-02
40,75000,RENT,6.0,EDUCATION,A,15000,7.29,0,0.2,N,11,2024-05-22
39,128000,MORTGAGE,12.0,HOMEIMPROVEMENT,C,20000,13.11,1,0.16,Y,15,2024-03-02
36,140000,OWN,13.0,VENTURE,B,20800,11.48,0,0.15,N,11,2024-03-08
44,140000,OWN,14.0,VENTURE,B,21500,11.83,0,0.15,N,14,2024-10-27
38,140000,OWN,13.0,VENTURE,B,24000,12.18,0,0.17,N,15,2024-05-17
38,140000,MORTGAGE,2.0,MEDICAL,B,8000,10.95,0,0.06,N,14,2024-01-15
36,140004,MORTGAGE,4.0,DEBTCONSOLIDATION,A,10000,6.92,0,0.07,N,11,2024-07-23
38,20004,OWN,2.0,PERSONAL,B,6250,11.013786929274843,0,0.31,N,12,2024-08-03
42,140400,MORTGAGE,6.0,PERSONAL,B,14000,10.99,0,0.1,N,14,2024-12-07
43,141000,MORTGAGE,9.0,VENTURE,C,15000,12.53,0,0.11,N,16,2024-04-17
36,141600,MORTGAGE,4.0,HOMEIMPROVEMENT,B,6000,11.49,0,0.04,N,16,2024-04-29
40,142000,MORTGAGE,8.0,VENTURE,B,15000,10.99,0,0.11,N,14,2024-11-05
47,75000,RENT,3.0,HOMEIMPROVEMENT,C,15000,13.48,0,0.2,Y,17,2024-10-04
40,142000,MORTGAGE,2.0,PERSONAL,D,25000,15.31,0,0.18,N,14,2024-12-13
43,142500,MORTGAGE,7.0,MEDICAL,B,20000,11.49,0,0.14,N,15,2024-05-22
36,144000,MORTGAGE,1.0,DEBTCONSOLIDATION,A,21000,7.9,0,0.15,N,16,2024-11-21
37,144000,MORTGAGE,15.0,EDUCATION,C,10000,14.17,0,0.07,Y,14,2024-07-07
41,144000,MORTGAGE,3.0,HOMEIMPROVEMENT,B,25000,10.08,0,0.17,N,11,2024-03-07
36,145000,MORTGAGE,4.0,PERSONAL,B,5000,9.62,0,0.03,N,16,2024-05-22
43,145000,MORTGAGE,1.0,VENTURE,A,20000,6.91,0,0.14,N,17,2024-05-31
40,145000,MORTGAGE,5.0,DEBTCONSOLIDATION,A,15000,7.88,0,0.1,N,15,2024-02-05
37,146000,MORTGAGE,5.0,DEBTCONSOLIDATION,C,10000,13.99,0,0.07,Y,16,2024-12-24
40,148350,MORTGAGE,11.0,HOMEIMPROVEMENT,A,5000,6.03,0,0.03,N,16,2024-07-27
36,81996,RENT,4.0,PERSONAL,D,15000,14.09,0,0.18,N,16,2024-12-18
39,150000,MORTGAGE,9.0,EDUCATION,A,30000,8.9,0,0.2,N,15,2024-03-26
40,150000,MORTGAGE,2.0,PERSONAL,C,20000,12.99,0,0.13,N,14,2024-11-20
36,150000,OWN,8.0,VENTURE,A,7200,6.92,0,0.05,N,13,2024-11-23
36,150000,MORTGAGE,5.0,EDUCATION,A,7000,7.29,0,0.05,N,15,2024-01-21
40,150000,MORTGAGE,5.0,PERSONAL,B,12000,10.37,0,0.08,N,12,2024-10-16
44,150000,MORTGAGE,17.0,PERSONAL,C,25000,13.43,0,0.17,N,17,2024-05-22
38,150000,MORTGAGE,3.0,DEBTCONSOLIDATION,B,7500,10.0,0,0.05,N,13,2024-09-17
36,150000,MORTGAGE,8.0,EDUCATION,A,3000,7.29,0,0.02,N,17,2024-10-20
45,88000,RENT,12.0,HOMEIMPROVEMENT,D,15000,14.83,0,0.17,Y,12,2024-08-24
37,150000,MORTGAGE,9.0,EDUCATION,C,10000,13.48,0,0.07,N,12,2024-10-16
38,150000,MORTGAGE,5.0,MEDICAL,B,12000,11.14,0,0.08,N,17,2024-08-29
41,150000,OWN,10.0,VENTURE,B,24500,11.83,0,0.16,N,17,2024-02-12
37,117300,MORTGAGE,12.0,MEDICAL,A,10000,11.013786929274843,1,0.07,N,11,2024-07-26
39,138000,MORTGAGE,3.0,HOMEIMPROVEMENT,B,20000,11.14,1,0.14,N,12,2024-01-13
37,92500,RENT,1.0,EDUCATION,A,15000,7.49,0,0.16,N,14,2024-09-14
40,150000,MORTGAGE,1.0,EDUCATION,A,7500,8.07,0,0.05,N,15,2024-02-12
38,151000,MORTGAGE,8.0,DEBTCONSOLIDATION,A,35000,8.9,0,0.23,N,12,2024-07-05
41,141000,MORTGAGE,12.0,DEBTCONSOLIDATION,D,25000,14.96,1,0.18,N,13,2024-04-23
36,155000,MORTGAGE,9.0,DEBTCONSOLIDATION,A,30000,7.9,0,0.19,N,17,2024-02-11
36,155000,MORTGAGE,12.0,VENTURE,B,25000,10.74,0,0.16,N,11,2024-12-06
37,155000,MORTGAGE,11.0,HOMEIMPROVEMENT,A,20000,6.54,0,0.13,N,15,2024-10-01
40,36100,RENT,9.0,VENTURE,B,15250,12.53,1,0.42,N,16,2024-06-25
47,156000,MORTGAGE,5.0,EDUCATION,B,18000,11.99,0,0.12,N,17,2024-12-05
37,156000,MORTGAGE,16.0,HOMEIMPROVEMENT,A,4000,8.49,0,0.03,N,15,2024-08-27
39,156000,MORTGAGE,2.0,DEBTCONSOLIDATION,B,15000,11.89,0,0.1,N,11,2024-10-12
40,160000,MORTGAGE,3.0,EDUCATION,C,12000,14.27,0,0.07,Y,17,2024-12-25
38,160000,MORTGAGE,12.0,VENTURE,A,14000,6.62,0,0.09,N,13,2024-01-10
36,42000,RENT,7.0,PERSONAL,B,15600,11.013786929274843,1,0.37,N,14,2024-04-06
37,53000,RENT,3.0,MEDICAL,C,15600,11.013786929274843,0,0.29,N,15,2024-11-18
37,160000,MORTGAGE,14.0,HOMEIMPROVEMENT,A,10000,7.51,0,0.06,N,13,2024-10-04
36,160000,MORTGAGE,5.0,EDUCATION,C,10000,12.73,0,0.06,Y,15,2024-10-15
40,56472,RENT,4.0,EDUCATION,B,15775,10.59,0,0.28,N,14,2024-01-24
42,153000,MORTGAGE,7.0,EDUCATION,G,25000,20.53,1,0.16,N,14,2024-11-16
36,75996,RENT,6.0,MEDICAL,A,16000,8.94,0,0.21,N,12,2024-11-04
47,168000,MORTGAGE,13.0,EDUCATION,A,8775,8.49,0,0.05,N,12,2024-08-15
36,170000,MORTGAGE,13.0,VENTURE,A,25000,7.51,0,0.15,N,13,2024-08-13
41,170000,MORTGAGE,11.0,MEDICAL,B,20000,11.11,0,0.12,N,11,2024-12-04
46,82000,RENT,2.0,EDUCATION,B,16000,10.99,0,0.2,N,16,2024-05-21
41,88712,RENT,2.0,VENTURE,B,16000,10.95,0,0.18,N,15,2024-03-16
42,175000,MORTGAGE,12.0,PERSONAL,C,7000,12.99,0,0.04,Y,13,2024-11-26
44,175000,MORTGAGE,9.0,HOMEIMPROVEMENT,A,15000,7.66,0,0.09,N,17,2024-04-29
41,138550,MORTGAGE,8.0,MEDICAL,D,23000,14.96,1,0.14,N,12,2024-11-03
44,140787,MORTGAGE,3.0,MEDICAL,D,35000,16.49,1,0.21,Y,15,2024-07-01
41,180000,OWN,13.0,MEDICAL,A,14000,5.99,0,0.08,N,11,2024-10-08
37,181000,MORTGAGE,11.0,DEBTCONSOLIDATION,C,20000,13.85,0,0.11,Y,17,2024-11-16
40,182004,MORTGAGE,7.0,HOMEIMPROVEMENT,D,25000,16.07,0,0.14,Y,12,2024-02-25
38,100000,RENT,2.0,HOMEIMPROVEMENT,A,16000,11.013786929274843,0,0.16,N,11,2024-05-05
48,185000,MORTGAGE,2.0,VENTURE,F,10000,20.62,0,0.05,N,14,2024-07-06
37,185000,MORTGAGE,15.0,VENTURE,B,4000,10.0,0,0.02,N,11,2024-11-21
47,187000,MORTGAGE,5.0,HOMEIMPROVEMENT,A,14000,8.9,0,0.07,N,16,2024-12-23
37,108996,RENT,15.0,EDUCATION,C,16000,13.11,0,0.15,Y,13,2024-10-03
38,98000,RENT,4.0,DEBTCONSOLIDATION,E,16000,16.4,1,0.16,Y,15,2024-03-09
43,195000,MORTGAGE,4.0,EDUCATION,C,10000,12.73,0,0.05,N,12,2024-04-08
40,14400,OWN,10.0,HOMEIMPROVEMENT,A,8000,7.14,1,0.56,N,12,2024-02-07
36,120000,RENT,2.0,HOMEIMPROVEMENT,C,16000,13.06,0,0.13,N,16,2024-05-20
37,200000,MORTGAGE,3.0,EDUCATION,D,10000,13.8,0,0.05,N,16,2024-04-14
47,204000,MORTGAGE,6.0,EDUCATION,C,10000,13.06,0,0.05,Y,13,2024-12-30
37,205000,MORTGAGE,3.0,EDUCATION,B,18000,10.39,0,0.09,N,14,2024-08-02
36,171870,MORTGAGE,4.0,MEDICAL,D,9400,15.62,1,0.05,Y,11,2024-05-24
42,224000,MORTGAGE,16.0,EDUCATION,B,25000,11.86,0,0.11,N,15,2024-11-17
40,250000,MORTGAGE,8.0,EDUCATION,A,28000,7.9,0,0.11,N,13,2024-05-03
37,250000,MORTGAGE,2.0,EDUCATION,C,34000,14.79,0,0.14,N,16,2024-08-31
37,74000,RENT,9.0,HOMEIMPROVEMENT,C,19200,12.87,1,0.26,Y,12,2024-10-17
36,238000,MORTGAGE,2.0,DEBTCONSOLIDATION,E,25000,15.95,1,0.11,N,17,2024-05-23
45,89000,RENT,5.0,PERSONAL,B,19200,11.013786929274843,0,0.22,N,12,2024-10-04
40,275004,MORTGAGE,2.0,MEDICAL,B,24500,10.99,0,0.09,N,13,2024-01-21
36,290000,MORTGAGE,6.0,PERSONAL,D,25000,15.65,0,0.09,N,16,2024-05-01
40,300000,MORTGAGE,3.0,VENTURE,C,16000,14.17,0,0.05,Y,14,2024-05-07
40,33600,RENT,8.0,EDUCATION,E,19275,14.5,1,0.57,N,11,2024-02-26
42,316800,MORTGAGE,3.0,PERSONAL,D,19400,11.013786929274843,0,0.06,Y,13,2024-02-06
36,261800,MORTGAGE,16.0,MEDICAL,B,24000,10.62,1,0.08,N,16,2024-06-09
39,310400,MORTGAGE,13.0,DEBTCONSOLIDATION,D,15000,15.65,1,0.05,Y,11,2024-03-23
39,325000,MORTGAGE,14.0,PERSONAL,D,18000,14.96,0,0.06,Y,14,2024-01-25
42,360000,MORTGAGE,11.0,EDUCATION,B,25000,9.99,0,0.07,N,14,2024-03-15
45,54000,RENT,1.0,DEBTCONSOLIDATION,B,19425,11.99,1,0.36,N,17,2024-03-12
41,381450,MORTGAGE,10.0,MEDICAL,C,35000,13.49,0,0.09,Y,14,2024-05-31
41,444000,MORTGAGE,4.0,EDUCATION,D,2500,15.31,0,0.01,N,11,2024-12-08
40,550000,MORTGAGE,4.0,VENTURE,B,18000,11.12,0,0.03,N,12,2024-07-26
40,550000,MORTGAGE,5.0,MEDICAL,B,8000,10.75,0,0.01,N,14,2024-03-31
37,600000,OWN,11.0,HOMEIMPROVEMENT,B,16000,10.25,0,0.03,N,14,2024-07-03
42,499800,OWN,4.0,MEDICAL,F,24000,18.43,1,0.04,Y,11,2024-08-08
42,600000,OTHER,2.0,EDUCATION,D,25000,14.74,0,0.04,N,11,2024-06-11
43,780000,MORTGAGE,2.0,HOMEIMPROVEMENT,A,1000,8.94,0,0.0,N,11,2024-01-04
38,37440,RENT,14.0,VENTURE,C,19750,13.92,1,0.53,N,16,2024-08-02
37,800000,MORTGAGE,10.0,DEBTCONSOLIDATION,B,15000,11.36,0,0.02,N,17,2024-12-08
36,828000,MORTGAGE,3.0,HOMEIMPROVEMENT,B,4200,11.013786929274843,0,0.01,N,16,2024-11-05
42,39000,RENT,4.0,HOMEIMPROVEMENT,B,19750,10.65,1,0.51,N,14,2024-06-04
37,900000,MORTGAGE,5.0,PERSONAL,C,25000,12.87,0,0.03,Y,13,2024-03-10
47,1362000,MORTGAGE,9.0,VENTURE,A,6600,7.74,0,0.0,N,17,2024-05-26
36,9600,MORTGAGE,1.0,VENTURE,B,3250,11.49,1,0.34,N,15,2024-02-18
44,1440000,MORTGAGE,7.0,DEBTCONSOLIDATION,A,6400,7.4,0,0.0,N,15,2024-11-13
46,8088,RENT,15.0,MEDICAL,D,1600,14.42,1,0.2,Y,11,2024-08-17
37,6000,OWN,3.0,VENTURE,A,1300,6.03,1,0.22,N,11,2024-07-05
36,28800,RENT,2.0,MEDICAL,C,6000,15.96,0,0.21,Y,13,2024-02-26
44,36000,MORTGAGE,6.0,EDUCATION,A,1000,7.51,0,0.03,N,17,2024-01-10
47,48000,RENT,14.0,DEBTCONSOLIDATION,C,2500,14.65,0,0.05,Y,17,2024-08-31
43,46000,RENT,3.0,EDUCATION,B,5000,10.38,1,0.11,N,15,2024-06-30
39,70000,MORTGAGE,7.0,VENTURE,A,12500,7.9,0,0.18,N,13,2024-02-11
37,25000,RENT,6.0,EDUCATION,B,7500,10.99,0,0.3,N,15,2024-07-14
44,94128,MORTGAGE,14.0,MEDICAL,A,4400,7.29,0,0.05,N,11,2024-06-22
42,85000,RENT,3.0,MEDICAL,C,5750,12.99,0,0.07,Y,14,2024-08-22
37,74784,RENT,8.0,HOMEIMPROVEMENT,E,15000,14.5,0,0.2,N,11,2024-11-22
46,47000,MORTGAGE,5.0,PERSONAL,A,6000,7.14,0,0.13,N,14,2024-08-20
44,88000,RENT,8.0,EDUCATION,B,8000,10.38,0,0.09,N,11,2024-11-19
40,38000,RENT,4.0,DEBTCONSOLIDATION,D,7000,15.99,1,0.18,N,16,2024-10-29
38,160000,MORTGAGE,12.0,EDUCATION,A,14000,6.62,0,0.09,N,16,2024-07-07
48,19200,OWN,1.0,MEDICAL,C,7000,11.013786929274843,1,0.36,N,16,2024-11-19
38,55000,MORTGAGE,16.0,DEBTCONSOLIDATION,A,11700,7.66,0,0.21,N,13,2024-09-10
36,20004,RENT,1.0,EDUCATION,B,4375,10.74,0,0.22,N,11,2024-05-12
41,110000,MORTGAGE,7.0,VENTURE,B,30000,9.91,0,0.27,N,17,2024-07-07
38,130000,MORTGAGE,1.0,DEBTCONSOLIDATION,B,30000,9.91,0,0.23,N,11,2024-09-06
36,155000,MORTGAGE,9.0,MEDICAL,A,30000,7.9,0,0.19,N,14,2024-08-03
39,84000,OWN,12.0,VENTURE,A,9875,7.51,0,0.12,N,14,2024-10-29
37,33280,RENT,2.0,VENTURE,C,8400,13.92,0,0.25,Y,17,2024-05-28
47,65000,RENT,1.0,MEDICAL,C,3100,13.49,0,0.05,N,16,2024-03-25
38,110000,OWN,6.0,VENTURE,C,12000,12.99,0,0.11,N,11,2024-11-15
43,97500,RENT,6.0,PERSONAL,B,24000,10.99,0,0.25,N,16,2024-11-01
46,90000,MORTGAGE,5.0,DEBTCONSOLIDATION,A,20000,6.91,0,0.22,N,15,2024-08-23
37,48000,RENT,3.0,MEDICAL,D,7500,16.29,0,0.16,Y,12,2024-08-18
42,360000,MORTGAGE,11.0,HOMEIMPROVEMENT,B,25000,9.99,0,0.07,N,17,2024-04-12
37,60000,RENT,1.0,MEDICAL,D,10000,15.99,1,0.17,Y,17,2024-03-12
43,50000,MORTGAGE,11.0,EDUCATION,A,11500,11.013786929274843,0,0.23,N,11,2024-11-17
41,140000,MORTGAGE,2.0,EDUCATION,E,15000,17.88,0,0.11,N,11,2024-10-28
36,45600,MORTGAGE,6.0,VENTURE,C,10000,13.49,0,0.22,Y,15,2024-06-21
36,50000,RENT,6.0,VENTURE,C,7200,13.98,0,0.14,N,17,2024-01-31
36,52000,RENT,2.0,EDUCATION,C,7000,13.85,1,0.13,Y,14,2024-09-30
48,41500,RENT,3.0,MEDICAL,A,5000,7.29,0,0.12,N,14,2024-06-15
36,38568,RENT,7.0,EDUCATION,E,2400,18.39,0,0.06,Y,13,2024-12-26
36,33600,RENT,3.0,EDUCATION,B,12000,11.36,1,0.36,N,16,2024-07-11
38,47004,RENT,2.0,VENTURE,C,4775,11.013786929274843,0,0.1,Y,14,2024-12-29
36,62000,RENT,3.0,HOMEIMPROVEMENT,B,8000,11.12,0,0.13,N,12,2024-03-16
36,56900,MORTGAGE,16.0,MEDICAL,G,6200,11.013786929274843,1,0.11,N,13,2024-03-14
38,17108,MORTGAGE,7.0,EDUCATION,A,4375,7.51,1,0.26,N,13,2024-08-28
37,75000,RENT,3.0,HOMEIMPROVEMENT,C,10000,11.013786929274843,0,0.13,Y,17,2024-12-14
44,140000,OWN,14.0,MEDICAL,B,21500,11.83,0,0.15,N,11,2024-07-14
41,69000,RENT,15.0,DEBTCONSOLIDATION,D,4000,16.29,1,0.06,N,13,2024-02-07
47,44004,RENT,2.0,PERSONAL,B,8000,11.013786929274843,1,0.18,N,15,2024-06-30
37,45000,RENT,1.0,DEBTCONSOLIDATION,B,9000,11.71,1,0.2,N,16,2024-10-04
44,57000,RENT,1.0,PERSONAL,B,4200,11.013786929274843,0,0.07,N,11,2024-04-12
37,100000,MORTGAGE,3.0,VENTURE,B,6000,11.99,0,0.06,N,13,2024-03-09
41,40000,RENT,3.0,PERSONAL,A,9200,7.49,0,0.23,N,15,2024-08-17
47,37000,MORTGAGE,6.0,HOMEIMPROVEMENT,A,7400,8.0,0,0.2,N,15,2024-08-20
36,110000,MORTGAGE,3.0,EDUCATION,A,9000,11.013786929274843,0,0.08,N,13,2024-12-31
39,31200,RENT,2.0,EDUCATION,B,6400,11.49,0,0.21,N,16,2024-12-16
44,60000,MORTGAGE,4.0,HOMEIMPROVEMENT,B,15000,11.013786929274843,0,0.25,N,11,2024-11-24
40,63996,MORTGAGE,8.0,EDUCATION,B,12000,10.25,0,0.19,N,12,2024-10-01
36,48000,MORTGAGE,3.0,MEDICAL,C,1500,13.92,1,0.03,N,11,2024-05-14
39,40000,RENT,5.0,EDUCATION,D,6000,14.54,0,0.15,N,11,2024-05-26
42,39996,MORTGAGE,2.0,HOMEIMPROVEMENT,A,2500,5.42,0,0.06,N,12,2024-09-01
38,65000,MORTGAGE,6.0,PERSONAL,C,11500,13.92,0,0.18,N,14,2024-04-21
41,95000,OWN,2.0,MEDICAL,C,21600,13.92,0,0.23,Y,12,2024-07-27
40,50000,MORTGAGE,5.0,PERSONAL,D,6000,14.96,0,0.12,N,15,2024-01-10
38,104800,MORTGAGE,6.0,VENTURE,A,14000,6.03,0,0.13,N,14,2024-11-16
36,120000,MORTGAGE,12.0,HOMEIMPROVEMENT,A,14500,5.42,0,0.12,N,13,2024-05-09
36,130000,MORTGAGE,9.0,MEDICAL,B,12000,11.013786929274843,0,0.09,N,14,2024-03-27
39,55059,RENT,16.0,HOMEIMPROVEMENT,B,24000,12.53,1,0.44,N,11,2024-05-26
41,21600,OWN,1.0,EDUCATION,C,3500,13.61,0,0.16,Y,13,2024-12-01
37,72000,MORTGAGE,9.0,PERSONAL,C,1600,13.92,0,0.02,N,12,2024-12-08
45,45000,MORTGAGE,14.0,EDUCATION,A,14000,6.62,0,0.31,N,12,2024-12-31
38,74237,MORTGAGE,4.0,DEBTCONSOLIDATION,C,18000,14.35,0,0.24,N,17,2024-01-21
39,182500,RENT,2.0,HOMEIMPROVEMENT,A,12500,5.42,0,0.07,N,11,2024-07-08
38,20004,OWN,2.0,HOMEIMPROVEMENT,B,6250,11.013786929274843,0,0.31,N,15,2024-03-05
36,214200,MORTGAGE,4.0,HOMEIMPROVEMENT,D,9400,15.62,0,0.04,Y,12,2024-02-15
40,30000,RENT,2.0,VENTURE,B,10625,11.013786929274843,1,0.35,N,13,2024-02-14
40,74004,MORTGAGE,12.0,EDUCATION,A,7125,6.62,0,0.1,N,14,2024-02-02
41,38500,RENT,6.0,DEBTCONSOLIDATION,A,7500,8.49,0,0.19,N,12,2024-04-06
37,97000,MORTGAGE,7.0,DEBTCONSOLIDATION,A,10000,11.013786929274843,0,0.1,N,15,2024-02-15
40,42996,OWN,15.0,EDUCATION,D,15000,16.0,0,0.35,Y,17,2024-04-22
36,828000,MORTGAGE,3.0,MEDICAL,B,4200,11.013786929274843,0,0.01,N,13,2024-02-26
47,18000,RENT,4.0,MEDICAL,A,2000,7.29,0,0.11,N,11,2024-05-17
38,80000,RENT,9.0,EDUCATION,B,2500,10.99,0,0.03,N,13,2024-07-16
42,114000,MORTGAGE,4.0,DEBTCONSOLIDATION,B,19200,11.36,0,0.17,N,17,2024-02-17
38,81000,MORTGAGE,3.0,DEBTCONSOLIDATION,C,10000,14.27,0,0.12,N,11,2024-07-29
42,65000,OWN,6.0,VENTURE,A,22750,8.9,0,0.35,N,17,2024-10-05
48,28000,MORTGAGE,7.0,EDUCATION,A,7500,7.74,0,0.27,N,17,2024-09-07
38,60000,OWN,2.0,PERSONAL,D,6000,14.96,0,0.1,N,11,2024-08-24
36,53126,RENT,1.0,MEDICAL,D,8000,11.013786929274843,1,0.15,N,11,2024-02-19
36,250000,RENT,2.0,DEBTCONSOLIDATION,A,20000,7.88,0,0.08,N,17,2024-08-21
37,55900,MORTGAGE,1.0,EDUCATION,B,17000,8.7,0,0.3,N,11,2024-06-17
38,74000,RENT,9.0,MEDICAL,C,9000,12.84,0,0.12,Y,15,2024-07-20
46,60000,MORTGAGE,7.0,PERSONAL,A,3600,6.99,0,0.06,N,13,2024-10-03
39,201000,RENT,6.0,VENTURE,B,13500,11.49,0,0.07,N,16,2024-02-02
39,37800,RENT,5.0,DEBTCONSOLIDATION,B,7000,11.49,0,0.19,N,16,2024-06-14
45,69600,OWN,11.0,VENTURE,A,6000,7.9,0,0.09,N,12,2024-03-09
36,65000,MORTGAGE,3.0,EDUCATION,A,6500,5.79,0,0.1,N,12,2024-10-09
38,118000,MORTGAGE,12.0,PERSONAL,B,11400,10.59,0,0.1,N,16,2024-01-12
40,40000,OWN,12.0,MEDICAL,B,13750,8.88,0,0.34,N,14,2024-01-21
38,30000,RENT,2.0,PERSONAL,C,2200,11.013786929274843,0,0.07,Y,15,2024-05-06
36,29000,RENT,9.0,VENTURE,B,1200,12.42,0,0.04,N,11,2024-05-29
42,125000,MORTGAGE,5.0,VENTURE,A,35000,7.9,0,0.28,N,17,2024-06-20
40,32878,RENT,6.0,HOMEIMPROVEMENT,C,13775,12.98,1,0.42,N,11,2024-09-11
37,780000,RENT,9.0,VENTURE,B,7500,12.18,0,0.01,N,13,2024-06-02
37,88000,RENT,4.0,EDUCATION,G,25000,19.66,1,0.28,Y,15,2024-12-21
40,70000,MORTGAGE,6.0,EDUCATION,A,18000,7.9,0,0.26,N,14,2024-02-18
40,233000,MORTGAGE,6.0,VENTURE,B,15000,11.83,0,0.06,N,12,2024-12-10
43,400000,MORTGAGE,5.0,HOMEIMPROVEMENT,B,28000,9.91,0,0.07,N,11,2024-12-24
40,125000,MORTGAGE,3.0,HOMEIMPROVEMENT,A,10200,7.49,0,0.08,N,14,2024-08-04
41,42000,RENT,2.0,MEDICAL,A,5000,7.49,0,0.12,N,12,2024-10-08
36,51000,MORTGAGE,4.0,EDUCATION,B,4775,11.14,0,0.09,N,11,2024-01-22
38,30000,RENT,6.0,DEBTCONSOLIDATION,A,8000,11.013786929274843,0,0.27,N,12,2024-05-06
47,52000,MORTGAGE,4.0,DEBTCONSOLIDATION,A,12000,7.29,0,0.23,N,13,2024-10-20
43,55000,MORTGAGE,14.0,DEBTCONSOLIDATION,A,10000,6.03,0,0.18,N,11,2024-01-07
42,78000,MORTGAGE,6.0,VENTURE,B,20000,10.99,0,0.26,N,12,2024-08-17
42,100000,MORTGAGE,7.0,EDUCATION,C,5000,14.26,0,0.05,N,12,2024-06-06
37,73000,RENT,4.0,HOMEIMPROVEMENT,B,11500,12.21,0,0.16,N,13,2024-04-29
37,63000,RENT,1.0,EDUCATION,A,14900,9.63,0,0.24,N,17,2024-05-18
41,54000,MORTGAGE,6.0,HOMEIMPROVEMENT,C,5000,13.23,1,0.09,N,12,2024-04-06
38,66000,MORTGAGE,8.0,DEBTCONSOLIDATION,D,5000,12.92,1,0.08,N,16,2024-08-08
43,55000,RENT,3.0,DEBTCONSOLIDATION,B,11750,10.99,0,0.21,N,16,2024-02-25
40,45996,RENT,4.0,DEBTCONSOLIDATION,D,20000,14.61,1,0.43,Y,13,2024-09-04
47,52000,RENT,3.0,MEDICAL,B,6000,10.99,0,0.12,N,14,2024-11-09
41,100000,RENT,3.0,VENTURE,B,12000,10.74,0,0.12,N,12,2024-12-13
45,119004,MORTGAGE,13.0,VENTURE,B,5000,11.49,0,0.04,N,13,2024-10-27
43,46000,RENT,2.0,MEDICAL,D,13000,15.7,1,0.28,Y,15,2024-01-24
41,38200,RENT,4.0,MEDICAL,E,8875,19.03,0,0.23,Y,11,2024-10-22
42,31000,MORTGAGE,5.0,DEBTCONSOLIDATION,B,7200,11.99,0,0.23,N,16,2024-02-10
41,103000,MORTGAGE,2.0,DEBTCONSOLIDATION,D,20000,14.61,1,0.19,Y,16,2024-04-19
40,136000,MORTGAGE,5.0,EDUCATION,B,21000,9.99,0,0.15,N,13,2024-05-31
36,42000,OWN,2.0,VENTURE,C,2000,15.62,0,0.05,Y,14,2024-07-15
40,68000,RENT,12.0,VENTURE,A,7000,7.51,0,0.1,N,16,2024-10-23
36,29500,OWN,4.0,HOMEIMPROVEMENT,B,1250,11.83,0,0.04,N,11,2024-01-12
37,12360,RENT,3.0,VENTURE,B,4000,9.99,1,0.32,N,13,2024-01-12
36,72800,RENT,3.0,HOMEIMPROVEMENT,D,24000,14.09,1,0.33,N,16,2024-01-18
44,120000,MORTGAGE,6.0,VENTURE,A,4000,11.013786929274843,0,0.03,N,14,2024-12-14
37,54000,MORTGAGE,10.0,PERSONAL,D,8000,11.013786929274843,0,0.15,N,15,2024-01-28
42,30000,RENT,5.0,VENTURE,D,8000,14.96,0,0.27,Y,12,2024-04-12
40,95000,OWN,12.0,MEDICAL,B,5000,10.65,0,0.05,N,11,2024-06-29
37,186000,OWN,7.0,VENTURE,A,3000,6.39,0,0.02,N,13,2024-01-12
37,45000,RENT,1.0,MEDICAL,A,7200,9.63,0,0.16,N,11,2024-04-17
36,80000,MORTGAGE,9.0,VENTURE,C,6000,11.013786929274843,0,0.07,Y,14,2024-05-28
39,35000,RENT,8.0,MEDICAL,C,8000,13.22,0,0.23,N,16,2024-08-02
37,65000,RENT,7.0,EDUCATION,A,9000,6.91,0,0.14,N,14,2024-04-12
41,30000,RENT,3.0,PERSONAL,A,8875,5.42,0,0.3,N,16,2024-01-07
41,381450,MORTGAGE,10.0,PERSONAL,C,35000,13.49,0,0.09,Y,16,2024-07-20
45,42320,MORTGAGE,6.0,HOMEIMPROVEMENT,C,7475,13.49,0,0.18,N,13,2024-11-05
37,130000,RENT,2.0,VENTURE,B,13000,9.88,0,0.1,N,14,2024-09-27
37,90000,RENT,15.0,HOMEIMPROVEMENT,A,12000,7.51,0,0.13,N,11,2024-11-27
36,34000,MORTGAGE,2.0,PERSONAL,B,5000,10.65,0,0.15,N,15,2024-03-15
44,51850,RENT,7.0,MEDICAL,D,10000,14.11,1,0.16,N,12,2024-05-31
37,58000,RENT,9.0,VENTURE,B,18200,10.99,1,0.31,N,17,2024-05-15
42,52400,MORTGAGE,14.0,PERSONAL,B,21000,10.38,0,0.4,N,15,2024-04-18
37,24000,RENT,2.0,DEBTCONSOLIDATION,C,5000,14.65,0,0.21,Y,15,2024-10-29
46,336000,OWN,11.0,EDUCATION,B,9000,11.49,0,0.03,N,14,2024-09-24
44,83000,OTHER,2.0,PERSONAL,D,12000,16.0,1,0.14,Y,12,2024-10-08
36,36000,RENT,3.0,DEBTCONSOLIDATION,B,2500,9.76,0,0.07,N,12,2024-07-30
41,102300,MORTGAGE,9.0,EDUCATION,B,8800,11.58,0,0.09,N,11,2024-03-23
38,78000,MORTGAGE,8.0,VENTURE,A,6250,6.76,0,0.08,N,16,2024-03-14
39,50000,MORTGAGE,1.0,PERSONAL,A,8000,7.68,0,0.16,N,11,2024-03-06
36,84996,MORTGAGE,11.0,PERSONAL,B,3500,12.69,0,0.04,N,13,2024-10-22
41,24000,RENT,2.0,MEDICAL,D,4000,16.07,1,0.17,N,16,2024-03-01
38,126000,MORTGAGE,3.0,VENTURE,D,2400,11.013786929274843,0,0.02,N,14,2024-01-08
36,31000,RENT,2.0,PERSONAL,D,8000,14.11,1,0.26,N,14,2024-10-07
37,50000,RENT,1.0,DEBTCONSOLIDATION,C,15000,13.22,0,0.3,Y,15,2024-06-28
38,30000,MORTGAGE,8.0,HOMEIMPROVEMENT,C,10000,11.22,0,0.33,Y,14,2024-09-16
42,32000,RENT,5.0,DEBTCONSOLIDATION,B,10000,11.71,1,0.31,N,14,2024-12-17
36,15000,OWN,2.0,HOMEIMPROVEMENT,C,5000,13.92,1,0.33,N,11,2024-05-09
36,145000,MORTGAGE,4.0,DEBTCONSOLIDATION,B,5000,9.62,0,0.03,N,12,2024-01-30
36,72000,MORTGAGE,3.0,VENTURE,A,8000,6.92,0,0.11,N,16,2024-04-30
36,16800,RENT,2.0,VENTURE,C,1200,13.06,0,0.07,N,14,2024-07-06
47,53808,MORTGAGE,4.0,HOMEIMPROVEMENT,B,15000,11.71,0,0.28,N,16,2024-12-01
36,60000,RENT,2.0,HOMEIMPROVEMENT,B,15000,11.013786929274843,0,0.25,N,12,2024-03-23
37,85000,RENT,5.0,DEBTCONSOLIDATION,A,35000,8.9,1,0.41,N,17,2024-02-24
36,32004,RENT,3.0,MEDICAL,B,5000,10.62,0,0.16,N,13,2024-01-26
41,56004,RENT,4.0,VENTURE,B,12800,11.48,0,0.23,N,12,2024-11-10
40,73000,RENT,2.0,PERSONAL,D,9975,16.29,1,0.14,Y,17,2024-07-11
37,26500,RENT,11.0,MEDICAL,C,2000,13.16,0,0.08,N,12,2024-03-04
47,50000,MORTGAGE,3.0,VENTURE,C,4000,11.013786929274843,0,0.08,Y,17,2024-09-03
46,60000,MORTGAGE,1.0,HOMEIMPROVEMENT,C,5000,11.72,0,0.08,N,13,2024-12-18
44,61000,RENT,2.0,DEBTCONSOLIDATION,D,11000,16.02,1,0.18,Y,12,2024-01-25
37,42000,RENT,2.0,MEDICAL,C,8400,13.49,0,0.2,N,14,2024-06-28
46,72194,RENT,8.0,HOMEIMPROVEMENT,B,17000,8.88,0,0.24,N,14,2024-02-13
36,24000,MORTGAGE,2.0,MEDICAL,A,1500,9.63,0,0.06,N,14,2024-01-07
41,52106,RENT,4.0,EDUCATION,C,5000,12.84,1,0.1,N,13,2024-01-08
38,18000,RENT,4.0,PERSONAL,C,3000,13.23,1,0.17,N,17,2024-01-04
36,24168,RENT,2.0,MEDICAL,C,9925,13.06,1,0.41,Y,12,2024-09-08
40,55000,RENT,14.0,EDUCATION,A,18000,7.88,1,0.33,N,14,2024-06-02
40,148350,MORTGAGE,11.0,VENTURE,A,5000,6.03,0,0.03,N,11,2024-11-05
39,97000,RENT,15.0,DEBTCONSOLIDATION,B,3000,9.25,0,0.03,N,13,2024-08-06
40,59484,MORTGAGE,13.0,DEBTCONSOLIDATION,A,5500,7.14,0,0.09,N,14,2024-09-18
48,140000,MORTGAGE,4.0,EDUCATION,B,18000,9.99,0,0.13,N,12,2024-01-29
37,30000,RENT,7.0,PERSONAL,B,10000,9.25,1,0.33,N,13,2024-10-04
36,98240,MORTGAGE,4.0,VENTURE,E,20000,16.35,0,0.2,Y,12,2024-11-07
46,88400,MORTGAGE,1.0,MEDICAL,E,30000,18.39,1,0.29,N,16,2024-04-29
40,64200,RENT,2.0,DEBTCONSOLIDATION,A,3000,7.74,0,0.05,N,17,2024-11-09
36,24000,OWN,5.0,VENTURE,C,4000,14.72,0,0.17,Y,12,2024-11-21
38,65000,RENT,2.0,MEDICAL,A,7000,7.88,0,0.11,N,17,2024-09-19
36,31000,RENT,2.0,VENTURE,A,2500,8.9,0,0.08,N,15,2024-07-10
36,60000,MORTGAGE,2.0,VENTURE,C,8000,13.92,0,0.13,Y,14,2024-11-07
41,45840,RENT,5.0,DEBTCONSOLIDATION,B,4600,10.99,0,0.1,N,14,2024-08-07
38,55000,RENT,2.0,PERSONAL,B,14000,11.48,0,0.25,N,14,2024-12-07
38,20640,RENT,2.0,DEBTCONSOLIDATION,C,3500,12.61,0,0.17,Y,12,2024-10-21
39,64000,RENT,9.0,HOMEIMPROVEMENT,C,4800,12.73,0,0.07,Y,11,2024-07-23
39,73000,MORTGAGE,3.0,DEBTCONSOLIDATION,A,10000,7.51,0,0.14,N,13,2024-03-16
36,180000,OTHER,11.0,PERSONAL,B,20000,11.48,1,0.11,N,15,2024-12-29
42,70000,RENT,6.0,PERSONAL,B,12000,11.013786929274843,0,0.17,N,17,2024-12-05
36,59617,MORTGAGE,14.0,PERSONAL,D,21000,15.62,0,0.35,N,14,2024-10-22
47,100000,MORTGAGE,4.0,VENTURE,B,2500,9.99,0,0.03,N,16,2024-12-05
40,150000,MORTGAGE,5.0,PERSONAL,B,12000,10.37,0,0.08,N,15,2024-12-30
40,54000,RENT,7.0,PERSONAL,B,12000,10.62,0,0.22,N,17,2024-09-10
40,24000,RENT,3.0,PERSONAL,C,2700,14.27,0,0.11,Y,11,2024-03-25
41,113000,RENT,1.0,PERSONAL,D,12000,16.0,1,0.11,N,15,2024-02-09
40,50000,MORTGAGE,1.0,PERSONAL,B,12000,11.013786929274843,0,0.24,N,17,2024-04-03
37,60000,MORTGAGE,4.0,EDUCATION,C,12000,12.73,0,0.2,Y,17,2024-01-24
40,100010,MORTGAGE,11.0,PERSONAL,B,8000,9.99,0,0.08,N,17,2024-05-10
38,95000,OWN,6.0,VENTURE,E,14000,17.74,0,0.15,Y,17,2024-09-26
44,48000,MORTGAGE,12.0,HOMEIMPROVEMENT,B,17500,12.18,0,0.36,N,11,2024-09-16
39,24000,RENT,1.0,DEBTCONSOLIDATION,A,8500,7.49,1,0.35,N,12,2024-12-16
43,138000,MORTGAGE,4.0,EDUCATION,A,9900,6.99,0,0.07,N,14,2024-02-01
42,75000,RENT,6.0,MEDICAL,A,17000,7.9,0,0.23,N,13,2024-02-06
37,80000,MORTGAGE,8.0,DEBTCONSOLIDATION,A,13000,6.62,0,0.16,N,16,2024-12-19
41,92000,MORTGAGE,15.0,EDUCATION,A,12000,7.66,0,0.13,N,13,2024-12-29
41,70000,RENT,2.0,EDUCATION,A,10000,7.88,0,0.14,N,17,2024-07-12
36,430000,RENT,2.0,EDUCATION,C,25000,13.8,0,0.06,N,11,2024-07-21
44,95000,MORTGAGE,4.0,EDUCATION,B,10000,10.95,0,0.11,N,11,2024-12-02
40,65000,RENT,1.0,HOMEIMPROVEMENT,B,5000,9.63,0,0.08,N,17,2024-04-13
41,37000,MORTGAGE,3.0,VENTURE,C,6000,12.99,0,0.16,N,11,2024-04-04
39,52273,RENT,3.0,EDUCATION,B,5000,11.013786929274843,0,0.1,N,12,2024-08-27
37,65000,RENT,7.0,HOMEIMPROVEMENT,C,12000,13.98,0,0.18,N,12,2024-09-26
43,43000,MORTGAGE,5.0,PERSONAL,B,15000,8.88,0,0.35,N,15,2024-04-19
43,350000,MORTGAGE,3.0,PERSONAL,B,18000,11.49,0,0.05,N,14,2024-10-31
40,46000,MORTGAGE,5.0,MEDICAL,A,10000,7.9,0,0.22,N,16,2024-09-11
39,45000,MORTGAGE,3.0,PERSONAL,C,12000,14.72,0,0.27,N,13,2024-06-27
36,65000,MORTGAGE,1.0,DEBTCONSOLIDATION,B,7000,11.49,0,0.11,N,15,2024-02-22
40,86500,MORTGAGE,2.0,DEBTCONSOLIDATION,B,10000,10.25,0,0.12,N,14,2024-11-09
47,47000,MORTGAGE,9.0,MEDICAL,A,7500,6.62,0,0.16,N,13,2024-01-17
44,38400,MORTGAGE,4.0,HOMEIMPROVEMENT,A,6825,8.9,0,0.18,N,11,2024-07-25
37,40000,OWN,1.0,HOMEIMPROVEMENT,B,15000,11.48,0,0.38,N,17,2024-07-17
37,68480,RENT,2.0,MEDICAL,C,3600,15.23,0,0.05,Y,11,2024-12-08
36,93000,RENT,1.0,MEDICAL,C,12000,13.48,0,0.13,N,13,2024-12-30
40,52479,RENT,17.0,HOMEIMPROVEMENT,D,6600,14.54,1,0.13,N,17,2024-09-25
36,135000,MORTGAGE,1.0,VENTURE,D,2500,14.91,0,0.02,N,17,2024-06-03
38,36000,MORTGAGE,3.0,HOMEIMPROVEMENT,C,6000,13.99,0,0.17,Y,12,2024-08-28
39,73000,MORTGAGE,2.0,EDUCATION,B,5000,11.86,1,0.07,N,16,2024-08-21
36,61000,MORTGAGE,2.0,VENTURE,B,10000,10.25,0,0.16,N,14,2024-04-27
42,45000,RENT,1.0,MEDICAL,B,18200,10.83,1,0.4,N,16,2024-10-25
39,325000,MORTGAGE,14.0,PERSONAL,D,18000,14.96,0,0.06,Y,17,2024-05-15
42,13200,RENT,4.0,VENTURE,C,2500,11.013786929274843,1,0.19,Y,15,2024-10-24
38,59475,MORTGAGE,10.0,MEDICAL,D,18125,14.84,1,0.26,Y,13,2024-04-27
37,21600,RENT,7.0,MEDICAL,B,3000,12.18,0,0.14,N,14,2024-09-19
38,67870,MORTGAGE,6.0,MEDICAL,B,5000,11.013786929274843,0,0.07,N,13,2024-01-29
39,40000,OWN,4.0,VENTURE,B,1000,10.37,0,0.03,N,16,2024-12-01
37,46680,MORTGAGE,6.0,VENTURE,D,8000,15.21,0,0.17,N,15,2024-04-03
42,64464,MORTGAGE,13.0,MEDICAL,E,30000,19.03,1,0.4,N,14,2024-04-28
41,24000,MORTGAGE,5.0,DEBTCONSOLIDATION,A,1500,11.013786929274843,0,0.06,N,14,2024-02-04
37,32000,RENT,4.0,MEDICAL,C,10000,13.79,1,0.31,N,14,2024-08-30
39,150000,MORTGAGE,9.0,MEDICAL,A,30000,8.9,0,0.2,N,11,2024-06-09
37,21600,RENT,4.0,MEDICAL,D,3800,11.013786929274843,1,0.18,N,11,2024-09-18
41,90000,MORTGAGE,3.0,PERSONAL,A,3000,7.14,0,0.03,N,17,2024-02-16
45,60000,RENT,4.0,EDUCATION,B,25000,9.99,1,0.42,N,14,2024-05-16
48,66000,RENT,6.0,HOMEIMPROVEMENT,B,6000,11.89,0,0.09,N,16,2024-10-13
38,40000,MORTGAGE,5.0,PERSONAL,A,10000,5.99,0,0.25,N,17,2024-05-23
46,60000,RENT,9.0,HOMEIMPROVEMENT,D,15000,16.32,0,0.25,N,16,2024-07-20
46,56000,MORTGAGE,1.0,MEDICAL,A,6000,11.013786929274843,0,0.11,N,13,2024-10-30
43,11340,RENT,4.0,EDUCATION,C,1950,11.013786929274843,1,0.17,N,11,2024-09-29
41,24000,OWN,3.0,EDUCATION,C,4500,12.99,0,0.19,Y,12,2024-10-17
42,38400,RENT,4.0,MEDICAL,B,13000,11.013786929274843,1,0.34,N,17,2024-02-13
45,64000,MORTGAGE,3.0,PERSONAL,A,6000,7.29,0,0.09,N,12,2024-06-08
43,112000,MORTGAGE,14.0,PERSONAL,D,25000,14.96,0,0.22,N,16,2024-03-01
36,44000,RENT,4.0,DEBTCONSOLIDATION,D,8000,17.49,1,0.18,N,15,2024-01-13
40,33000,MORTGAGE,2.0,HOMEIMPROVEMENT,B,1000,11.013786929274843,0,0.03,N,15,2024-02-05
37,90000,MORTGAGE,11.0,DEBTCONSOLIDATION,A,4000,6.62,0,0.04,N,15,2024-08-05
42,600000,OTHER,2.0,HOMEIMPROVEMENT,D,25000,14.74,0,0.04,Y,16,2024-11-22
38,110000,MORTGAGE,5.0,MEDICAL,B,16000,11.99,0,0.15,N,13,2024-02-19
42,101000,MORTGAGE,6.0,DEBTCONSOLIDATION,F,25000,16.15,1,0.25,Y,14,2024-01-11
40,52000,RENT,2.0,EDUCATION,F,15000,18.62,1,0.29,Y,16,2024-01-14
